# Configuration automatically generated by WRITE_CONFIG()
connection eth
ip 192.168.1.11
samplehz 1000.000000
settleus 100.000000
nsample 128

# Analog Inputs
aichannel 4
ainegative 5
airange 0.100000
airesolution 0

aichannel 6
ainegative 7
airange 0.100000
airesolution 0

aichannel 8
ainegative 9
airange 0.010000
airesolution 0

aichannel 10
ailabel final
aiunits inches
aical 2.5
aizero -0.5
ainegative 11
airange 0.010000
airesolution 0


## End Configuration ##
#: Thu Aug 16 17:28:49 2018
-1.057724e-01	-1.057755e-01	-1.055084e-02	-1.055052e-02
-5.131337e-02	-4.241541e-05	2.695267e-05	2.158876e-05
1.440514e-05	-1.380967e-06	1.780247e-05	2.979239e-05
-6.766737e-05	-5.188489e-05	-4.285573e-06	8.967791e-06
-1.307973e-04	-1.497363e-04	1.685590e-05	1.622485e-05
-1.118583e-04	-1.244843e-04	1.464723e-05	1.559380e-05
-6.816255e-03	4.106254e-03	-1.037069e-04	2.884582e-05
-6.538483e-03	3.424279e-03	-1.258006e-04	2.916134e-05
-6.263868e-03	-5.026522e-03	-1.258006e-04	2.853029e-05
-6.181799e-03	3.067505e-03	-9.771007e-05	2.663715e-05
7.408445e-02	5.996188e-02	6.294210e-03	5.492779e-03
-7.873484e-04	6.373188e-03	7.324648e-04	7.330959e-04
-8.378522e-04	5.931168e-03	8.523641e-04	7.280475e-04
-5.600807e-04	9.498906e-03	3.822078e-03	4.912530e-03
4.755057e-02	-1.434134e-02	-1.054958e-02	-1.055052e-02
-9.097158e-02	-1.057724e-01	-1.055084e-02	-1.055021e-02
-1.057724e-01	-1.057724e-01	-1.055052e-02	-1.055052e-02
-1.057755e-01	-1.057692e-01	-1.055052e-02	-1.055084e-02
-5.188489e-05	-6.451087e-05	2.600610e-05	2.663715e-05
4.282075e-05	3.019159e-05	2.569058e-05	2.316638e-05
-6.800275e-04	-2.191792e-04	9.914363e-06	1.654037e-05
-9.923233e-05	-1.465798e-04	1.464723e-05	1.527827e-05
-1.023888e-04	-4.557191e-05	2.537505e-05	2.884582e-05
-6.699464e-03	4.816644e-03	-1.125444e-04	2.853029e-05
-6.402754e-03	4.655622e-03	-1.504192e-04	2.916134e-05
-6.238616e-03	2.855967e-03	-1.229599e-04	2.884582e-05
-6.630022e-03	5.609124e-03	-2.245907e-04	2.758372e-05
-1.162971e-03	6.733119e-03	2.216060e-03	1.064396e-03
-8.915127e-04	6.499480e-03	7.813711e-04	6.964951e-04
-6.989665e-04	6.572098e-03	1.774326e-03	3.080596e-03
-5.127332e-04	1.589558e-02	5.549258e-03	7.426311e-03
8.207554e-02	1.623656e-02	-1.054958e-02	-1.055021e-02
-9.836725e-02	-1.057724e-01	-1.055052e-02	-1.055084e-02
-1.057755e-01	-1.057724e-01	-1.055084e-02	-1.055084e-02
-1.053115e-01	-1.057755e-01	-1.055052e-02	-1.055084e-02
-1.400695e-05	-4.241541e-05	2.411295e-05	2.853029e-05
-2.663293e-05	-1.716344e-05	2.285086e-05	2.821477e-05
-1.623622e-04	-1.749882e-04	1.338513e-05	1.212303e-05
-1.118583e-04	-1.307973e-04	1.433170e-05	1.401618e-05
-8.694172e-04	-2.725437e-03	-1.033913e-04	2.821477e-05
-6.595300e-03	3.026460e-03	-1.387411e-04	2.884582e-05
-6.349093e-03	-3.571377e-03	-1.595722e-04	2.884582e-05
-6.124982e-03	4.712454e-03	-1.160162e-04	2.916134e-05
-7.895776e-03	1.011014e-01	1.012941e-02	1.012941e-02
-1.178754e-03	5.830134e-03	1.576492e-03	1.315238e-03
-7.999743e-04	5.874337e-03	1.182718e-03	7.170042e-04
-5.285157e-04	6.587884e-03	3.003293e-03	3.579125e-03
-4.874813e-04	-2.943570e-02	-7.346946e-03	-9.587240e-03
-8.873047e-02	-1.057724e-01	-1.055052e-02	-1.055084e-02
-1.057724e-01	-1.057724e-01	-1.055115e-02	-1.055084e-02
-1.057724e-01	-1.057787e-01	-1.055052e-02	-1.055052e-02
-1.019593e-01	-1.057724e-01	-6.771249e-03	-4.594785e-05
-4.872840e-05	1.440514e-05	2.411295e-05	2.632162e-05
-3.610242e-05	-2.347644e-05	2.285086e-05	-5.548066e-06
-1.055453e-04	-1.118583e-04	1.590932e-05	1.401618e-05
-1.213278e-04	-1.276408e-04	1.717142e-05	1.654037e-05
-6.828881e-03	-3.965939e-03	-1.276943e-04	2.853029e-05
-6.529014e-03	-4.625647e-03	-1.381099e-04	2.979239e-05
-6.260712e-03	4.914520e-03	-1.340068e-04	2.884582e-05
-6.169173e-03	3.013831e-03	-1.264318e-04	2.789924e-05
8.398255e-02	6.871705e-02	7.071662e-03	6.223533e-03
-7.936613e-04	6.382660e-03	7.201594e-04	7.091161e-04
-8.346958e-04	5.798561e-03	9.186242e-04	7.028056e-04
-5.316722e-04	9.868309e-03	3.506870e-03	4.574288e-03
4.621188e-02	-1.271574e-02	-1.054958e-02	-1.055052e-02
-9.093054e-02	-1.057692e-01	-1.055084e-02	-1.055052e-02
-1.057724e-01	-1.057692e-01	-1.055052e-02	-1.055052e-02
-1.057755e-01	-1.057724e-01	-1.055084e-02	-1.055052e-02
1.756243e-05	-5.504139e-05	2.285086e-05	2.537505e-05
2.703430e-05	-2.031994e-05	2.947687e-05	2.316638e-05
-3.990994e-04	-8.029336e-05	1.338513e-05	1.464723e-05
-1.023888e-04	-1.497363e-04	1.401618e-05	1.401618e-05
-1.244843e-04	-1.718317e-04	2.632162e-05	2.853029e-05
-6.680525e-03	4.223073e-03	-1.226443e-04	2.916134e-05
-6.386972e-03	4.118883e-03	-9.013512e-05	2.916134e-05
-6.210207e-03	-1.778488e-03	-9.360697e-05	2.947687e-05
-6.544796e-03	4.813487e-03	-1.923971e-04	2.726820e-05
-1.178754e-03	6.944658e-03	1.520644e-03	9.681614e-04
-9.514861e-04	6.628929e-03	1.440501e-03	7.248922e-04
-6.863405e-04	6.543682e-03	1.757603e-03	2.944921e-03
-5.253592e-04	1.734162e-02	5.560932e-03	7.276437e-03
8.112520e-02	1.745212e-02	-1.054926e-02	-1.055052e-02
-9.849351e-02	-1.057724e-01	-1.055084e-02	-1.055052e-02
-1.057724e-01	-1.057724e-01	-1.055084e-02	-1.055084e-02
-1.039006e-01	-1.057724e-01	-1.055052e-02	-1.055052e-02
-5.819789e-05	3.334888e-05	2.095771e-05	2.537505e-05
-8.029336e-05	-2.347644e-05	2.821477e-05	2.505953e-05
-1.686752e-04	-1.371103e-04	1.496275e-05	1.496275e-05
-1.244843e-04	-1.307973e-04	1.590932e-05	1.559380e-05
1.756243e-05	1.179445e-03	-3.584790e-05	2.884582e-05
-6.595300e-03	-1.765862e-03	-9.707882e-05	2.916134e-05
-6.317528e-03	-4.872840e-05	-8.729450e-05	2.884582e-05
-6.162860e-03	-2.185676e-03	-7.751018e-05	2.884582e-05
-7.782142e-03	1.011014e-01	1.012941e-02	1.012941e-02
-1.102998e-03	5.760674e-03	1.285894e-03	8.858097e-04
-8.062873e-04	5.678584e-03	1.185558e-03	7.050143e-04
-5.285157e-04	7.225657e-03	2.847739e-03	3.200811e-03
-6.105846e-04	1.342658e-02	-7.206178e-03	-9.447735e-03
-8.940911e-02	-1.057692e-01	-1.055052e-02	-1.055052e-02
-1.057755e-01	-1.057755e-01	-1.055052e-02	-1.055052e-02
-1.057724e-01	-1.057724e-01	-1.055021e-02	-1.055084e-02
-1.017510e-01	-1.057724e-01	-4.977878e-03	2.884582e-05
-6.135438e-05	3.334888e-05	2.379743e-05	3.010791e-05
-6.135438e-05	-7.398037e-05	2.569058e-05	1.306961e-05
-1.118583e-04	-7.713686e-05	1.370065e-05	1.969561e-05
-1.244843e-04	-1.371103e-04	1.496275e-05	1.843352e-05
-6.731029e-03	3.585301e-03	-5.667904e-05	2.916134e-05
-6.513231e-03	4.523016e-03	-9.960381e-05	2.916134e-05
-6.314372e-03	-4.205833e-03	-9.139760e-05	2.916134e-05
-6.191269e-03	4.365152e-03	-8.129766e-05	2.695267e-05
9.515304e-02	7.295413e-02	7.503300e-03	6.376878e-03
-1.033555e-03	6.578412e-03	7.397219e-04	7.315183e-04
-8.567913e-04	5.776461e-03	8.564659e-04	7.289941e-04
-6.042716e-04	9.315783e-03	3.641914e-03	4.536425e-03
4.285252e-02	-1.697386e-02	-1.054989e-02	-1.055021e-02
-9.031187e-02	-1.057724e-01	-1.055084e-02	-1.055052e-02
-1.057755e-01	-1.057724e-01	-1.055052e-02	-1.055052e-02
-1.057724e-01	-1.057755e-01	-1.055052e-02	-1.055052e-02
-2.327422e-02	-3.610242e-05	2.285086e-05	2.569058e-05
4.933267e-06	-2.031994e-05	2.064219e-05	2.663715e-05
-7.082387e-05	-1.907707e-04	1.117646e-05	1.622485e-05
-1.276408e-04	-1.244843e-04	1.843352e-05	1.464723e-05
-1.371103e-04	-1.844577e-04	2.632162e-05	2.884582e-05
-6.743656e-03	-2.327718e-03	-1.210662e-04	2.853029e-05
-6.459571e-03	-2.321405e-03	-1.475786e-04	2.853029e-05
-6.244929e-03	-4.916044e-03	-1.608347e-04	2.916134e-05
-6.513231e-03	-4.786628e-03	-2.485780e-04	2.726820e-05
-1.065120e-03	7.231972e-03	1.413051e-03	2.319552e-03
-1.109311e-03	6.619457e-03	1.271696e-03	7.037522e-04
-6.831840e-04	6.531053e-03	1.452491e-03	2.568185e-03
-4.306644e-04	1.575981e-02	5.234049e-03	7.195032e-03
8.026642e-02	1.594609e-02	-1.054958e-02	-1.055052e-02
-9.789377e-02	-1.057724e-01	-1.055052e-02	-1.055052e-02
-1.057724e-01	-1.057787e-01	-1.055052e-02	-1.055084e-02
-1.056051e-01	-1.057724e-01	-1.055084e-02	-1.055084e-02
3.019159e-05	-1.400695e-05	2.821477e-05	2.032666e-05
-7.693958e-06	-1.380967e-06	2.348191e-05	2.379743e-05
-1.465798e-04	-1.560493e-04	1.275408e-05	1.306961e-05
-1.276408e-04	-1.244843e-04	1.717142e-05	1.527827e-05
8.386553e-05	3.863142e-03	-7.182896e-05	2.884582e-05
-6.686838e-03	1.583579e-03	-1.507348e-04	2.884582e-05
-6.361719e-03	-4.852915e-03	-1.406348e-04	2.916134e-05
-6.140765e-03	-6.958100e-04	-1.608347e-04	2.853029e-05
-7.794769e-03	8.686516e-02	1.012941e-02	1.012941e-02
-9.988336e-04	6.338458e-03	8.078751e-04	7.488721e-04
-8.725737e-04	6.600514e-03	9.230415e-04	7.053298e-04
-5.064203e-04	6.505795e-03	2.800726e-03	3.287896e-03
-5.095768e-04	-9.272008e-03	-7.290134e-03	-9.533900e-03
-8.814652e-02	-1.057724e-01	-1.055052e-02	-1.055052e-02
-1.057755e-01	-1.057755e-01	-1.055084e-02	-1.055052e-02
-1.057724e-01	-1.057755e-01	-1.055052e-02	-1.055052e-02
-1.015206e-01	-1.057724e-01	-8.825011e-03	-1.520856e-03
-4.557191e-05	1.124785e-05	2.190428e-05	2.821477e-05
8.090557e-06	-1.380967e-06	2.663715e-05	2.505953e-05
-1.592057e-04	-1.402668e-04	1.338513e-05	1.559380e-05
-1.276408e-04	-1.276408e-04	1.433170e-05	1.590932e-05
-6.800472e-03	4.677723e-03	-1.368474e-04	2.884582e-05
-6.475353e-03	-1.194536e-03	-1.456848e-04	2.853029e-05
-6.216520e-03	4.854531e-03	-1.425286e-04	2.916134e-05
-6.128139e-03	4.592476e-03	-1.431598e-04	2.789924e-05
1.011014e-01	8.684937e-02	8.131193e-03	6.936618e-03
-8.062873e-04	6.632086e-03	7.330959e-04	7.195284e-04
-8.410088e-04	6.051145e-03	9.302985e-04	7.312028e-04
-5.158897e-04	8.807460e-03	3.488885e-03	4.015495e-03
4.316510e-02	-1.374476e-02	-1.049939e-02	-1.055052e-02
-9.048232e-02	-1.057724e-01	-1.055052e-02	-1.055052e-02
-1.057724e-01	-1.057755e-01	-1.055052e-02	-1.055052e-02
-1.057724e-01	-1.057787e-01	-1.055052e-02	-1.055084e-02
-3.915435e-03	-5.819789e-05	2.411295e-05	2.695267e-05
8.090557e-06	-2.978943e-05	2.947687e-05	2.316638e-05
-2.128662e-04	-1.276408e-04	1.275408e-05	1.780247e-05
-9.923233e-05	-1.150148e-04	1.590932e-05	1.527827e-05
-1.402668e-04	-1.339538e-04	2.789924e-05	2.884582e-05
-6.708934e-03	-4.234241e-03	-7.940392e-05	2.853029e-05
-6.421693e-03	-3.625038e-03	-1.573629e-04	2.884582e-05
-6.257555e-03	5.179733e-03	-1.583097e-04	2.853029e-05
-6.459571e-03	-3.044045e-04	-1.993408e-04	2.726820e-05
-1.084059e-03	6.805737e-03	1.278006e-03	1.716269e-03
-1.055650e-03	6.319514e-03	1.255604e-03	7.965163e-04
-6.958100e-04	6.600514e-03	1.610569e-03	2.426514e-03
-4.054124e-04	1.666911e-02	5.416422e-03	7.000038e-03
7.891510e-02	1.552302e-02	-1.054926e-02	-1.055052e-02
-9.787799e-02	-1.057724e-01	-1.055084e-02	-1.055052e-02
-1.057724e-01	-1.057724e-01	-1.055052e-02	-1.055052e-02
-1.047560e-01	-1.057724e-01	-1.055052e-02	-1.055052e-02
1.124785e-05	-2.031994e-05	2.726820e-05	2.253533e-05
-2.347644e-05	-3.294592e-05	2.253533e-05	2.789924e-05
-1.402668e-04	-1.150148e-04	1.464723e-05	1.464723e-05
-1.181713e-04	-1.150148e-04	1.401618e-05	1.275408e-05
1.334153e-03	-7.463139e-04	-5.762591e-05	2.853029e-05
-6.614239e-03	4.601948e-03	-1.065475e-04	2.916134e-05
-6.333311e-03	-2.971643e-03	-8.508514e-05	2.884582e-05
-6.216520e-03	-2.823288e-03	-9.739445e-05	2.916134e-05
-7.763203e-03	2.811113e-02	1.012941e-02	1.012941e-02
-7.873484e-04	6.388975e-03	7.690657e-04	7.138489e-04
-7.021230e-04	5.722787e-03	8.763439e-04	7.454014e-04
-5.379852e-04	7.721351e-03	2.861622e-03	3.404955e-03
-3.580649e-04	-2.908217e-02	-7.301812e-03	-9.541791e-03
-8.901140e-02	-1.057724e-01	-1.055084e-02	-1.055052e-02
-1.057724e-01	-1.057724e-01	-1.055052e-02	-1.055084e-02
-1.057724e-01	-1.057755e-01	-1.055052e-02	-1.055052e-02
-1.022308e-01	-1.057755e-01	-7.289503e-03	8.021218e-06
3.019159e-05	-3.294592e-05	2.726820e-05	2.221981e-05
4.282075e-05	1.440514e-05	2.411295e-05	-2.385422e-05
-9.607583e-05	-1.244843e-04	1.401618e-05	1.527827e-05
-1.434233e-04	-1.118583e-04	1.622485e-05	1.717142e-05
-6.721560e-03	2.792821e-03	-5.510093e-05	2.916134e-05
-6.487979e-03	1.924566e-03	-1.084413e-04	2.884582e-05
-6.330154e-03	3.334888e-05	-1.002351e-04	2.916134e-05
-6.137608e-03	1.103670e-03	-8.792575e-05	2.663715e-05
1.011014e-01	9.771045e-02	8.648968e-03	7.344906e-03
-9.704251e-04	6.644716e-03	7.305717e-04	7.482411e-04
-7.305314e-04	5.950111e-03	7.501342e-04	7.081695e-04
-5.821761e-04	6.594199e-03	3.522015e-03	4.578705e-03
4.233473e-02	-1.629205e-02	-1.045489e-02	-1.055052e-02
-8.938070e-02	-1.057724e-01	-1.055084e-02	-1.055052e-02
-1.057755e-01	-1.057724e-01	-1.055084e-02	-1.055084e-02
-1.057724e-01	-1.057724e-01	-1.055052e-02	-1.055084e-02
-4.732040e-02	3.334888e-05	2.001114e-05	2.379743e-05
-3.610242e-05	2.071972e-05	2.221981e-05	2.884582e-05
1.124785e-05	-8.820432e-04	1.401618e-05	1.149198e-05
-1.371103e-04	-6.135438e-05	1.401618e-05	1.464723e-05
-1.276408e-04	-1.402668e-04	2.505953e-05	2.947687e-05
-6.781533e-03	3.048759e-04	-1.068631e-04	2.853029e-05
-6.399598e-03	-5.051774e-03	-1.377942e-04	2.853029e-05
-6.222833e-03	-5.291667e-03	-1.677784e-04	2.916134e-05
-6.361719e-03	-3.126312e-03	-2.189094e-04	2.695267e-05
-7.115924e-04	7.317218e-03	1.542731e-03	2.477629e-03
-1.080902e-03	6.101661e-03	1.133181e-03	7.315183e-04
-7.084360e-04	6.660502e-03	1.487830e-03	1.720371e-03
-5.222027e-04	1.495155e-02	5.531589e-03	7.266025e-03
8.022222e-02	1.613237e-02	-1.054958e-02	-1.055052e-02
-9.745187e-02	-1.057724e-01	-1.055052e-02	-1.055084e-02
-1.057724e-01	-1.057755e-01	-1.055052e-02	-1.055084e-02
-1.057724e-01	-1.057755e-01	-1.055115e-02	-1.055084e-02
1.440514e-05	-2.347644e-05	2.695267e-05	2.190428e-05
-3.610242e-05	-7.398037e-05	3.010791e-05	2.600610e-05
-1.371103e-04	-1.686752e-04	1.275408e-05	1.370065e-05
-1.623622e-04	-1.560493e-04	1.590932e-05	1.527827e-05
1.245748e-03	-4.448883e-03	-7.182896e-05	2.853029e-05
-6.667899e-03	-2.816975e-03	-1.412661e-04	2.947687e-05
-6.333311e-03	3.039089e-03	-1.374786e-04	2.916134e-05
-6.153391e-03	-7.684093e-04	-1.605191e-04	2.853029e-05
-7.687448e-03	6.587884e-03	1.012941e-02	1.012941e-02
-9.862075e-04	6.556311e-03	7.801090e-04	8.400586e-04
-6.863405e-04	6.231111e-03	7.267854e-04	7.428771e-04
-5.348287e-04	8.116012e-03	2.417364e-03	2.930722e-03
-4.685423e-04	2.655143e-02	-6.926536e-03	-9.190502e-03
-8.879676e-02	-1.057724e-01	-1.055052e-02	-1.055052e-02
-1.057724e-01	-1.057724e-01	-1.055084e-02	-1.055084e-02
-1.057755e-01	-1.057692e-01	-1.055084e-02	-1.055084e-02
-1.021109e-01	-1.057692e-01	-1.055084e-02	-3.002707e-03
2.703430e-05	8.090557e-06	2.285086e-05	2.726820e-05
3.650617e-05	4.933267e-06	2.947687e-05	2.789924e-05
-1.244843e-04	-1.560493e-04	1.370065e-05	1.843352e-05
-1.244843e-04	-1.213278e-04	1.527827e-05	1.433170e-05
-6.648961e-03	-4.603551e-03	-1.229599e-04	2.853029e-05
-6.538483e-03	-4.811683e-04	-1.504192e-04	2.884582e-05
-6.336467e-03	-4.751907e-03	-1.242224e-04	2.884582e-05
-6.162860e-03	3.648644e-04	-1.169631e-04	2.821477e-05
1.011014e-01	1.011014e-01	1.008934e-02	8.299052e-03
-9.136082e-04	6.660502e-03	7.242612e-04	7.608620e-04
-6.863405e-04	6.070089e-03	7.668570e-04	7.034366e-04
-5.411417e-04	9.511535e-03	3.606575e-03	4.507081e-03
3.759248e-02	-1.083763e-02	-1.004174e-02	-1.055052e-02
-8.954169e-02	-1.057755e-01	-1.055052e-02	-1.055084e-02
-1.057755e-01	-1.057724e-01	-1.055052e-02	-1.055084e-02
-1.057755e-01	-1.057724e-01	-1.055052e-02	-1.055052e-02
-3.241228e-02	-3.610242e-05	2.569058e-05	2.853029e-05
8.090557e-06	1.124785e-05	2.001114e-05	2.695267e-05
-2.254921e-04	-1.213278e-04	1.243856e-05	1.654037e-05
-1.213278e-04	-1.434233e-04	1.338513e-05	1.590932e-05
-1.244843e-04	-9.923233e-05	1.874904e-05	2.821477e-05
-6.778377e-03	-7.336879e-04	-6.993522e-05	2.947687e-05
-6.399598e-03	-1.841618e-03	-9.739445e-05	2.916134e-05
-6.213364e-03	-3.707107e-03	-7.656331e-05	2.884582e-05
-6.260712e-03	-3.451430e-03	-1.889252e-04	2.726820e-05
-3.391260e-04	6.767850e-03	1.419992e-03	2.094267e-03
-9.830510e-04	5.678584e-03	8.753974e-04	7.141645e-04
-7.747224e-04	6.556311e-03	1.466059e-03	1.543047e-03
-5.506112e-04	1.338237e-02	5.272227e-03	6.928414e-03
7.785740e-02	1.326555e-02	-1.054958e-02	-1.055052e-02
-9.778014e-02	-1.057724e-01	-1.055084e-02	-1.055052e-02
-1.057724e-01	-1.057724e-01	-1.055084e-02	-1.055084e-02
-1.053652e-01	-1.057692e-01	-1.055084e-02	-1.055052e-02
8.090557e-06	2.387701e-05	2.095771e-05	2.411295e-05
-3.610242e-05	-6.451087e-05	2.726820e-05	2.474400e-05
-1.371103e-04	-6.135438e-05	1.938009e-05	1.464723e-05
-1.181713e-04	-1.055453e-04	1.527827e-05	1.370065e-05
-6.547755e-04	1.918251e-03	-3.458541e-05	2.884582e-05
-6.658430e-03	-6.451087e-05	-1.008663e-04	2.853029e-05
-6.298590e-03	1.593050e-03	-9.739445e-05	2.853029e-05
-6.222833e-03	3.752637e-03	-8.256015e-05	2.916134e-05
-7.583283e-03	-2.933765e-03	1.012941e-02	1.012941e-02
-1.106154e-03	6.925714e-03	7.763227e-04	7.457169e-04
-8.126003e-04	6.426862e-03	7.151110e-04	7.062763e-04
-7.052795e-04	9.391558e-03	3.535266e-03	3.954283e-03
-5.001072e-04	2.626096e-02	-5.744211e-03	-9.145368e-03
-8.905243e-02	-1.057692e-01	-1.055115e-02	-1.055115e-02
-1.057724e-01	-1.057755e-01	-1.055115e-02	-1.055052e-02
-1.057724e-01	-1.057724e-01	-1.055084e-02	-1.055052e-02
-1.016374e-01	-1.057724e-01	-1.055021e-02	-2.626484e-03
-1.380967e-06	-3.925891e-05	2.379743e-05	2.663715e-05
-1.716344e-05	-3.925891e-05	2.285086e-05	1.338513e-05
-1.150148e-04	-1.213278e-04	1.117646e-05	1.086094e-05
-1.181713e-04	-1.150148e-04	1.622485e-05	1.622485e-05
-6.462727e-03	-2.277214e-03	-5.320719e-05	2.947687e-05
-6.475353e-03	9.773788e-04	-9.865694e-05	2.821477e-05
-6.301746e-03	4.431455e-03	-9.234447e-05	2.884582e-05
-6.175486e-03	-2.520264e-03	-7.561644e-05	2.789924e-05
1.011014e-01	1.011014e-01	1.012941e-02	9.260454e-03
-8.126003e-04	6.641558e-03	7.567602e-04	7.308872e-04
-7.242184e-04	6.499480e-03	7.242612e-04	7.214215e-04
-5.979586e-04	7.857115e-03	3.439032e-03	4.167262e-03
2.824690e-02	-1.712537e-02	-9.342001e-03	-1.055052e-02
-8.738896e-02	-1.057692e-01	-1.055052e-02	-1.055052e-02
-1.057755e-01	-1.057724e-01	-1.055052e-02	-1.055084e-02
-1.057724e-01	-1.057724e-01	-1.055052e-02	-1.055052e-02
-7.345303e-02	-9.051054e-03	2.600610e-05	2.979239e-05
-4.241541e-05	-4.241541e-05	2.695267e-05	2.190428e-05
4.933267e-06	-1.528928e-04	1.054541e-05	9.914363e-06
-1.181713e-04	-1.213278e-04	1.590932e-05	1.401618e-05
-1.307973e-04	-1.150148e-04	1.401618e-05	2.884582e-05
-6.765751e-03	4.867161e-03	-1.024444e-04	2.884582e-05
-6.443788e-03	5.081857e-03	-1.349536e-04	2.853029e-05
-6.213364e-03	1.892993e-03	-1.494723e-04	2.916134e-05
-6.169173e-03	8.195143e-04	-2.056532e-04	2.758372e-05
2.290812e-03	6.774164e-03	1.359412e-03	1.660106e-03
-1.030399e-03	5.075542e-03	1.771802e-03	8.659316e-04
-7.778789e-04	6.625772e-03	7.015435e-04	3.426726e-03
-5.253592e-04	1.398542e-02	5.095849e-03	6.875091e-03
7.692916e-02	1.222365e-02	-1.054926e-02	-1.055052e-02
-9.663118e-02	-1.057724e-01	-1.055084e-02	-1.055084e-02
-1.057724e-01	-1.057724e-01	-1.055084e-02	-1.055052e-02
-1.057724e-01	-1.057724e-01	-1.055052e-02	-1.055052e-02
-5.188489e-05	-3.294592e-05	2.537505e-05	2.411295e-05
-5.819789e-05	-8.029336e-05	2.916134e-05	2.821477e-05
-1.244843e-04	-1.371103e-04	1.086094e-05	1.275408e-05
-1.339538e-04	-1.339538e-04	1.464723e-05	1.590932e-05
5.883808e-03	2.022442e-03	-3.584790e-05	2.853029e-05
-6.655273e-03	-4.241541e-05	-1.352692e-04	2.853029e-05
-6.361719e-03	-1.866870e-03	-1.172787e-04	2.884582e-05
-6.210207e-03	4.298849e-03	-1.074944e-04	2.853029e-05
-7.529623e-03	2.852809e-03	1.012941e-02	1.012941e-02
-1.061963e-03	6.824681e-03	7.668570e-04	7.207905e-04
-8.126003e-04	5.943797e-03	7.779003e-04	7.021746e-04
-6.610885e-04	6.575255e-03	2.822813e-03	3.076810e-03
-3.927864e-04	2.379828e-02	6.681674e-03	-8.836688e-03
-8.740789e-02	-1.057724e-01	-1.055052e-02	-1.055052e-02
-1.057724e-01	-1.057724e-01	-1.054989e-02	-1.055115e-02
-1.057755e-01	-1.057755e-01	-1.055052e-02	-1.055052e-02
-1.016595e-01	-1.057724e-01	-1.055052e-02	-5.798183e-03
2.071972e-05	3.966346e-05	2.474400e-05	2.127324e-05
2.703430e-05	3.650617e-05	2.600610e-05	2.695267e-05
-2.728396e-04	-1.402668e-04	1.654037e-05	1.306961e-05
-1.244843e-04	-1.244843e-04	1.527827e-05	1.496275e-05
-6.547953e-03	-3.855462e-03	-1.134912e-04	2.884582e-05
-6.563735e-03	-9.546426e-04	-1.428442e-04	2.853029e-05
-6.333311e-03	-4.685620e-03	-1.406348e-04	2.916134e-05
-6.112356e-03	5.208148e-03	-1.778784e-04	2.947687e-05
1.011014e-01	1.011014e-01	1.012941e-02	9.751094e-03
-8.631042e-04	6.651030e-03	7.902058e-04	7.633863e-04
-7.368444e-04	6.433177e-03	7.261544e-04	7.668570e-04
-5.695501e-04	8.864291e-03	3.385393e-03	3.931880e-03
3.029282e-02	-1.495370e-02	-9.459098e-03	-1.055052e-02
-8.793819e-02	-1.057692e-01	-1.055084e-02	-1.055052e-02
-1.057724e-01	-1.057724e-01	-1.055052e-02	-1.055084e-02
-1.057724e-01	-1.057755e-01	-1.055052e-02	-1.055052e-02
-6.265150e-02	1.440514e-05	2.979239e-05	2.316638e-05
-7.398037e-05	8.090557e-06	2.411295e-05	2.853029e-05
-1.023888e-04	-3.422825e-04	1.590932e-05	1.149198e-05
-1.150148e-04	-1.339538e-04	1.590932e-05	1.527827e-05
-1.087018e-04	-1.150148e-04	1.527827e-05	2.884582e-05
-6.819411e-03	-1.017772e-03	-7.940392e-05	2.916134e-05
-6.500605e-03	5.394429e-03	-1.377942e-04	2.821477e-05
-6.197582e-03	4.077838e-03	-9.234447e-05	2.916134e-05
-6.213364e-03	5.492304e-03	-2.009189e-04	2.695267e-05
3.282201e-03	6.913085e-03	1.430404e-03	1.132865e-03
-1.024086e-03	5.287081e-03	1.155583e-03	7.438237e-04
-7.968178e-04	6.594199e-03	1.341427e-03	1.049251e-03
-4.874813e-04	1.569667e-02	5.219219e-03	6.556411e-03
7.221533e-02	9.230536e-03	-1.054926e-02	-1.055052e-02
-9.686160e-02	-1.057724e-01	-1.055052e-02	-1.055084e-02
-1.057724e-01	-1.057724e-01	-1.055084e-02	-1.055052e-02
-1.057755e-01	-1.057724e-01	-1.055052e-02	-1.055084e-02
1.124785e-05	-2.031994e-05	2.064219e-05	2.379743e-05
-4.557191e-05	-7.693958e-06	2.537505e-05	2.285086e-05
-1.718317e-04	-1.023888e-04	1.654037e-05	1.433170e-05
-1.402668e-04	-1.244843e-04	1.590932e-05	1.654037e-05
6.167965e-03	4.027321e-03	-3.174480e-05	2.884582e-05
-6.614239e-03	4.718768e-03	-1.002351e-04	2.884582e-05
-6.399598e-03	4.674566e-03	-1.052850e-04	2.853029e-05
-6.200738e-03	4.380938e-03	-9.518509e-05	2.884582e-05
-7.444398e-03	4.481971e-03	1.012941e-02	1.012941e-02
-1.169284e-03	6.853097e-03	7.485566e-04	7.144799e-04
-7.778789e-04	6.723648e-03	7.353046e-04	7.141645e-04
-6.547755e-04	1.252359e-02	3.370879e-03	3.534320e-03
-4.464468e-04	2.386142e-02	6.650753e-03	-8.804495e-03
-8.881254e-02	-1.057724e-01	-1.055052e-02	-1.055052e-02
-1.057724e-01	-1.057724e-01	-1.055052e-02	-1.055021e-02
-1.057724e-01	-1.057755e-01	-1.055052e-02	-1.055052e-02
-1.022371e-01	-1.057755e-01	-1.055084e-02	-4.979456e-03
-5.188489e-05	1.124785e-05	2.348191e-05	2.348191e-05
3.966346e-05	3.019159e-05	2.442848e-05	2.158876e-05
-1.339538e-04	-1.244843e-04	1.433170e-05	1.590932e-05
-9.923233e-05	-1.213278e-04	1.590932e-05	1.685590e-05
-5.660977e-03	-4.291059e-03	-8.003517e-05	2.853029e-05
-6.513231e-03	4.740869e-03	-1.576785e-04	2.853029e-05
-6.184956e-03	-4.360501e-03	-8.540077e-05	2.884582e-05
-6.128139e-03	-3.438805e-03	-1.191725e-04	2.853029e-05
1.011014e-01	1.011014e-01	1.012941e-02	1.012941e-02
-9.262341e-04	6.625772e-03	1.040732e-03	7.340425e-04
-7.400009e-04	6.512109e-03	7.586534e-04	7.463479e-04
-4.780118e-04	8.311765e-03	3.355733e-03	4.044523e-03
2.444868e-02	-1.457492e-02	-9.033006e-03	-1.055021e-02
-8.677660e-02	-1.057661e-01	-1.055052e-02	-1.055052e-02
-1.057724e-01	-1.057724e-01	-1.055084e-02	-1.055084e-02
-1.057755e-01	-1.057724e-01	-1.055084e-02	-1.055052e-02
-9.660909e-02	-3.029427e-02	2.663715e-05	2.095771e-05
-3.294592e-05	-2.031994e-05	2.474400e-05	2.695267e-05
-6.451087e-05	-7.713686e-05	8.652266e-06	1.338513e-05
-1.213278e-04	-1.402668e-04	1.401618e-05	1.590932e-05
-1.055453e-04	-1.118583e-04	1.401618e-05	2.821477e-05
-6.809942e-03	-4.792941e-03	-9.960381e-05	2.853029e-05
-6.437475e-03	2.502350e-03	-1.393724e-04	2.884582e-05
-6.254399e-03	-4.253180e-03	-1.561004e-04	2.884582e-05
-6.147078e-03	-4.717185e-03	-1.993408e-04	2.726820e-05
6.161650e-03	6.906771e-03	1.413051e-03	1.125924e-03
-1.008303e-03	5.037655e-03	1.221527e-03	7.627552e-04
-7.400009e-04	6.572098e-03	1.721002e-03	1.091847e-03
-5.253592e-04	1.317399e-02	5.214487e-03	6.537164e-03
7.271102e-02	8.352810e-03	-1.054989e-02	-1.055084e-02
-9.556428e-02	-1.057724e-01	-1.055052e-02	-1.055084e-02
-1.057724e-01	-1.057724e-01	-1.055052e-02	-1.055084e-02
-1.057755e-01	-1.057692e-01	-1.055115e-02	-1.055052e-02
-4.872840e-05	-5.188489e-05	2.569058e-05	2.632162e-05
1.775976e-06	2.071972e-05	2.537505e-05	2.442848e-05
-1.939272e-04	-1.686752e-04	1.243856e-05	1.527827e-05
-1.339538e-04	-1.402668e-04	1.717142e-05	1.559380e-05
7.626830e-04	1.978240e-03	-3.016668e-05	2.884582e-05
-6.696308e-03	-2.033967e-04	-1.365317e-04	2.916134e-05
-6.386972e-03	4.213602e-03	-1.993408e-04	2.884582e-05
-6.203895e-03	4.368309e-03	-1.182256e-04	2.853029e-05
-7.425458e-03	-4.379440e-03	1.012941e-02	1.012941e-02
-1.159815e-03	6.887827e-03	7.457169e-04	7.564447e-04
-7.021230e-04	6.082718e-03	7.441393e-04	7.469790e-04
-6.894970e-04	1.074919e-02	3.032637e-03	3.309667e-03
-4.401339e-04	2.466653e-02	6.740993e-03	-8.903600e-03
-8.852530e-02	-1.057724e-01	-1.055052e-02	-1.055052e-02
-1.057692e-01	-1.057724e-01	-1.055052e-02	-1.055052e-02
-1.057755e-01	-1.057724e-01	-1.055052e-02	-1.055084e-02
-1.027674e-01	-1.057724e-01	-1.055052e-02	-8.052680e-03
-4.557191e-05	-4.872840e-05	2.537505e-05	2.537505e-05
3.650617e-05	3.966346e-05	2.569058e-05	2.474400e-05
-1.655187e-04	-1.560493e-04	1.306961e-05	1.717142e-05
-1.276408e-04	-1.276408e-04	1.464723e-05	1.527827e-05
-6.027131e-03	-9.199211e-04	-8.319140e-05	2.853029e-05
-6.560578e-03	4.983981e-03	-1.412661e-04	2.853029e-05
-6.330154e-03	3.648447e-03	-1.561004e-04	2.916134e-05
-6.159704e-03	-3.533499e-03	-1.478942e-04	2.979239e-05
1.011014e-01	1.011014e-01	1.012941e-02	1.012941e-02
-9.862075e-04	6.752064e-03	1.509286e-03	7.359356e-04
-9.104517e-04	6.578412e-03	7.394064e-04	7.163731e-04
-6.453060e-04	7.835014e-03	3.157269e-03	3.677884e-03
2.225120e-02	2.164520e-03	-8.796920e-03	-1.055021e-02
-8.566867e-02	-1.057724e-01	-1.055052e-02	-1.055084e-02
-1.057724e-01	-1.057724e-01	-1.055084e-02	-1.055084e-02
-1.057755e-01	-1.057755e-01	-1.055052e-02	-1.055052e-02
-9.609142e-02	-2.394971e-02	2.348191e-05	2.474400e-05
-1.085045e-05	-1.380967e-06	2.505953e-05	2.884582e-05
-3.738474e-04	-5.506112e-04	1.464723e-05	1.086094e-05
-1.181713e-04	-1.371103e-04	1.590932e-05	1.527827e-05
-1.055453e-04	-1.181713e-04	1.527827e-05	2.474400e-05
-6.746812e-03	1.280676e-04	-7.056647e-05	2.916134e-05
-6.443788e-03	2.312913e-03	-8.697888e-05	2.853029e-05
-6.229146e-03	2.947528e-03	-9.834132e-05	2.884582e-05
-6.131295e-03	4.750341e-03	-1.567316e-04	2.821477e-05
6.957287e-03	6.957287e-03	1.255288e-03	9.069497e-04
-9.988336e-04	5.053441e-03	1.183349e-03	8.511019e-04
-8.599478e-04	6.101661e-03	2.294941e-03	1.317762e-03
-4.527598e-04	1.431062e-02	4.993619e-03	6.195767e-03
6.793720e-02	4.317792e-03	-1.054958e-02	-1.055052e-02
-9.612614e-02	-1.057724e-01	-1.055052e-02	-1.055052e-02
-1.057724e-01	-1.057724e-01	-1.055052e-02	-1.055052e-02
-1.057755e-01	-1.057724e-01	-1.055084e-02	-1.055052e-02
1.440514e-05	-6.451087e-05	2.442848e-05	2.663715e-05
-6.451087e-05	3.966346e-05	2.285086e-05	2.632162e-05
-1.497363e-04	-1.718317e-04	1.212303e-05	1.338513e-05
-1.434233e-04	-1.307973e-04	1.590932e-05	1.559380e-05
2.442362e-03	-2.463447e-03	-2.574796e-05	2.916134e-05
-6.680525e-03	-2.469760e-03	-1.119131e-04	2.884582e-05
-6.336467e-03	4.153613e-03	-8.256015e-05	2.853029e-05
-6.166017e-03	-4.357345e-03	-8.035079e-05	2.884582e-05
-7.343390e-03	-1.352361e-03	-1.311661e-04	1.012941e-02
-1.058807e-03	9.820950e-03	7.939921e-04	7.400374e-04
-7.968178e-04	6.205852e-03	7.441393e-04	7.482411e-04
-7.052795e-04	6.682603e-03	2.813347e-03	3.152851e-03
-4.653858e-04	2.328364e-02	6.522966e-03	-8.613227e-03
-8.746471e-02	-1.057724e-01	-1.055052e-02	-1.055084e-02
-1.057755e-01	-1.057724e-01	-1.055052e-02	-1.055052e-02
-1.057787e-01	-1.057755e-01	-1.055115e-02	-1.055052e-02
-1.022561e-01	-1.057755e-01	-1.055052e-02	-6.781034e-03
-3.925891e-05	-4.537462e-06	2.411295e-05	2.979239e-05
3.019159e-05	3.966346e-05	2.569058e-05	2.348191e-05
-1.276408e-04	-1.339538e-04	1.559380e-05	1.433170e-05
-1.307973e-04	-1.497363e-04	1.717142e-05	1.748694e-05
-5.335859e-03	4.226231e-03	-5.415406e-05	2.884582e-05
-6.544796e-03	-4.865541e-03	-1.030757e-04	2.853029e-05
-6.285964e-03	2.966472e-03	-9.802570e-05	2.821477e-05
-6.162860e-03	3.604245e-03	-1.226443e-04	2.789924e-05
1.011014e-01	1.011014e-01	1.012941e-02	1.012941e-02
-1.058807e-03	6.723648e-03	1.106677e-03	7.302562e-04
-8.252263e-04	6.597356e-03	7.637017e-04	7.510808e-04
-5.600807e-04	7.727666e-03	3.250348e-03	3.797467e-03
1.974116e-02	4.350293e-02	-8.623959e-03	-1.055052e-02
-8.215549e-02	-1.057724e-01	-1.055052e-02	-1.055052e-02
-1.057724e-01	-1.057724e-01	-1.055052e-02	-1.055052e-02
-1.057724e-01	-1.057755e-01	-1.055084e-02	-1.055052e-02
-1.057692e-01	-4.900282e-02	2.285086e-05	2.726820e-05
-5.819789e-05	-6.135438e-05	2.979239e-05	2.474400e-05
1.756243e-05	-5.819789e-05	-1.975111e-05	8.021218e-06
-1.150148e-04	-8.029336e-05	1.590932e-05	1.464723e-05
-1.213278e-04	-1.118583e-04	1.496275e-05	2.316638e-05
-6.828881e-03	-1.323953e-03	-9.297572e-05	2.947687e-05
-6.478510e-03	2.524451e-03	-1.377942e-04	2.853029e-05
-6.219677e-03	-3.703950e-03	-1.141225e-04	2.884582e-05
-6.147078e-03	8.952892e-04	-2.122813e-04	2.695267e-05
6.897299e-03	6.941501e-03	1.519698e-03	1.727313e-03
-9.546426e-04	5.034497e-03	9.545939e-04	7.520274e-04
-7.273749e-04	6.711019e-03	1.643383e-03	9.220949e-04
-4.559163e-04	1.173427e-02	4.486888e-03	5.880874e-03
6.611544e-02	3.260100e-03	-1.054926e-02	-1.055052e-02
-9.431747e-02	-1.057724e-01	-1.055084e-02	-1.055052e-02
-1.057724e-01	-1.057692e-01	-1.055084e-02	-1.055084e-02
-1.057755e-01	-1.057755e-01	-1.055052e-02	-1.055052e-02
-2.663293e-05	1.756243e-05	2.158876e-05	2.537505e-05
1.775976e-06	8.090557e-06	2.221981e-05	2.442848e-05
-2.475876e-04	-1.118583e-04	1.149198e-05	1.338513e-05
-8.976284e-05	-1.307973e-04	1.496275e-05	1.496275e-05
-4.906378e-04	-1.052494e-03	-3.111356e-05	2.853029e-05
-6.655273e-03	-4.212146e-03	-1.343224e-04	2.884582e-05
-6.415380e-03	2.893854e-03	-1.576785e-04	2.853029e-05
-6.257555e-03	2.988573e-03	-1.251693e-04	2.884582e-05
-7.207660e-03	-1.882652e-03	-1.665160e-04	1.012941e-02
-1.140876e-03	7.847643e-03	7.823177e-04	7.479255e-04
-7.810353e-04	6.152178e-03	8.217582e-04	7.460324e-04
-7.021230e-04	6.685760e-03	3.502452e-03	3.465220e-03
-5.001072e-04	2.128191e-02	6.292002e-03	8.375724e-03
-2.773435e-02	-8.939017e-02	-1.055021e-02	-1.055084e-02
-1.053778e-01	-1.057787e-01	-1.055052e-02	-1.055052e-02
-1.057724e-01	-1.057755e-01	-1.055052e-02	-1.055052e-02
-1.027390e-01	-1.057724e-01	-1.055084e-02	-1.053316e-02
1.775976e-06	-6.766737e-05	2.474400e-05	2.726820e-05
2.071972e-05	3.334888e-05	2.537505e-05	2.190428e-05
-1.686752e-04	-1.434233e-04	1.401618e-05	1.401618e-05
-9.923233e-05	-1.276408e-04	1.464723e-05	1.622485e-05
-4.695090e-03	4.137827e-03	-1.201193e-04	2.853029e-05
-6.570048e-03	-5.064400e-03	-1.415817e-04	2.853029e-05
-6.298590e-03	2.401317e-03	-1.343224e-04	2.884582e-05
-6.175486e-03	4.526173e-03	-1.210662e-04	2.947687e-05
1.011014e-01	1.011014e-01	1.012941e-02	1.012941e-02
-1.065120e-03	6.783636e-03	1.405478e-03	7.674880e-04
-7.747224e-04	6.651030e-03	7.160576e-04	7.233146e-04
-5.884891e-04	7.162511e-03	3.245931e-03	3.933458e-03
1.485367e-02	4.150436e-02	-8.194080e-03	-1.038387e-02
-7.372764e-02	-1.057724e-01	-1.055052e-02	-1.055052e-02
-1.057724e-01	-1.057724e-01	-1.055052e-02	-1.055052e-02
-1.057724e-01	-1.057724e-01	-1.055084e-02	-1.055084e-02
-1.057724e-01	-4.362731e-02	2.285086e-05	2.158876e-05
4.282075e-05	-4.241541e-05	3.042344e-05	2.095771e-05
-3.610242e-05	-2.002402e-04	3.288354e-06	1.654037e-05
-1.402668e-04	-1.339538e-04	1.338513e-05	1.654037e-05
-1.213278e-04	-1.150148e-04	1.590932e-05	1.590932e-05
-6.819411e-03	-2.646524e-03	-8.287578e-05	2.821477e-05
-6.456414e-03	-3.423022e-03	-1.160162e-04	2.853029e-05
-6.207051e-03	3.092763e-03	-1.049694e-04	2.884582e-05
-6.049227e-03	4.156771e-03	-1.302193e-04	2.695267e-05
6.979388e-03	6.954130e-03	1.155583e-03	1.302933e-03
-8.536347e-04	4.939779e-03	7.195284e-04	7.444548e-04
-8.094438e-04	6.651030e-03	1.630447e-03	9.710012e-04
-4.085689e-04	1.051555e-02	4.092798e-03	5.446397e-03
6.360224e-02	-5.095768e-04	-1.054958e-02	-1.055084e-02
-9.438059e-02	-1.057755e-01	-1.055084e-02	-1.055052e-02
-1.057724e-01	-1.057724e-01	-1.055084e-02	-1.055052e-02
-1.057755e-01	-1.057724e-01	-1.055052e-02	-1.055084e-02
-1.085045e-05	-4.241541e-05	2.285086e-05	2.663715e-05
2.071972e-05	8.090557e-06	2.095771e-05	2.979239e-05
-1.876142e-04	-6.766737e-05	1.275408e-05	1.306961e-05
-1.307973e-04	-1.244843e-04	1.433170e-05	1.654037e-05
5.290435e-04	2.846495e-03	-2.006674e-05	2.853029e-05
-6.718403e-03	-2.633701e-04	-9.991944e-05	2.884582e-05
-6.355406e-03	-1.649072e-03	-9.550071e-05	2.853029e-05
-6.184956e-03	-5.537677e-04	-8.066642e-05	2.884582e-05
-7.195034e-03	-4.581456e-03	-1.816659e-04	1.012941e-02
-1.052494e-03	8.965324e-03	7.756917e-04	7.400374e-04
-6.579320e-04	6.341616e-03	7.264699e-04	7.548671e-04
-7.400009e-04	6.698390e-03	3.357626e-03	3.402115e-03
-4.969508e-04	2.151555e-02	6.310933e-03	8.429363e-03
-3.385795e-02	-9.587362e-02	-1.055052e-02	-1.055052e-02
-1.057724e-01	-1.057755e-01	-1.055052e-02	-1.055052e-02
-1.057787e-01	-1.057755e-01	-1.055052e-02	-1.055084e-02
-1.016248e-01	-1.057724e-01	-1.055052e-02	-1.036620e-02
2.703430e-05	-7.693958e-06	2.947687e-05	2.316638e-05
-4.872840e-05	-5.188489e-05	2.947687e-05	2.695267e-05
-1.528928e-04	-1.276408e-04	1.464723e-05	1.401618e-05
-1.181713e-04	-1.118583e-04	1.559380e-05	1.496275e-05
-3.978565e-03	4.276747e-03	-4.373849e-05	2.916134e-05
-6.547953e-03	5.268137e-03	-1.248537e-04	2.853029e-05
-6.276494e-03	-4.385753e-03	-8.634763e-05	2.884582e-05
-6.156547e-03	-2.861166e-03	-1.220131e-04	2.789924e-05
1.011014e-01	1.011014e-01	1.012941e-02	1.012941e-02
-1.115624e-03	6.764692e-03	1.046727e-03	7.340425e-04
-7.463139e-04	6.632086e-03	7.599154e-04	7.479255e-04
-5.285157e-04	7.904475e-03	3.231732e-03	3.668418e-03
1.378019e-02	4.084764e-02	-8.150839e-03	-1.033148e-02
-7.236720e-02	-1.057692e-01	-1.055084e-02	-1.055052e-02
-1.057755e-01	-1.057724e-01	-1.055084e-02	-1.055084e-02
-1.057724e-01	-1.057724e-01	-1.055052e-02	-1.055084e-02
-1.018646e-01	-7.191897e-02	1.022989e-05	2.758372e-05
-5.188489e-05	-8.029336e-05	2.758372e-05	2.127324e-05
-1.400695e-05	1.775976e-06	7.705693e-06	3.288354e-06
-1.055453e-04	-1.087018e-04	1.496275e-05	1.685590e-05
-1.339538e-04	-1.181713e-04	1.654037e-05	1.780247e-05
-6.847820e-03	-4.401339e-04	-1.251693e-04	2.853029e-05
-6.494292e-03	4.671409e-03	-1.469473e-04	2.884582e-05
-6.257555e-03	1.125771e-03	-1.598879e-04	2.884582e-05
-6.140765e-03	5.085014e-03	-2.766685e-04	2.695267e-05
1.544724e-02	7.809756e-03	1.673358e-03	1.685348e-03
-9.325471e-04	5.201834e-03	7.517118e-04	7.157421e-04
-8.662607e-04	6.243740e-03	1.363513e-03	1.147064e-03
-5.663937e-04	1.102703e-02	4.349635e-03	5.694083e-03
6.132899e-02	-2.757001e-03	-1.054958e-02	-1.055084e-02
-9.376192e-02	-1.057724e-01	-1.055084e-02	-1.055084e-02
-1.057724e-01	-1.057755e-01	-1.055052e-02	-1.055052e-02
-1.057724e-01	-1.057755e-01	-1.055084e-02	-1.055052e-02
1.440514e-05	-4.872840e-05	2.505953e-05	2.947687e-05
3.966346e-05	3.334888e-05	2.348191e-05	2.064219e-05
-3.044045e-04	-1.623622e-04	1.306961e-05	1.433170e-05
-1.371103e-04	-1.528928e-04	1.433170e-05	1.717142e-05
-2.160227e-04	1.728814e-03	-2.637920e-05	2.853029e-05
-6.689995e-03	-2.681246e-03	-1.482098e-04	2.821477e-05
-6.412223e-03	1.302580e-03	-1.513660e-04	2.853029e-05
-6.222833e-03	4.819802e-03	-1.611504e-04	2.884582e-05
-7.097183e-03	-6.737145e-04	-1.516817e-04	1.012941e-02
-1.188223e-03	6.909928e-03	8.949598e-04	7.378288e-04
-8.883562e-04	6.161650e-03	7.479255e-04	7.100626e-04
-6.926535e-04	6.723648e-03	3.499928e-03	3.313137e-03
-4.653858e-04	1.870557e-02	6.129822e-03	8.157065e-03
-1.102702e-02	-7.350985e-02	-1.055052e-02	-1.055052e-02
-1.040584e-01	-1.057724e-01	-1.055052e-02	-1.055052e-02
-1.057724e-01	-1.057724e-01	-1.055052e-02	-1.055052e-02
-1.033955e-01	-1.057724e-01	-1.055052e-02	-1.055052e-02
1.124785e-05	-4.241541e-05	2.632162e-05	2.158876e-05
1.440514e-05	3.334888e-05	2.442848e-05	2.032666e-05
-1.528928e-04	-1.276408e-04	1.370065e-05	1.401618e-05
-1.244843e-04	-1.276408e-04	1.433170e-05	1.527827e-05
-3.760767e-03	-3.596629e-03	-1.163318e-04	2.884582e-05
-6.576361e-03	-4.404692e-03	-1.418973e-04	2.884582e-05
-6.333311e-03	3.127494e-03	-1.658847e-04	2.916134e-05
-6.083948e-03	4.829274e-03	-1.343224e-04	2.853029e-05
1.011014e-01	1.011014e-01	1.012941e-02	1.012941e-02
-1.175597e-03	6.726805e-03	1.348053e-03	9.501766e-04
-8.126003e-04	6.395290e-03	7.485566e-04	7.113247e-04
-5.190462e-04	8.545404e-03	3.482890e-03	3.950181e-03
1.363496e-02	4.070241e-02	-8.118961e-03	-1.029676e-02
-7.296377e-02	-1.057724e-01	-1.055052e-02	-1.055052e-02
-1.057692e-01	-1.057724e-01	-1.055084e-02	-1.055052e-02
-1.057724e-01	-1.057724e-01	-1.055115e-02	-1.055052e-02
-1.019120e-01	-5.637323e-02	2.758372e-05	2.095771e-05
-1.400695e-05	-7.398037e-05	2.853029e-05	2.158876e-05
-1.380967e-06	-1.055453e-04	-5.232443e-06	1.527827e-05
-1.434233e-04	-1.276408e-04	1.527827e-05	1.622485e-05
-1.181713e-04	-1.213278e-04	1.527827e-05	1.496275e-05
-6.835194e-03	3.219055e-03	-6.930398e-05	2.853029e-05
-6.475353e-03	1.321523e-03	-9.455384e-05	2.916134e-05
-6.270181e-03	-4.464665e-03	-9.928819e-05	2.916134e-05
-6.106043e-03	1.570949e-03	-1.409505e-04	2.663715e-05
2.271848e-02	1.299718e-02	2.171255e-03	2.202492e-03
-8.126003e-04	5.350226e-03	7.649639e-04	7.207905e-04
-8.378522e-04	6.313200e-03	1.382760e-03	9.946655e-04
-4.432903e-04	9.887253e-03	4.160951e-03	5.565980e-03
6.109851e-02	-2.864322e-03	-1.054958e-02	-1.055052e-02
-9.450686e-02	-1.057724e-01	-1.055052e-02	-1.055052e-02
-1.057755e-01	-1.057724e-01	-1.055084e-02	-1.055052e-02
-1.057724e-01	-1.057755e-01	-1.055052e-02	-1.055084e-02
-4.872840e-05	1.440514e-05	2.821477e-05	2.221981e-05
-4.872840e-05	-7.398037e-05	2.663715e-05	2.411295e-05
-1.371103e-04	-1.402668e-04	1.811799e-05	1.306961e-05
-1.339538e-04	-1.181713e-04	1.401618e-05	1.590932e-05
-1.907707e-04	-3.116842e-03	-1.999720e-04	2.726820e-05
-6.677369e-03	-4.600395e-03	-1.513660e-04	2.853029e-05
-6.361719e-03	-2.592864e-03	-1.134912e-04	2.916134e-05
-6.181799e-03	-3.486152e-03	-1.147537e-04	2.884582e-05
-7.043522e-03	-4.890793e-03	-1.971314e-04	1.012941e-02
-1.102998e-03	6.909928e-03	1.211746e-03	7.791625e-04
-7.084360e-04	6.272155e-03	8.533106e-04	7.195284e-04
-6.484626e-04	6.726805e-03	3.168627e-03	3.290735e-03
-4.685423e-04	1.829512e-02	5.910849e-03	7.886977e-03
1.321819e-02	-5.190995e-02	-1.054989e-02	-1.055052e-02
-1.033356e-01	-1.057724e-01	-1.055052e-02	-1.055021e-02
-1.057755e-01	-1.057724e-01	-1.055084e-02	-1.055084e-02
-1.032503e-01	-1.057724e-01	-1.055084e-02	-1.055052e-02
1.124785e-05	-4.241541e-05	2.537505e-05	2.789924e-05
2.387701e-05	1.756243e-05	2.190428e-05	2.916134e-05
-1.055453e-04	-8.976284e-05	1.559380e-05	1.370065e-05
-1.023888e-04	-1.244843e-04	1.559380e-05	1.559380e-05
-2.845383e-03	-4.376284e-03	-7.403833e-05	2.853029e-05
-6.601613e-03	1.564832e-04	-1.299037e-04	2.853029e-05
-6.317528e-03	-4.631960e-03	-1.166475e-04	2.916134e-05
-6.238616e-03	-1.399708e-03	-9.171323e-05	2.884582e-05
1.011014e-01	1.011014e-01	1.012941e-02	1.012941e-02
-1.276605e-03	6.767850e-03	1.533581e-03	1.204805e-03
-8.536347e-04	6.272155e-03	8.520485e-04	7.176352e-04
-5.790197e-04	7.026748e-03	3.244984e-03	3.794627e-03
1.276670e-02	4.006780e-02	-8.077298e-03	-1.025163e-02
-7.187162e-02	-1.057692e-01	-1.055052e-02	-1.055084e-02
-1.057724e-01	-1.057724e-01	-1.055052e-02	-1.055052e-02
-1.057724e-01	-1.057724e-01	-1.055052e-02	-1.055084e-02
-1.024612e-01	-9.122095e-02	-2.041950e-03	2.316638e-05
-4.537462e-06	-6.135438e-05	2.853029e-05	2.190428e-05
4.933267e-06	3.966346e-05	2.695267e-05	-8.137163e-07
-1.497363e-04	-1.528928e-04	1.622485e-05	1.527827e-05
-1.307973e-04	-1.307973e-04	1.464723e-05	1.559380e-05
-6.847820e-03	4.289377e-03	-1.759846e-04	2.916134e-05
-6.475353e-03	4.361994e-03	-2.081782e-04	2.884582e-05
-6.235459e-03	4.870318e-03	-1.851377e-04	2.916134e-05
-6.134452e-03	-4.590925e-03	-1.873471e-04	2.726820e-05
3.516768e-02	2.811429e-02	3.975423e-03	3.680723e-03
-8.220698e-04	5.530192e-03	7.289941e-04	7.425616e-04
-8.757302e-04	6.638401e-03	1.360989e-03	1.069760e-03
-5.285157e-04	1.043662e-02	4.062508e-03	5.156746e-03
5.402618e-02	-9.704448e-03	-1.054926e-02	-1.055052e-02
-9.213633e-02	-1.057724e-01	-1.055052e-02	-1.055052e-02
-1.057755e-01	-1.057724e-01	-1.055052e-02	-1.055115e-02
-1.057755e-01	-1.057724e-01	-1.055052e-02	-1.055052e-02
-6.766737e-05	4.933267e-06	2.758372e-05	2.253533e-05
-5.819789e-05	3.650617e-05	2.411295e-05	1.874904e-05
-4.338209e-04	-2.128662e-04	1.717142e-05	1.243856e-05
-6.451087e-05	-1.276408e-04	1.433170e-05	1.496275e-05
-1.434233e-04	-3.031617e-03	-3.337963e-04	2.789924e-05
-6.749969e-03	-3.034773e-03	-1.703034e-04	2.853029e-05
-6.459571e-03	1.400456e-03	-1.523129e-04	2.853029e-05
-6.254399e-03	3.301342e-04	-1.327443e-04	2.947687e-05
-6.910949e-03	3.484268e-03	-2.170157e-04	1.012941e-02
-1.099841e-03	6.812052e-03	2.034949e-03	7.763227e-04
-7.557834e-04	6.692075e-03	8.268066e-04	7.435082e-04
-6.484626e-04	6.628929e-03	2.691555e-03	3.015598e-03
-4.874813e-04	2.089673e-02	6.298628e-03	8.381403e-03
-3.248488e-02	-9.320953e-02	-1.055021e-02	-1.055052e-02
-1.057629e-01	-1.057724e-01	-1.055052e-02	-1.055115e-02
-1.057724e-01	-1.057755e-01	-1.055052e-02	-1.055052e-02
-1.029473e-01	-1.057724e-01	-1.055052e-02	-1.048235e-02
1.124785e-05	-1.380967e-06	2.285086e-05	2.663715e-05
-2.978943e-05	-3.294592e-05	2.979239e-05	2.632162e-05
-1.749882e-04	-1.339538e-04	1.401618e-05	1.433170e-05
-1.402668e-04	-1.434233e-04	1.496275e-05	1.559380e-05
-3.101059e-03	4.677723e-03	-1.103350e-04	2.853029e-05
-6.633178e-03	5.160789e-03	-1.816659e-04	2.853029e-05
-6.323841e-03	2.720203e-03	-1.286412e-04	2.884582e-05
-6.166017e-03	4.270433e-03	-1.882940e-04	2.916134e-05
1.011014e-01	1.011014e-01	1.012941e-02	1.012941e-02
-1.213475e-03	6.755221e-03	1.030320e-03	7.501342e-04
-8.946692e-04	6.227953e-03	1.161893e-03	7.166886e-04
-5.663937e-04	7.323533e-03	3.180617e-03	3.534636e-03
7.123637e-05	3.218720e-02	-7.474143e-03	-9.690450e-03
-7.895165e-02	-1.057724e-01	-1.055052e-02	-1.055021e-02
-1.057724e-01	-1.057755e-01	-1.055052e-02	-1.055052e-02
-1.057724e-01	-1.057755e-01	-1.055052e-02	-1.055084e-02
-1.023539e-01	-8.117066e-02	-3.659899e-04	2.348191e-05
2.703430e-05	1.775976e-06	2.411295e-05	2.569058e-05
-2.347644e-05	8.090557e-06	1.710733e-06	1.275408e-05
-1.118583e-04	-1.181713e-04	1.496275e-05	1.654037e-05
-1.307973e-04	-1.118583e-04	1.559380e-05	1.654037e-05
-6.772064e-03	-3.369362e-03	-5.194469e-05	2.916134e-05
-6.465884e-03	-4.755063e-03	-1.014975e-04	2.884582e-05
-6.257555e-03	-4.376284e-03	-8.571639e-05	2.853029e-05
-6.159704e-03	5.890320e-04	-1.273787e-04	2.726820e-05
4.020356e-02	2.827531e-02	4.125928e-03	3.989306e-03
-8.915127e-04	5.609124e-03	7.337269e-04	7.435082e-04
-8.346958e-04	6.161650e-03	1.064712e-03	9.426040e-04
-5.253592e-04	1.087233e-02	4.221216e-03	5.346691e-03
5.601527e-02	-7.138217e-03	-1.054989e-02	-1.055021e-02
-9.421646e-02	-1.057724e-01	-1.055084e-02	-1.055052e-02
-1.057692e-01	-1.057787e-01	-1.055084e-02	-1.055084e-02
-1.057724e-01	-1.057787e-01	-1.055052e-02	-1.055084e-02
-6.451087e-05	-1.400695e-05	2.695267e-05	2.947687e-05
-4.537462e-06	-6.135438e-05	2.695267e-05	2.253533e-05
-6.766737e-05	-1.560493e-04	1.685590e-05	2.032666e-05
-9.923233e-05	-1.307973e-04	1.464723e-05	1.464723e-05
-1.150148e-04	1.971925e-03	1.306961e-05	2.853029e-05
-6.626865e-03	-4.575143e-03	-1.115975e-04	2.884582e-05
-6.409067e-03	-4.688777e-03	-1.030757e-04	2.884582e-05
-6.229146e-03	-4.385753e-03	-9.834132e-05	2.947687e-05
-6.936201e-03	-1.614350e-03	-2.088095e-04	2.726820e-05
-1.102998e-03	6.957287e-03	2.407583e-03	7.996715e-04
-7.589399e-04	6.502637e-03	9.886705e-04	7.558137e-04
-6.263671e-04	6.796265e-03	2.720268e-03	3.108993e-03
-5.663937e-04	1.691854e-02	5.725636e-03	7.640868e-03
5.004483e-02	-1.741577e-02	-1.054989e-02	-1.055052e-02
-1.013596e-01	-1.057724e-01	-1.055052e-02	-1.055052e-02
-1.057755e-01	-1.057787e-01	-1.055052e-02	-1.055052e-02
-1.045414e-01	-1.057755e-01	-1.055052e-02	-1.055084e-02
-2.347644e-05	2.071972e-05	2.442848e-05	2.221981e-05
-3.294592e-05	-3.294592e-05	2.947687e-05	2.253533e-05
-9.607583e-05	-1.655187e-04	1.590932e-05	1.464723e-05
-1.276408e-04	-1.118583e-04	1.496275e-05	1.527827e-05
-1.781644e-03	1.845634e-03	-5.226031e-05	2.853029e-05
-6.585830e-03	-4.328936e-03	-9.834132e-05	2.821477e-05
-6.336467e-03	2.666529e-03	-1.018132e-04	2.916134e-05
-6.156547e-03	4.327264e-03	-8.287578e-05	2.821477e-05
-4.006974e-03	1.011014e-01	1.012941e-02	1.012941e-02
-1.270292e-03	6.613142e-03	1.152428e-03	1.105414e-03
-8.694172e-04	6.328986e-03	8.394276e-04	7.513963e-04
-6.137411e-04	6.767850e-03	3.098581e-03	3.610992e-03
6.767850e-03	3.370270e-02	-7.592501e-03	-9.824905e-03
-7.542900e-02	-1.057692e-01	-1.055052e-02	-1.055052e-02
-1.057755e-01	-1.057755e-01	-1.055052e-02	-1.055084e-02
-1.057755e-01	-1.057755e-01	-1.055052e-02	-1.055084e-02
-1.020635e-01	-1.057724e-01	-3.743791e-03	2.853029e-05
-2.347644e-05	8.090557e-06	2.190428e-05	2.789924e-05
-9.291933e-05	-5.188489e-05	2.095771e-05	-4.058225e-05
-1.307973e-04	-1.244843e-04	1.401618e-05	1.906457e-05
-1.402668e-04	-1.244843e-04	1.496275e-05	1.527827e-05
-6.882541e-03	4.529331e-03	-9.960381e-05	2.884582e-05
-6.494292e-03	-2.564455e-03	-1.444223e-04	2.884582e-05
-6.184956e-03	5.186047e-03	-1.589410e-04	2.916134e-05
-6.128139e-03	2.704417e-03	-1.620972e-04	2.758372e-05
5.385884e-02	4.419753e-02	4.995828e-03	4.393492e-03
-8.504782e-04	5.924853e-03	7.842108e-04	7.318338e-04
-7.936613e-04	6.341616e-03	1.097526e-03	8.003025e-04
-5.348287e-04	9.732545e-03	3.788317e-03	4.859837e-03
5.217285e-02	-9.069992e-03	-1.054958e-02	-1.055084e-02
-9.167232e-02	-1.057724e-01	-1.055052e-02	-1.055052e-02
-1.057755e-01	-1.057755e-01	-1.055052e-02	-1.055052e-02
-1.057724e-01	-1.057724e-01	-1.055052e-02	-1.055084e-02
-7.082387e-05	2.703430e-05	2.253533e-05	2.695267e-05
-2.031994e-05	-6.451087e-05	2.411295e-05	2.695267e-05
-3.454390e-04	-1.055453e-04	1.338513e-05	1.149198e-05
-9.923233e-05	-1.307973e-04	1.338513e-05	1.433170e-05
-1.402668e-04	3.806509e-04	2.452954e-04	2.789924e-05
-6.743656e-03	-1.488090e-03	-1.576785e-04	2.853029e-05
-6.446945e-03	4.983981e-03	-1.336911e-04	2.884582e-05
-6.213364e-03	-1.983660e-03	-1.529442e-04	2.821477e-05
-6.854133e-03	1.911937e-03	-2.094407e-04	2.695267e-05
-1.077746e-03	7.317218e-03	2.841429e-03	7.608620e-04
-8.978257e-04	6.688918e-03	8.697179e-04	7.289941e-04
-7.778789e-04	6.638401e-03	2.165260e-03	3.242460e-03
-3.706909e-04	1.912549e-02	5.935459e-03	7.747515e-03
8.355632e-02	1.841825e-02	-1.054926e-02	-1.055052e-02
-9.912481e-02	-1.057692e-01	-1.055052e-02	-1.055052e-02
-1.057724e-01	-1.057755e-01	-1.055084e-02	-1.055084e-02
-1.051537e-01	-1.057755e-01	-1.055052e-02	-1.055052e-02
-5.819789e-05	3.019159e-05	2.474400e-05	2.600610e-05
-6.766737e-05	-4.241541e-05	2.253533e-05	2.632162e-05
-1.655187e-04	-1.686752e-04	1.275408e-05	1.306961e-05
-1.307973e-04	-1.244843e-04	1.717142e-05	1.559380e-05
-2.693872e-03	-4.559163e-04	-7.561644e-05	2.884582e-05
-6.630022e-03	5.324968e-03	-1.545223e-04	2.821477e-05
-6.314372e-03	-3.022147e-03	-1.276943e-04	2.821477e-05
-6.200738e-03	-1.368143e-03	-1.194881e-04	2.853029e-05
-7.690604e-03	1.011014e-01	1.012941e-02	1.012941e-02
-1.207162e-03	6.739434e-03	9.385022e-04	7.277320e-04
-8.378522e-04	6.490008e-03	1.296938e-03	7.334114e-04
-5.948021e-04	6.632086e-03	2.770436e-03	3.246562e-03
-4.211949e-04	-2.961878e-02	-7.331796e-03	-9.563885e-03
-8.892301e-02	-1.057724e-01	-1.055084e-02	-1.055084e-02
-1.057724e-01	-1.057724e-01	-1.055084e-02	-1.055052e-02
-1.057724e-01	-1.057755e-01	-1.055052e-02	-1.055052e-02
-1.012491e-01	-1.009871e-01	-2.474354e-03	2.505953e-05
-6.135438e-05	3.650617e-05	2.095771e-05	2.853029e-05
-2.978943e-05	-4.872840e-05	-1.059804e-05	2.001114e-05
-1.181713e-04	-1.244843e-04	1.464723e-05	1.370065e-05
-1.213278e-04	-1.181713e-04	1.654037e-05	1.811799e-05
-6.803629e-03	-4.022756e-03	-9.171323e-05	2.853029e-05
-6.541640e-03	-9.041387e-04	-1.046538e-04	2.884582e-05
-6.295433e-03	3.610559e-03	-8.634763e-05	2.884582e-05
-6.115513e-03	-2.128662e-04	-1.115975e-04	2.695267e-05
6.387377e-02	5.009219e-02	5.763499e-03	5.079758e-03
-7.778789e-04	6.600514e-03	7.842108e-04	7.349891e-04
-7.999743e-04	6.202695e-03	1.347737e-03	1.013912e-03
-5.600807e-04	9.726231e-03	3.791472e-03	4.733943e-03
4.916710e-02	-1.398150e-02	-1.054989e-02	-1.055052e-02
-9.154922e-02	-1.057692e-01	-1.055052e-02	-1.055052e-02
-1.057724e-01	-1.057755e-01	-1.055052e-02	-1.055052e-02
-1.057724e-01	-1.057755e-01	-1.055052e-02	-1.055052e-02
8.090557e-06	-3.294592e-05	2.064219e-05	2.348191e-05
2.703430e-05	-7.693958e-06	2.221981e-05	2.569058e-05
-3.012480e-04	-1.055453e-04	1.180751e-05	1.370065e-05
-1.276408e-04	-1.307973e-04	1.464723e-05	1.464723e-05
-1.118583e-04	-1.055453e-04	2.537505e-05	2.853029e-05
-6.708934e-03	4.573533e-03	-7.751018e-05	2.884582e-05
-6.393285e-03	2.316070e-03	-1.037069e-04	2.853029e-05
-6.197582e-03	7.658403e-04	-9.171323e-05	2.916134e-05
-6.724716e-03	-5.001270e-03	-2.242750e-04	2.695267e-05
-1.222945e-03	7.029905e-03	2.263073e-03	8.015647e-04
-9.388601e-04	6.812052e-03	1.303879e-03	7.289941e-04
-7.147489e-04	6.676288e-03	1.888546e-03	3.003293e-03
-4.653858e-04	1.755631e-02	5.686195e-03	7.504877e-03
8.183243e-02	1.754368e-02	-1.054926e-02	-1.055084e-02
-9.983817e-02	-1.057724e-01	-1.055052e-02	-1.055052e-02
-1.057724e-01	-1.057724e-01	-1.055115e-02	-1.055052e-02
-1.046866e-01	-1.057724e-01	-1.055052e-02	-1.055052e-02
-2.663293e-05	-4.537462e-06	2.663715e-05	2.853029e-05
3.650617e-05	3.966346e-05	2.537505e-05	2.285086e-05
-1.181713e-04	-8.976284e-05	1.496275e-05	1.401618e-05
-1.244843e-04	-1.244843e-04	1.559380e-05	1.717142e-05
-7.179055e-04	4.450398e-03	-5.352281e-05	2.884582e-05
-6.623709e-03	-1.507029e-03	-1.270630e-04	2.884582e-05
-6.336467e-03	-2.476073e-03	-1.406348e-04	2.947687e-05
-6.159704e-03	4.523016e-03	-1.564160e-04	2.853029e-05
-8.309277e-03	1.011014e-01	1.012941e-02	1.012941e-02
-1.194536e-03	6.123763e-03	1.366353e-03	8.823388e-04
-8.915127e-04	5.937482e-03	1.122137e-03	7.296251e-04
-4.527598e-04	6.726805e-03	3.048097e-03	3.498666e-03
-5.032637e-04	-2.966613e-02	-7.364306e-03	-9.610597e-03
-8.788768e-02	-1.057724e-01	-1.055052e-02	-1.055052e-02
-1.057724e-01	-1.057724e-01	-1.055115e-02	-1.055052e-02
-1.057724e-01	-1.057755e-01	-1.055052e-02	-1.055052e-02
-1.023350e-01	-1.057724e-01	-5.840476e-03	2.916134e-05
2.387701e-05	8.090557e-06	2.032666e-05	2.821477e-05
-7.398037e-05	-2.978943e-05	2.411295e-05	1.079684e-06
-1.307973e-04	-1.213278e-04	1.527827e-05	1.370065e-05
-1.307973e-04	-1.213278e-04	1.717142e-05	1.590932e-05
-6.857289e-03	2.931742e-03	-1.024444e-04	2.821477e-05
-6.497449e-03	5.331283e-03	-1.542066e-04	2.853029e-05
-6.368032e-03	4.772442e-03	-1.292724e-04	2.821477e-05
-6.134452e-03	4.737712e-03	-1.519973e-04	2.695267e-05
8.224288e-02	6.096590e-02	6.252561e-03	5.848375e-03
-8.315393e-04	6.799423e-03	7.532894e-04	7.539205e-04
-7.589399e-04	6.224796e-03	9.735253e-04	7.810556e-04
-5.632372e-04	8.191788e-03	3.680723e-03	4.821974e-03
4.780316e-02	-1.245060e-02	-1.054958e-02	-1.055052e-02
-9.125882e-02	-1.057724e-01	-1.055052e-02	-1.055052e-02
-1.057724e-01	-1.057724e-01	-1.055084e-02	-1.055084e-02
-1.057724e-01	-1.057755e-01	-1.055052e-02	-1.055084e-02
-1.750079e-03	-2.031994e-05	2.853029e-05	2.095771e-05
3.019159e-05	8.090557e-06	2.285086e-05	1.938009e-05
-1.813012e-04	-2.759961e-04	8.967791e-06	1.433170e-05
-1.244843e-04	-1.371103e-04	1.685590e-05	1.464723e-05
-1.244843e-04	-1.592057e-04	2.600610e-05	2.821477e-05
-6.784690e-03	4.914520e-03	-1.179100e-04	2.853029e-05
-6.462727e-03	-3.577690e-03	-1.273787e-04	2.916134e-05
-6.254399e-03	-4.436257e-03	-1.538910e-04	2.916134e-05
-6.693151e-03	5.290238e-03	-2.829810e-04	2.663715e-05
-1.118780e-03	6.859411e-03	1.278953e-03	8.955909e-04
-8.504782e-04	6.780479e-03	7.744296e-04	7.151110e-04
-7.494704e-04	6.733119e-03	1.992984e-03	3.355102e-03
-4.338209e-04	1.586716e-02	5.415791e-03	7.206075e-03
7.961602e-02	1.384018e-02	-1.054958e-02	-1.055052e-02
-9.793796e-02	-1.057692e-01	-1.055052e-02	-1.055052e-02
-1.057724e-01	-1.057724e-01	-1.055052e-02	-1.055052e-02
-1.057724e-01	-1.057724e-01	-1.055084e-02	-1.055052e-02
-3.294592e-05	-4.557191e-05	2.663715e-05	2.158876e-05
-1.716344e-05	-2.347644e-05	2.221981e-05	2.979239e-05
-1.339538e-04	-1.686752e-04	1.243856e-05	1.338513e-05
-1.244843e-04	-1.307973e-04	1.433170e-05	1.433170e-05
-3.959429e-04	-4.208989e-03	-7.435395e-05	2.884582e-05
-6.626865e-03	2.107689e-03	-1.444223e-04	2.916134e-05
-6.336467e-03	-2.444311e-04	-1.608347e-04	2.884582e-05
-6.216520e-03	-4.354188e-03	-1.302193e-04	2.916134e-05
-7.655883e-03	1.011014e-01	1.012941e-02	1.012941e-02
-1.185067e-03	5.918539e-03	1.106361e-03	1.108885e-03
-6.168976e-04	6.000628e-03	8.952754e-04	7.271009e-04
-5.506112e-04	6.647873e-03	2.931353e-03	3.587644e-03
-5.158897e-04	-2.977660e-02	-7.345684e-03	-9.580296e-03
-8.861052e-02	-1.057724e-01	-1.055052e-02	-1.055052e-02
-1.057724e-01	-1.057755e-01	-1.055052e-02	-1.055052e-02
-1.057724e-01	-1.057755e-01	-1.055084e-02	-1.055052e-02
-1.021424e-01	-1.057692e-01	-4.691923e-03	2.158876e-05
2.071972e-05	-4.557191e-05	2.600610e-05	2.411295e-05
-2.347644e-05	-1.380967e-06	2.695267e-05	4.486360e-07
-1.276408e-04	-1.339538e-04	1.811799e-05	1.433170e-05
-1.213278e-04	-1.118583e-04	1.590932e-05	1.654037e-05
-6.791003e-03	3.837884e-03	-6.804148e-05	2.853029e-05
-6.522701e-03	4.469342e-03	-1.721972e-04	2.853029e-05
-6.301746e-03	4.826116e-03	-1.980783e-04	2.916134e-05
-6.102887e-03	-2.820131e-03	-1.037069e-04	2.695267e-05
8.857010e-02	7.368978e-02	6.838806e-03	5.791580e-03
-7.778789e-04	6.657345e-03	7.801090e-04	7.687501e-04
-8.062873e-04	6.294256e-03	1.038208e-03	7.826332e-04
-4.401339e-04	8.090755e-03	3.522646e-03	4.605840e-03
4.459850e-02	-1.508627e-02	-1.054958e-02	-1.055052e-02
-9.095895e-02	-1.057724e-01	-1.055084e-02	-1.055084e-02
-1.057724e-01	-1.057724e-01	-1.055084e-02	-1.055084e-02
-1.057755e-01	-1.057724e-01	-1.055084e-02	-1.055052e-02
4.933267e-06	-4.537462e-06	2.127324e-05	2.095771e-05
-7.693958e-06	3.966346e-05	2.285086e-05	2.916134e-05
-3.770039e-04	-2.065532e-04	1.559380e-05	1.906457e-05
-1.244843e-04	-1.150148e-04	1.559380e-05	1.748694e-05
-1.118583e-04	-1.907707e-04	2.663715e-05	2.853029e-05
-6.746812e-03	4.560904e-03	-1.324286e-04	2.884582e-05
-6.393285e-03	-1.358674e-03	-1.087569e-04	2.947687e-05
-6.213364e-03	8.384580e-04	-8.319140e-05	2.884582e-05
-6.566891e-03	5.517563e-03	-2.286938e-04	2.726820e-05
-1.226101e-03	6.894141e-03	1.647801e-03	8.769750e-04
-9.262341e-04	6.682603e-03	1.315238e-03	7.472945e-04
-6.926535e-04	6.669974e-03	1.537367e-03	2.486464e-03
-4.780118e-04	1.635654e-02	5.522754e-03	7.325344e-03
8.046848e-02	1.592083e-02	-1.054926e-02	-1.055052e-02
-9.887229e-02	-1.057692e-01	-1.055052e-02	-1.055052e-02
-1.057724e-01	-1.057724e-01	-1.055052e-02	-1.055084e-02
-1.043172e-01	-1.057724e-01	-1.055052e-02	-1.055052e-02
1.775976e-06	-5.819789e-05	2.569058e-05	2.916134e-05
-2.031994e-05	-3.294592e-05	2.285086e-05	2.853029e-05
-1.339538e-04	-1.276408e-04	1.874904e-05	1.559380e-05
-1.307973e-04	-1.118583e-04	1.590932e-05	1.622485e-05
-2.065532e-04	4.333579e-03	-5.415406e-05	2.821477e-05
-6.642648e-03	5.072385e-03	-1.854533e-04	2.821477e-05
-6.355406e-03	1.176288e-03	-9.455384e-05	2.916134e-05
-6.238616e-03	-3.034773e-03	-1.021288e-04	2.789924e-05
-8.227209e-03	1.011014e-01	1.012941e-02	1.012941e-02
-1.178754e-03	5.710158e-03	1.370139e-03	7.769538e-04
-8.126003e-04	5.804876e-03	1.278637e-03	7.362511e-04
-5.884891e-04	7.282488e-03	3.037054e-03	3.380029e-03
-4.906378e-04	2.753019e-02	-7.114332e-03	-9.381454e-03
-8.845901e-02	-1.057724e-01	-1.055052e-02	-1.055084e-02
-1.057724e-01	-1.057755e-01	-1.055084e-02	-1.055052e-02
-1.057724e-01	-1.057724e-01	-1.055084e-02	-1.055084e-02
-1.023476e-01	-1.057724e-01	-8.022380e-03	-6.551009e-04
1.440514e-05	-4.537462e-06	2.127324e-05	2.979239e-05
2.387701e-05	3.650617e-05	2.853029e-05	2.632162e-05
-1.497363e-04	-1.181713e-04	1.306961e-05	1.370065e-05
-1.244843e-04	-1.307973e-04	1.559380e-05	1.654037e-05
-6.825724e-03	-2.990582e-03	-1.040225e-04	2.916134e-05
-6.510075e-03	2.843338e-03	-1.381099e-04	2.821477e-05
-6.260712e-03	-3.905966e-03	-1.579941e-04	2.916134e-05
-6.150234e-03	3.013831e-03	-1.532598e-04	2.758372e-05
1.002773e-01	8.027589e-02	8.103111e-03	7.147072e-03
-8.915127e-04	6.815209e-03	7.394064e-04	7.741140e-04
-8.220698e-04	6.310042e-03	8.255445e-04	7.163731e-04
-5.379852e-04	9.637827e-03	3.769070e-03	4.697658e-03
4.142543e-02	-1.642463e-02	-1.045363e-02	-1.055052e-02
-8.997413e-02	-1.057755e-01	-1.055052e-02	-1.055052e-02
-1.057724e-01	-1.057724e-01	-1.055052e-02	-1.055052e-02
-1.057724e-01	-1.057724e-01	-1.055052e-02	-1.055052e-02
-2.595724e-02	-1.400695e-05	2.916134e-05	2.253533e-05
8.090557e-06	-3.294592e-05	2.505953e-05	2.285086e-05
-4.557191e-05	-3.485955e-04	8.652266e-06	1.338513e-05
-1.339538e-04	-1.339538e-04	1.527827e-05	1.401618e-05
-1.150148e-04	-1.402668e-04	2.663715e-05	2.884582e-05
-6.832037e-03	-1.917374e-03	-1.103350e-04	2.884582e-05
-6.431162e-03	-4.133234e-03	-1.671472e-04	2.884582e-05
-6.254399e-03	-3.331484e-03	-1.441067e-04	2.853029e-05
-6.547953e-03	-5.165407e-03	-2.157532e-04	2.663715e-05
-1.166128e-03	6.897299e-03	1.480257e-03	2.494668e-03
-1.137719e-03	6.445806e-03	1.127817e-03	7.454014e-04
-7.305314e-04	6.692075e-03	1.445234e-03	2.326809e-03
-4.559163e-04	1.512520e-02	5.427781e-03	7.257191e-03
8.010224e-02	1.459477e-02	-1.054958e-02	-1.055052e-02
-9.779908e-02	-1.057724e-01	-1.055052e-02	-1.055052e-02
-1.057724e-01	-1.057755e-01	-1.055115e-02	-1.055052e-02
-1.057724e-01	-1.057755e-01	-1.055052e-02	-1.055052e-02
-1.380967e-06	-3.294592e-05	2.348191e-05	2.663715e-05
-5.819789e-05	-7.713686e-05	2.979239e-05	2.537505e-05
-1.592057e-04	-9.923233e-05	1.149198e-05	1.496275e-05
-1.307973e-04	-1.371103e-04	1.370065e-05	1.527827e-05
6.521778e-04	1.353096e-03	-7.940392e-05	2.853029e-05
-6.689995e-03	4.674566e-03	-2.091251e-04	2.853029e-05
-6.402754e-03	-7.336879e-04	-1.371630e-04	2.853029e-05
-6.207051e-03	4.832431e-03	-1.368474e-04	2.884582e-05
-7.498058e-03	4.170958e-02	1.012941e-02	1.012941e-02
-1.071433e-03	6.796265e-03	9.694236e-04	7.905213e-04
-8.725737e-04	6.360559e-03	7.608620e-04	7.141645e-04
-5.758632e-04	8.027609e-03	3.134235e-03	3.597109e-03
-4.969508e-04	2.716710e-02	-7.037004e-03	-9.312648e-03
-8.906190e-02	-1.057724e-01	-1.055052e-02	-1.055052e-02
-1.057724e-01	-1.057724e-01	-1.055021e-02	-1.055052e-02
-1.057755e-01	-1.057755e-01	-1.055052e-02	-1.055084e-02
-1.025054e-01	-1.057755e-01	-7.324537e-03	-5.446968e-05
1.775976e-06	-5.188489e-05	2.474400e-05	2.884582e-05
-1.085045e-05	-3.925891e-05	2.221981e-05	4.486360e-07
-1.528928e-04	-1.371103e-04	1.464723e-05	1.527827e-05
-1.181713e-04	-1.181713e-04	1.527827e-05	1.590932e-05
-6.775220e-03	4.317792e-03	-1.362161e-04	2.821477e-05
-6.513231e-03	4.857689e-03	-1.450536e-04	2.884582e-05
-6.320685e-03	-4.672994e-03	-1.078100e-04	2.916134e-05
-6.147078e-03	-2.239336e-03	-9.329135e-05	2.758372e-05
1.011014e-01	8.631895e-02	8.219223e-03	7.006664e-03
-7.526269e-04	6.808895e-03	7.703278e-04	7.450858e-04
-6.011151e-04	5.931168e-03	8.438449e-04	7.255233e-04
-5.001072e-04	8.434899e-03	3.458910e-03	4.416210e-03
4.077503e-02	-1.054408e-02	-1.028540e-02	-1.055052e-02
-9.020455e-02	-1.057692e-01	-1.055052e-02	-1.055052e-02
-1.057724e-01	-1.057724e-01	-1.055052e-02	-1.055084e-02
-1.057724e-01	-1.057724e-01	-1.055052e-02	-1.055052e-02
-1.186033e-02	-7.398037e-05	2.379743e-05	2.663715e-05
8.090557e-06	-4.557191e-05	2.789924e-05	2.379743e-05
-2.254921e-04	-1.181713e-04	1.180751e-05	1.748694e-05
-1.307973e-04	-1.307973e-04	1.433170e-05	1.496275e-05
-1.276408e-04	-1.276408e-04	2.221981e-05	2.853029e-05
-6.749969e-03	4.481971e-03	-7.340708e-05	2.853029e-05
-6.450101e-03	4.349365e-03	-9.550071e-05	2.853029e-05
-6.257555e-03	-3.533499e-03	-7.624768e-05	2.853029e-05
-6.475353e-03	-5.604160e-03	-1.993408e-04	2.726820e-05
-1.058807e-03	8.248619e-03	1.454700e-03	2.110990e-03
-1.033555e-03	5.984842e-03	1.229731e-03	7.365667e-04
-7.179055e-04	6.669974e-03	1.321233e-03	1.854153e-03
-4.464468e-04	1.557669e-02	5.359312e-03	7.028120e-03
7.797422e-02	1.393174e-02	-1.054989e-02	-1.055021e-02
-9.853770e-02	-1.057724e-01	-1.055084e-02	-1.055084e-02
-1.057724e-01	-1.057724e-01	-1.055052e-02	-1.055084e-02
-1.057724e-01	-1.057724e-01	-1.055052e-02	-1.055115e-02
2.071972e-05	1.775976e-06	3.042344e-05	2.221981e-05
8.090557e-06	-1.716344e-05	2.190428e-05	2.979239e-05
-1.055453e-04	-1.655187e-04	1.401618e-05	1.401618e-05
-1.307973e-04	-1.244843e-04	1.590932e-05	1.654037e-05
3.676862e-03	-3.959626e-03	-6.867273e-05	2.853029e-05
-6.639491e-03	-4.922357e-03	-1.030757e-04	2.916134e-05
-6.308059e-03	3.686334e-03	-1.131756e-04	2.853029e-05
-6.162860e-03	-4.338406e-03	-9.865694e-05	2.821477e-05
-8.018879e-03	4.933267e-06	1.012941e-02	1.012941e-02
-9.293907e-04	6.619457e-03	7.476100e-04	7.592844e-04
-8.126003e-04	6.126920e-03	9.356625e-04	7.513963e-04
-5.127332e-04	8.643281e-03	2.790314e-03	3.227315e-03
-3.959429e-04	2.702503e-02	-7.006073e-03	-9.272880e-03
-8.805183e-02	-1.057724e-01	-1.055052e-02	-1.055084e-02
-1.057724e-01	-1.057724e-01	-1.055084e-02	-1.055052e-02
-1.057724e-01	-1.057755e-01	-1.055052e-02	-1.055084e-02
-1.025086e-01	-1.057724e-01	-1.029960e-02	-2.218699e-03
1.124785e-05	4.933267e-06	2.190428e-05	2.979239e-05
1.756243e-05	1.440514e-05	2.695267e-05	2.569058e-05
-1.371103e-04	-1.213278e-04	1.433170e-05	1.464723e-05
-1.371103e-04	-1.276408e-04	1.590932e-05	1.559380e-05
-6.642648e-03	-2.854853e-03	-9.834132e-05	2.821477e-05
-6.588987e-03	-3.126312e-03	-1.431598e-04	2.853029e-05
-6.292277e-03	4.068366e-03	-1.519973e-04	2.947687e-05
-6.109200e-03	5.328125e-03	-1.614660e-04	2.758372e-05
1.011014e-01	9.829139e-02	9.402440e-03	7.933043e-03
-9.136082e-04	6.717333e-03	7.334114e-04	7.930455e-04
-8.062873e-04	6.300571e-03	8.845475e-04	7.144799e-04
-5.569241e-04	8.857976e-03	3.441240e-03	4.221216e-03
3.887434e-02	-1.528513e-02	-1.017241e-02	-1.055084e-02
-8.836747e-02	-1.057724e-01	-1.055052e-02	-1.055084e-02
-1.057724e-01	-1.057692e-01	-1.055052e-02	-1.055021e-02
-1.057724e-01	-1.057755e-01	-1.055084e-02	-1.055052e-02
-5.511064e-02	1.775976e-06	2.884582e-05	2.064219e-05
4.282075e-05	2.071972e-05	2.253533e-05	2.663715e-05
-4.537462e-06	-3.549085e-04	1.117646e-05	1.117646e-05
-1.497363e-04	-1.402668e-04	1.464723e-05	1.622485e-05
-1.213278e-04	-1.371103e-04	2.285086e-05	2.884582e-05
-6.832037e-03	2.647585e-03	-9.550071e-05	2.916134e-05
-6.459571e-03	4.576690e-03	-2.047064e-04	2.884582e-05
-6.235459e-03	-3.890184e-03	-1.330599e-04	2.853029e-05
-6.308059e-03	1.217530e-04	-2.163844e-04	2.789924e-05
-7.463139e-04	6.935186e-03	1.540838e-03	2.819658e-03
-9.704251e-04	6.171122e-03	1.810927e-03	7.599154e-04
-7.684093e-04	6.726805e-03	1.430720e-03	1.531688e-03
-4.748553e-04	1.698800e-02	5.520545e-03	7.082705e-03
7.809105e-02	1.434850e-02	-1.054958e-02	-1.055052e-02
-9.666906e-02	-1.057755e-01	-1.055052e-02	-1.055052e-02
-1.057724e-01	-1.057755e-01	-1.055084e-02	-1.055052e-02
-1.057724e-01	-1.057724e-01	-1.055052e-02	-1.055084e-02
-7.693958e-06	-2.978943e-05	2.253533e-05	2.726820e-05
2.387701e-05	1.124785e-05	2.600610e-05	2.379743e-05
-2.033967e-04	-1.150148e-04	1.811799e-05	1.717142e-05
-1.497363e-04	-1.465798e-04	1.527827e-05	1.622485e-05
-4.521483e-03	3.263257e-03	-7.656331e-05	2.884582e-05
-6.652117e-03	-5.234851e-03	-1.422130e-04	2.947687e-05
-6.349093e-03	2.369744e-03	-1.368474e-04	2.884582e-05
-6.235459e-03	4.854531e-03	-1.327443e-04	2.916134e-05
-7.447554e-03	5.994313e-03	1.012941e-02	1.012941e-02
-9.830510e-04	6.647873e-03	7.472945e-04	7.280475e-04
-9.072952e-04	6.581570e-03	9.088429e-04	7.277320e-04
-5.916456e-04	1.623341e-02	3.634657e-03	3.826495e-03
-4.843248e-04	2.630201e-02	-6.274458e-03	-9.146631e-03
-8.915028e-02	-1.057692e-01	-1.055052e-02	-1.055052e-02
-1.057755e-01	-1.057724e-01	-1.055052e-02	-1.055052e-02
-1.057755e-01	-1.057755e-01	-1.055052e-02	-1.055084e-02
-1.022403e-01	-1.057755e-01	-9.041843e-03	-1.144317e-03
1.440514e-05	-3.925891e-05	2.789924e-05	1.938009e-05
1.775976e-06	-1.085045e-05	2.221981e-05	-2.076210e-06
-1.181713e-04	-1.118583e-04	1.433170e-05	1.843352e-05
-1.244843e-04	-1.213278e-04	1.590932e-05	1.654037e-05
-6.525857e-03	-4.208989e-03	-8.792575e-05	2.821477e-05
-6.500605e-03	2.676001e-03	-1.103350e-04	2.853029e-05
-6.276494e-03	2.230823e-03	-9.865694e-05	2.916134e-05
-6.128139e-03	1.248906e-03	-7.498520e-05	2.758372e-05
1.011014e-01	1.011014e-01	9.940093e-03	8.228374e-03
-9.293907e-04	6.771007e-03	7.662260e-04	7.936765e-04
-8.062873e-04	5.801719e-03	7.573913e-04	7.510808e-04
-5.506112e-04	8.220203e-03	3.448182e-03	4.263181e-03
3.451096e-02	-1.484638e-02	-9.801865e-03	-1.055052e-02
-8.904927e-02	-1.057724e-01	-1.055115e-02	-1.055084e-02
-1.057724e-01	-1.057724e-01	-1.055052e-02	-1.055052e-02
-1.057724e-01	-1.057724e-01	-1.055052e-02	-1.055052e-02
-3.720068e-02	1.440514e-05	2.537505e-05	2.127324e-05
3.334888e-05	1.440514e-05	2.032666e-05	2.726820e-05
-1.970837e-04	-2.980915e-04	1.433170e-05	1.212303e-05
-1.244843e-04	-1.244843e-04	1.496275e-05	1.622485e-05
-1.181713e-04	-1.339538e-04	1.401618e-05	2.853029e-05
-6.813098e-03	-4.328936e-03	-9.834132e-05	2.853029e-05
-6.437475e-03	4.930307e-03	-1.125444e-04	2.821477e-05
-6.244929e-03	1.113142e-03	-8.382265e-05	2.916134e-05
-6.298590e-03	-4.559163e-04	-1.942908e-04	2.726820e-05
-3.233435e-04	6.890984e-03	1.337640e-03	2.038420e-03
-9.672686e-04	5.511248e-03	1.262861e-03	7.223681e-04
-7.715659e-04	6.821524e-03	1.734885e-03	1.530741e-03
-4.874813e-04	1.492629e-02	5.166843e-03	6.702499e-03
7.537261e-02	1.334449e-02	-1.054926e-02	-1.055052e-02
-9.791271e-02	-1.057724e-01	-1.055052e-02	-1.055052e-02
-1.057724e-01	-1.057724e-01	-1.055052e-02	-1.055052e-02
-1.057724e-01	-1.057755e-01	-1.055052e-02	-1.055052e-02
-1.400695e-05	8.090557e-06	2.758372e-05	2.316638e-05
4.933267e-06	-1.085045e-05	2.095771e-05	2.979239e-05
-1.118583e-04	-1.434233e-04	1.401618e-05	1.338513e-05
-1.244843e-04	-1.244843e-04	1.496275e-05	1.559380e-05
6.531053e-03	-2.283527e-03	-3.016668e-05	2.853029e-05
-6.648961e-03	-3.034773e-03	-1.166475e-04	2.853029e-05
-6.349093e-03	-3.186285e-03	-1.216974e-04	2.821477e-05
-6.200738e-03	-4.300528e-03	-1.311661e-04	2.758372e-05
-7.898932e-03	-3.044045e-04	1.012941e-02	1.012941e-02
-1.017772e-03	6.935186e-03	7.854729e-04	7.368822e-04
-7.336879e-04	6.736277e-03	7.416151e-04	7.558137e-04
-6.579320e-04	1.001670e-02	2.876768e-03	3.439347e-03
-4.496033e-04	2.680086e-02	-6.939792e-03	-9.225852e-03
-8.817808e-02	-1.057724e-01	-1.055052e-02	-1.055052e-02
-1.057724e-01	-1.057755e-01	-1.055052e-02	-1.055052e-02
-1.057724e-01	-1.057755e-01	-1.055052e-02	-1.055084e-02
-1.027422e-01	-1.057724e-01	-1.055021e-02	-4.780929e-03
-6.135438e-05	-1.400695e-05	2.442848e-05	2.884582e-05
2.071972e-05	4.933267e-06	2.474400e-05	2.253533e-05
-1.434233e-04	-1.371103e-04	1.496275e-05	1.433170e-05
-1.371103e-04	-1.150148e-04	1.590932e-05	1.527827e-05
-6.743656e-03	-4.868697e-03	-9.928819e-05	2.853029e-05
-6.557422e-03	-1.188223e-03	-1.355849e-04	2.853029e-05
-6.260712e-03	4.507230e-03	-2.034439e-04	2.916134e-05
-6.147078e-03	2.745461e-03	-1.242224e-04	2.853029e-05
1.011014e-01	1.011014e-01	1.012941e-02	9.241522e-03
-8.631042e-04	6.821524e-03	7.580223e-04	7.681191e-04
-7.905049e-04	6.625772e-03	8.321705e-04	7.422461e-04
-5.190462e-04	7.835014e-03	3.201758e-03	3.870984e-03
3.033702e-02	-1.357747e-02	-9.491607e-03	-1.055021e-02
-8.750575e-02	-1.057724e-01	-1.055084e-02	-1.055052e-02
-1.057724e-01	-1.057724e-01	-1.055052e-02	-1.055084e-02
-1.057724e-01	-1.057724e-01	-1.055052e-02	-1.055052e-02
-8.364851e-02	-1.558184e-02	2.064219e-05	2.442848e-05
-2.978943e-05	1.756243e-05	2.190428e-05	2.726820e-05
-7.693958e-06	-2.033967e-04	1.149198e-05	1.117646e-05
-1.181713e-04	-1.371103e-04	1.590932e-05	1.401618e-05
-1.244843e-04	-1.213278e-04	1.464723e-05	2.853029e-05
-6.809942e-03	4.510387e-03	-1.317974e-04	2.916134e-05
-6.465884e-03	5.072385e-03	-2.034439e-04	2.821477e-05
-6.216520e-03	-1.911061e-03	-1.709347e-04	2.853029e-05
-6.244929e-03	4.898734e-03	-2.170157e-04	2.726820e-05
2.947528e-03	6.903613e-03	1.931141e-03	1.644330e-03
-1.074589e-03	5.473360e-03	1.391280e-03	7.586534e-04
-8.536347e-04	6.726805e-03	1.649378e-03	1.200072e-03
-4.527598e-04	1.616710e-02	5.276960e-03	6.590172e-03
7.292256e-02	1.179426e-02	-1.054926e-02	-1.055052e-02
-9.625240e-02	-1.057724e-01	-1.055052e-02	-1.055052e-02
-1.057755e-01	-1.057755e-01	-1.055084e-02	-1.055052e-02
-1.057724e-01	-1.057755e-01	-1.055052e-02	-1.055084e-02
1.440514e-05	-1.716344e-05	2.979239e-05	2.442848e-05
-4.241541e-05	-5.819789e-05	2.158876e-05	2.979239e-05
-1.244843e-04	-1.339538e-04	1.180751e-05	1.275408e-05
-1.213278e-04	-1.307973e-04	1.590932e-05	1.464723e-05
-6.244929e-03	-1.210319e-03	-4.657910e-05	2.853029e-05
-6.677369e-03	3.758952e-03	-1.403192e-04	2.916134e-05
-6.396441e-03	-2.551829e-03	-1.444223e-04	2.853029e-05
-6.197582e-03	1.848791e-03	-1.248537e-04	2.916134e-05
-7.229756e-03	1.946667e-03	1.012941e-02	1.012941e-02
-1.112467e-03	6.913085e-03	7.441393e-04	7.662260e-04
-7.557834e-04	6.360559e-03	7.255233e-04	7.381443e-04
-6.516190e-04	1.180373e-02	3.128871e-03	3.363937e-03
-4.496033e-04	2.517485e-02	6.775070e-03	-8.926957e-03
-8.795713e-02	-1.057724e-01	-1.055084e-02	-1.055052e-02
-1.057755e-01	-1.057755e-01	-1.055052e-02	-1.055052e-02
-1.057755e-01	-1.057755e-01	-1.055084e-02	-1.055084e-02
-1.015143e-01	-1.057755e-01	-1.055084e-02	-3.241003e-03
-1.400695e-05	-6.451087e-05	2.632162e-05	2.158876e-05
-4.872840e-05	-6.451087e-05	2.947687e-05	2.726820e-05
-9.923233e-05	-8.660634e-05	1.527827e-05	1.464723e-05
-1.023888e-04	-1.244843e-04	1.527827e-05	1.527827e-05
-6.358563e-03	-3.852305e-03	-5.446968e-05	2.884582e-05
-6.535327e-03	4.238860e-03	-1.242224e-04	2.884582e-05
-6.301746e-03	-3.448274e-03	-1.049694e-04	2.821477e-05
-6.188112e-03	-3.072651e-03	-9.771007e-05	2.853029e-05
1.011014e-01	1.011014e-01	1.012941e-02	9.973854e-03
-9.388601e-04	6.761535e-03	9.353469e-04	7.542360e-04
-7.841918e-04	6.174279e-03	7.592844e-04	7.561292e-04
-5.569241e-04	7.863429e-03	3.389494e-03	4.059352e-03
2.849632e-02	-1.562919e-02	-9.322433e-03	-1.055052e-02
-8.747734e-02	-1.057724e-01	-1.055115e-02	-1.055052e-02
-1.057755e-01	-1.057692e-01	-1.055084e-02	-1.055052e-02
-1.057724e-01	-1.057724e-01	-1.055115e-02	-1.055052e-02
-6.587429e-02	-6.135438e-05	2.474400e-05	2.758372e-05
-1.716344e-05	-1.716344e-05	3.010791e-05	2.411295e-05
-9.291933e-05	-2.665266e-04	1.054541e-05	1.464723e-05
-1.181713e-04	-1.528928e-04	1.654037e-05	1.559380e-05
-1.087018e-04	-1.055453e-04	1.559380e-05	2.853029e-05
-6.841507e-03	1.911937e-03	-7.530082e-05	2.853029e-05
-6.478510e-03	-1.955252e-03	-1.090725e-04	2.884582e-05
-6.251242e-03	3.250628e-03	-9.045074e-05	2.884582e-05
-6.106043e-03	-4.792941e-03	-1.993408e-04	2.758372e-05
4.254647e-03	6.925714e-03	1.511810e-03	1.416521e-03
-9.925206e-04	4.624050e-03	1.545571e-03	9.501766e-04
-7.968178e-04	6.834153e-03	1.643699e-03	1.111094e-03
-5.474547e-04	1.336659e-02	4.974688e-03	6.326394e-03
7.243002e-02	1.000092e-02	-1.054926e-02	-1.055052e-02
-9.638181e-02	-1.057755e-01	-1.055084e-02	-1.055052e-02
-1.057724e-01	-1.057724e-01	-1.055052e-02	-1.055084e-02
-1.057724e-01	-1.057724e-01	-1.055052e-02	-1.055052e-02
1.756243e-05	-2.663293e-05	2.095771e-05	2.348191e-05
-6.135438e-05	3.019159e-05	2.348191e-05	2.442848e-05
-1.623622e-04	-1.244843e-04	1.464723e-05	1.464723e-05
-1.371103e-04	-1.181713e-04	1.559380e-05	1.622485e-05
5.081857e-03	1.488860e-03	-2.701045e-05	2.884582e-05
-6.683682e-03	-5.386362e-03	-1.336911e-04	2.916134e-05
-6.333311e-03	-4.530952e-03	-9.865694e-05	2.853029e-05
-6.169173e-03	-3.643779e-04	-7.845705e-05	2.821477e-05
-7.794769e-03	6.126920e-03	1.012941e-02	1.012941e-02
-1.020929e-03	7.045691e-03	7.633863e-04	7.286785e-04
-8.031308e-04	5.997471e-03	7.627552e-04	7.264699e-04
-6.831840e-04	9.483119e-03	3.508447e-03	3.594901e-03
-4.148819e-04	2.370671e-02	6.649806e-03	-8.813332e-03
-8.726902e-02	-1.057724e-01	-1.055084e-02	-1.055084e-02
-1.057692e-01	-1.057724e-01	-1.055084e-02	-1.055052e-02
-1.057724e-01	-1.057755e-01	-1.055052e-02	-1.055052e-02
-1.021835e-01	-1.057724e-01	-1.055084e-02	-7.605758e-03
1.756243e-05	-2.978943e-05	2.758372e-05	2.190428e-05
-3.294592e-05	-2.978943e-05	1.969561e-05	2.979239e-05
-1.560493e-04	-1.276408e-04	1.433170e-05	1.401618e-05
-1.213278e-04	-1.244843e-04	1.401618e-05	1.559380e-05
-5.900871e-03	-4.707716e-03	-9.266010e-05	2.853029e-05
-6.551109e-03	6.269195e-04	-1.355849e-04	2.884582e-05
-6.323841e-03	-2.128859e-03	-1.393724e-04	2.916134e-05
-6.150234e-03	-1.424960e-03	-1.207506e-04	2.853029e-05
1.011014e-01	1.011014e-01	1.012941e-02	1.012941e-02
-9.609556e-04	6.733119e-03	1.360043e-03	7.750606e-04
-8.788867e-04	6.556311e-03	7.252078e-04	7.283631e-04
-6.074281e-04	7.497184e-03	3.383184e-03	4.193766e-03
2.343834e-02	-9.174157e-03	-8.944316e-03	-1.055021e-02
-8.599063e-02	-1.057692e-01	-1.055052e-02	-1.055052e-02
-1.057724e-01	-1.057692e-01	-1.055084e-02	-1.055084e-02
-1.057724e-01	-1.057755e-01	-1.055052e-02	-1.055052e-02
-9.547590e-02	-2.954618e-02	2.853029e-05	2.064219e-05
-2.978943e-05	-2.978943e-05	2.916134e-05	2.537505e-05
-3.610242e-05	-2.663293e-05	-9.019923e-06	9.914363e-06
-1.434233e-04	-1.560493e-04	1.843352e-05	1.527827e-05
-1.244843e-04	-1.181713e-04	1.401618e-05	2.758372e-05
-6.816255e-03	1.343822e-04	-9.013512e-05	2.916134e-05
-6.472197e-03	-5.092808e-03	-1.324286e-04	2.853029e-05
-6.267025e-03	-4.417318e-03	-1.267474e-04	2.947687e-05
-6.093417e-03	2.091902e-03	-2.006033e-04	2.726820e-05
5.874337e-03	6.935186e-03	1.609938e-03	1.320918e-03
-9.104517e-04	4.523016e-03	1.035999e-03	7.605465e-04
-7.936613e-04	6.688918e-03	1.772748e-03	1.045780e-03
-5.695501e-04	1.178794e-02	4.583123e-03	6.107104e-03
7.125867e-02	6.609985e-03	-1.054926e-02	-1.055052e-02
-9.526441e-02	-1.057692e-01	-1.055084e-02	-1.055052e-02
-1.057755e-01	-1.057724e-01	-1.055052e-02	-1.055052e-02
-1.057755e-01	-1.057724e-01	-1.055052e-02	-1.055052e-02
-3.610242e-05	-6.766737e-05	2.600610e-05	2.442848e-05
1.440514e-05	3.650617e-05	2.663715e-05	2.632162e-05
-1.718317e-04	-1.655187e-04	1.654037e-05	1.212303e-05
-1.055453e-04	-1.339538e-04	1.433170e-05	1.496275e-05
3.942075e-03	-3.097903e-03	-4.941970e-05	2.853029e-05
-6.671056e-03	3.979962e-03	-1.368474e-04	2.853029e-05
-6.374345e-03	-4.720342e-03	-1.188568e-04	2.821477e-05
-6.207051e-03	-9.136082e-04	-1.131756e-04	2.884582e-05
-7.144530e-03	1.785842e-04	1.012941e-02	1.012941e-02
-1.090372e-03	7.241443e-03	7.999871e-04	7.599154e-04
-8.031308e-04	6.430020e-03	8.577280e-04	7.422461e-04
-7.242184e-04	9.631513e-03	3.115304e-03	3.286633e-03
-4.748553e-04	2.330258e-02	6.537795e-03	-8.639424e-03
-8.677976e-02	-1.057724e-01	-1.055052e-02	-1.055084e-02
-1.057724e-01	-1.057755e-01	-1.055084e-02	-1.055084e-02
-1.057724e-01	-1.057755e-01	-1.055052e-02	-1.055052e-02
-1.023665e-01	-1.057755e-01	-1.055052e-02	-6.445526e-03
-2.347644e-05	2.703430e-05	2.505953e-05	2.158876e-05
1.756243e-05	-3.610242e-05	2.821477e-05	2.285086e-05
-1.497363e-04	-1.371103e-04	1.590932e-05	1.370065e-05
-1.276408e-04	-1.402668e-04	1.433170e-05	1.654037e-05
-5.654664e-03	-4.341562e-03	-9.202885e-05	2.853029e-05
-6.614239e-03	-4.241541e-05	-1.254849e-04	2.853029e-05
-6.317528e-03	-4.606708e-03	-1.081256e-04	2.884582e-05
-6.162860e-03	3.020146e-03	-9.266010e-05	2.853029e-05
1.011014e-01	1.011014e-01	1.012941e-02	1.012941e-02
-1.014616e-03	6.786793e-03	1.538629e-03	7.397219e-04
-8.631042e-04	6.549997e-03	7.883126e-04	7.400374e-04
-5.379852e-04	8.734842e-03	3.363621e-03	3.938191e-03
2.413926e-02	-1.085026e-02	-8.991344e-03	-1.055052e-02
-8.683657e-02	-1.057724e-01	-1.055052e-02	-1.055084e-02
-1.057724e-01	-1.057755e-01	-1.055084e-02	-1.055115e-02
-1.057692e-01	-1.057724e-01	-1.055084e-02	-1.055084e-02
-9.758759e-02	-2.662326e-02	2.221981e-05	2.979239e-05
-4.241541e-05	2.387701e-05	2.979239e-05	2.127324e-05
-1.400695e-05	-5.979586e-04	1.401618e-05	1.622485e-05
-1.434233e-04	-1.213278e-04	1.654037e-05	1.496275e-05
-1.213278e-04	-1.213278e-04	1.527827e-05	2.726820e-05
-6.813098e-03	-3.915435e-03	-8.003517e-05	2.821477e-05
-6.443788e-03	-4.884480e-03	-1.232756e-04	2.884582e-05
-6.219677e-03	-1.447056e-03	-1.097038e-04	2.916134e-05
-6.121826e-03	-1.863713e-03	-1.668316e-04	2.663715e-05
6.846782e-03	6.913085e-03	1.776535e-03	1.475209e-03
-1.014616e-03	4.709296e-03	1.724789e-03	1.454700e-03
-6.958100e-04	6.553154e-03	1.404216e-03	9.498611e-04
-5.158897e-04	1.371389e-02	5.085122e-03	6.439351e-03
6.947164e-02	7.708722e-03	-1.054958e-02	-1.055084e-02
-9.660593e-02	-1.057692e-01	-1.055021e-02	-1.055052e-02
-1.057724e-01	-1.057724e-01	-1.055052e-02	-1.055052e-02
-1.057755e-01	-1.057724e-01	-1.055052e-02	-1.055052e-02
-1.400695e-05	-1.085045e-05	2.537505e-05	2.442848e-05
-2.978943e-05	-4.872840e-05	2.190428e-05	2.663715e-05
-1.686752e-04	-1.497363e-04	1.338513e-05	1.212303e-05
-1.181713e-04	-1.434233e-04	1.464723e-05	1.874904e-05
-6.042716e-04	-3.299919e-03	-5.604780e-05	2.853029e-05
-6.658430e-03	-5.405301e-03	-1.362161e-04	2.853029e-05
-6.374345e-03	4.245175e-03	-1.179100e-04	2.853029e-05
-6.191269e-03	4.109411e-03	-1.655691e-04	2.884582e-05
-7.529623e-03	-6.317528e-03	-2.855059e-04	1.012941e-02
-1.077746e-03	1.248255e-02	7.715899e-04	7.330959e-04
-8.126003e-04	5.902752e-03	7.712743e-04	7.365667e-04
-7.431574e-04	6.963602e-03	3.584488e-03	3.320079e-03
-4.527598e-04	2.113036e-02	6.401489e-03	8.558097e-03
-3.334660e-02	-9.498349e-02	-1.055021e-02	-1.055052e-02
-1.057724e-01	-1.057724e-01	-1.055084e-02	-1.055084e-02
-1.057724e-01	-1.057755e-01	-1.055052e-02	-1.055052e-02
-1.028242e-01	-1.057724e-01	-1.055052e-02	-1.015252e-02
-3.925891e-05	-1.716344e-05	2.474400e-05	2.127324e-05
1.756243e-05	2.387701e-05	2.726820e-05	2.600610e-05
-1.686752e-04	-1.276408e-04	1.464723e-05	1.433170e-05
-1.150148e-04	-1.402668e-04	1.527827e-05	1.590932e-05
-4.720342e-03	3.136965e-03	-8.603201e-05	2.884582e-05
-6.636335e-03	4.523016e-03	-1.785096e-04	2.884582e-05
-6.311215e-03	4.816841e-04	-1.576785e-04	2.853029e-05
-6.169173e-03	2.158205e-03	-1.576785e-04	2.853029e-05
1.011014e-01	1.011014e-01	1.012941e-02	1.012941e-02
-1.020929e-03	6.793108e-03	1.702071e-03	8.343792e-04
-7.715659e-04	6.430020e-03	7.239457e-04	7.176352e-04
-6.232106e-04	9.410502e-03	3.529587e-03	4.051149e-03
1.768576e-02	4.341136e-02	-8.399550e-03	-1.055021e-02
-7.529958e-02	-1.057724e-01	-1.055084e-02	-1.055052e-02
-1.057724e-01	-1.057724e-01	-1.055052e-02	-1.055084e-02
-1.057755e-01	-1.057724e-01	-1.055052e-02	-1.055052e-02
-1.057724e-01	-5.284743e-02	2.316638e-05	2.726820e-05
3.019159e-05	2.071972e-05	2.505953e-05	2.001114e-05
-2.031994e-05	3.966346e-05	6.443596e-06	1.496275e-05
-1.434233e-04	-1.307973e-04	1.401618e-05	1.622485e-05
-9.923233e-05	-1.213278e-04	1.685590e-05	2.221981e-05
-6.813098e-03	2.265553e-03	-8.634763e-05	2.853029e-05
-6.497449e-03	-1.746923e-03	-1.324286e-04	2.853029e-05
-6.241773e-03	4.879790e-03	-1.687253e-04	2.884582e-05
-6.143921e-03	4.895576e-03	-2.372156e-04	2.632162e-05
7.010961e-03	6.884669e-03	1.199756e-03	1.323126e-03
-8.220698e-04	4.838745e-03	8.785526e-04	8.968530e-04
-7.999743e-04	6.587884e-03	1.404847e-03	9.397643e-04
-5.821761e-04	1.253938e-02	4.697658e-03	6.239309e-03
6.868232e-02	4.554589e-03	-1.054958e-02	-1.055052e-02
-9.495192e-02	-1.057724e-01	-1.055084e-02	-1.055052e-02
-1.057724e-01	-1.057724e-01	-1.055052e-02	-1.055052e-02
-1.057724e-01	-1.057724e-01	-1.055052e-02	-1.055084e-02
-4.872840e-05	3.019159e-05	2.190428e-05	2.726820e-05
-2.031994e-05	-1.085045e-05	2.127324e-05	2.001114e-05
-2.191792e-04	-1.718317e-04	1.464723e-05	1.117646e-05
-8.660634e-05	-1.276408e-04	1.464723e-05	1.527827e-05
-2.324562e-03	-3.643977e-03	-3.426979e-05	2.916134e-05
-6.797316e-03	-4.701403e-03	-1.393724e-04	2.884582e-05
-6.399598e-03	5.126059e-03	-1.475786e-04	2.916134e-05
-6.273338e-03	3.891558e-03	-1.576785e-04	2.916134e-05
-7.040366e-03	2.754933e-03	-1.362161e-04	1.012941e-02
-1.131406e-03	1.064816e-02	7.996715e-04	7.788469e-04
-6.894970e-04	6.092190e-03	8.236514e-04	7.334114e-04
-6.326801e-04	6.698390e-03	3.396120e-03	3.240567e-03
-3.675344e-04	2.049575e-02	6.341855e-03	8.472274e-03
-3.317615e-02	-9.459208e-02	-1.055052e-02	-1.055052e-02
-1.057755e-01	-1.057755e-01	-1.055052e-02	-1.055084e-02
-1.057724e-01	-1.057755e-01	-1.055052e-02	-1.055052e-02
-1.025528e-01	-1.057724e-01	-1.055052e-02	-1.023837e-02
-3.294592e-05	-2.347644e-05	2.442848e-05	2.569058e-05
-1.400695e-05	4.933267e-06	2.537505e-05	2.221981e-05
-9.607583e-05	-1.371103e-04	1.401618e-05	1.401618e-05
-1.244843e-04	-1.244843e-04	1.590932e-05	1.464723e-05
-4.767689e-03	-3.460900e-03	-6.835711e-05	2.853029e-05
-6.541640e-03	-4.338406e-03	-1.317974e-04	2.853029e-05
-6.326998e-03	-2.791526e-04	-1.201193e-04	2.853029e-05
-6.166017e-03	-1.781644e-03	-9.234447e-05	2.884582e-05
1.011014e-01	1.011014e-01	1.012941e-02	1.012941e-02
-1.128250e-03	6.818366e-03	1.231940e-03	8.309084e-04
-8.410088e-04	6.452121e-03	8.163943e-04	7.539205e-04
-6.295236e-04	9.056886e-03	3.289789e-03	3.857101e-03
1.514098e-02	4.183903e-02	-8.222801e-03	-1.041228e-02
-7.315001e-02	-1.057724e-01	-1.055084e-02	-1.055052e-02
-1.057755e-01	-1.057724e-01	-1.055084e-02	-1.055084e-02
-1.057787e-01	-1.057724e-01	-1.055115e-02	-1.055052e-02
-1.057724e-01	-4.986770e-02	2.411295e-05	2.158876e-05
-2.031994e-05	-7.693958e-06	2.285086e-05	2.127324e-05
-2.978943e-05	-5.504139e-05	6.443596e-06	9.283314e-06
-1.244843e-04	-7.082387e-05	1.401618e-05	1.496275e-05
-1.244843e-04	-1.213278e-04	1.654037e-05	1.559380e-05
-6.863602e-03	-3.924905e-03	-1.172787e-04	2.884582e-05
-6.506918e-03	-9.291933e-05	-1.160162e-04	2.821477e-05
-6.251242e-03	3.244313e-03	-1.179100e-04	2.853029e-05
-6.137608e-03	4.756656e-03	-1.614660e-04	2.726820e-05
7.547701e-03	7.026748e-03	1.116458e-03	1.455015e-03
-9.325471e-04	5.416529e-03	7.630707e-04	7.561292e-04
-8.504782e-04	6.442649e-03	1.664523e-03	1.147064e-03
-5.695501e-04	1.236888e-02	4.431355e-03	5.618989e-03
6.165735e-02	1.533259e-04	-1.054958e-02	-1.055021e-02
-9.433325e-02	-1.057692e-01	-1.055084e-02	-1.055021e-02
-1.057755e-01	-1.057724e-01	-1.055084e-02	-1.055115e-02
-1.057755e-01	-1.057724e-01	-1.055084e-02	-1.055084e-02
3.966346e-05	-6.135438e-05	2.095771e-05	2.190428e-05
2.703430e-05	-2.663293e-05	2.789924e-05	2.158876e-05
-2.223357e-04	-1.371103e-04	1.464723e-05	1.401618e-05
-1.181713e-04	-1.307973e-04	1.496275e-05	1.559380e-05
-1.244843e-04	2.792821e-03	-1.438552e-05	2.853029e-05
-6.645804e-03	-5.474744e-03	-1.349536e-04	2.916134e-05
-6.431162e-03	-4.874813e-04	-1.327443e-04	2.916134e-05
-6.254399e-03	-5.442982e-04	-1.059163e-04	2.821477e-05
-7.381267e-03	4.949250e-03	-2.801403e-04	1.012941e-02
-1.153502e-03	8.305450e-03	7.861039e-04	7.760072e-04
-7.652529e-04	6.796265e-03	1.280215e-03	7.558137e-04
-6.831840e-04	6.707861e-03	3.304303e-03	3.066082e-03
-5.032637e-04	2.289845e-02	6.417265e-03	8.559359e-03
-3.232074e-02	-9.911218e-02	-1.055052e-02	-1.055052e-02
-1.057724e-01	-1.057724e-01	-1.055052e-02	-1.055052e-02
-1.057755e-01	-1.057724e-01	-1.055052e-02	-1.055052e-02
-1.024675e-01	-1.057724e-01	-1.055084e-02	-1.035231e-02
4.933267e-06	-2.347644e-05	2.789924e-05	2.537505e-05
-2.978943e-05	-2.663293e-05	2.947687e-05	2.758372e-05
-1.181713e-04	-1.560493e-04	1.275408e-05	1.401618e-05
-1.371103e-04	-1.276408e-04	1.496275e-05	1.559380e-05
-4.414162e-03	-3.858618e-03	-1.071788e-04	2.884582e-05
-6.554266e-03	-5.272728e-03	-1.450536e-04	2.853029e-05
-6.304902e-03	-1.125093e-03	-1.283255e-04	2.884582e-05
-6.162860e-03	-4.682464e-03	-1.273787e-04	2.884582e-05
1.011014e-01	1.011014e-01	1.012941e-02	1.012941e-02
-1.043024e-03	6.928871e-03	1.298200e-03	8.823388e-04
-9.325471e-04	6.332144e-03	1.172621e-03	7.204749e-04
-6.168976e-04	8.580134e-03	3.210908e-03	3.541577e-03
1.308559e-02	4.041510e-02	-8.107599e-03	-1.028067e-02
-7.259446e-02	-1.057724e-01	-1.055021e-02	-1.055052e-02
-1.057724e-01	-1.057755e-01	-1.055084e-02	-1.055052e-02
-1.057724e-01	-1.057724e-01	-1.055052e-02	-1.055084e-02
-1.022466e-01	-7.269547e-02	-3.584790e-05	2.821477e-05
8.090557e-06	-1.400695e-05	2.379743e-05	2.979239e-05
-5.819789e-05	-6.451087e-05	-2.196048e-05	5.497024e-06
-1.371103e-04	-1.244843e-04	1.496275e-05	1.717142e-05
-1.055453e-04	-1.276408e-04	1.464723e-05	1.717142e-05
-6.832037e-03	-5.253592e-04	-1.160162e-04	2.853029e-05
-6.469040e-03	2.685473e-03	-1.456848e-04	2.853029e-05
-6.267025e-03	1.949824e-03	-1.573629e-04	2.916134e-05
-6.197582e-03	4.879790e-03	-2.460530e-04	2.726820e-05
1.691854e-02	1.222365e-02	2.045361e-03	1.966480e-03
-8.820432e-04	5.356541e-03	7.649639e-04	8.145011e-04
-8.662607e-04	6.467907e-03	1.493825e-03	1.041363e-03
-5.853326e-04	1.240046e-02	4.465748e-03	5.831337e-03
6.242457e-02	1.308894e-03	-1.054958e-02	-1.055021e-02
-9.417542e-02	-1.057692e-01	-1.055052e-02	-1.055052e-02
-1.057692e-01	-1.057724e-01	-1.055052e-02	-1.055052e-02
-1.057724e-01	-1.057755e-01	-1.055052e-02	-1.055052e-02
-1.085045e-05	2.387701e-05	2.158876e-05	2.569058e-05
8.090557e-06	-1.400695e-05	2.001114e-05	2.979239e-05
-1.087018e-04	-1.181713e-04	1.212303e-05	1.275408e-05
-1.371103e-04	-1.118583e-04	1.401618e-05	1.559380e-05
-1.781447e-04	-2.858009e-03	-4.152913e-05	2.853029e-05
-6.765751e-03	4.551432e-03	-1.838752e-04	2.884582e-05
-6.450101e-03	9.615923e-04	-1.444223e-04	2.916134e-05
-6.162860e-03	-4.657212e-03	-1.270630e-04	2.916134e-05
-6.929888e-03	1.236277e-03	-2.043908e-04	1.012941e-02
-1.128250e-03	7.295117e-03	1.117720e-03	7.589689e-04
-8.441653e-04	6.085875e-03	1.012650e-03	7.185818e-04
-7.115924e-04	6.714176e-03	3.546310e-03	3.389494e-03
-6.074281e-04	1.840878e-02	6.040845e-03	8.080077e-03
-6.873072e-03	-7.135081e-02	-1.054989e-02	-1.055052e-02
-1.041878e-01	-1.057724e-01	-1.055084e-02	-1.055084e-02
-1.057724e-01	-1.057755e-01	-1.055052e-02	-1.055052e-02
-1.033861e-01	-1.057755e-01	-1.055052e-02	-1.055052e-02
1.124785e-05	1.756243e-05	2.726820e-05	2.726820e-05
-2.663293e-05	-2.031994e-05	2.285086e-05	2.663715e-05
-1.528928e-04	-1.592057e-04	1.590932e-05	1.370065e-05
-1.150148e-04	-1.181713e-04	1.464723e-05	1.654037e-05
-3.353579e-03	4.709296e-03	-9.360697e-05	2.884582e-05
-6.601613e-03	-4.568830e-03	-1.485254e-04	2.853029e-05
-6.298590e-03	3.569514e-03	-1.251693e-04	2.884582e-05
-6.194425e-03	-4.275276e-03	-1.270630e-04	2.884582e-05
1.011014e-01	1.011014e-01	1.012941e-02	1.012941e-02
-1.241884e-03	6.840467e-03	9.485990e-04	9.902482e-04
-7.968178e-04	6.818366e-03	7.412995e-04	7.637017e-04
-5.442982e-04	6.824681e-03	3.200811e-03	3.719848e-03
1.324030e-02	4.031406e-02	-8.091502e-03	-1.027120e-02
-7.239876e-02	-1.057724e-01	-1.055052e-02	-1.055052e-02
-1.057724e-01	-1.057724e-01	-1.055052e-02	-1.055115e-02
-1.057724e-01	-1.057755e-01	-1.055084e-02	-1.055084e-02
-1.022024e-01	-6.624360e-02	2.158876e-05	2.316638e-05
-6.451087e-05	-7.693958e-06	3.010791e-05	2.158876e-05
-8.029336e-05	-8.029336e-05	-4.980930e-07	8.021218e-06
-1.339538e-04	-1.213278e-04	1.433170e-05	1.559380e-05
-1.307973e-04	-1.244843e-04	1.464723e-05	1.590932e-05
-6.838350e-03	1.211018e-03	-6.867273e-05	2.789924e-05
-6.494292e-03	-2.996895e-03	-9.518509e-05	2.853029e-05
-6.244929e-03	-3.773393e-03	-1.182256e-04	2.947687e-05
-6.178643e-03	-1.813209e-03	-1.494723e-04	2.758372e-05
2.451498e-02	1.622078e-02	3.150643e-03	2.940819e-03
-7.873484e-04	5.473360e-03	7.734830e-04	7.412995e-04
-8.694172e-04	6.490008e-03	1.327859e-03	9.353469e-04
-5.537677e-04	1.026929e-02	3.929988e-03	5.208176e-03
5.741079e-02	-3.880714e-03	-1.054958e-02	-1.055084e-02
-9.341787e-02	-1.057724e-01	-1.055084e-02	-1.055052e-02
-1.057755e-01	-1.057724e-01	-1.055084e-02	-1.055052e-02
-1.057724e-01	-1.057755e-01	-1.055052e-02	-1.055052e-02
8.090557e-06	3.966346e-05	2.947687e-05	2.853029e-05
-1.400695e-05	-4.557191e-05	2.411295e-05	2.726820e-05
-1.718317e-04	-1.718317e-04	1.401618e-05	1.306961e-05
-7.082387e-05	-1.307973e-04	1.496275e-05	1.527827e-05
-1.497363e-04	2.950685e-03	-4.601196e-06	2.821477e-05
-6.721560e-03	1.921409e-03	-1.074944e-04	2.853029e-05
-6.415380e-03	3.825255e-03	-9.455384e-05	2.884582e-05
-6.251242e-03	-2.475876e-04	-8.761013e-05	2.853029e-05
-7.220286e-03	-1.787957e-03	-1.469473e-04	1.012941e-02
-1.166128e-03	7.004647e-03	1.523484e-03	7.602310e-04
-7.179055e-04	6.824681e-03	9.949810e-04	7.637017e-04
-7.494704e-04	6.720490e-03	3.069553e-03	3.244038e-03
-4.811683e-04	1.904024e-02	6.097639e-03	8.055467e-03
1.007353e-02	-5.444146e-02	-1.054989e-02	-1.055084e-02
-1.035186e-01	-1.057724e-01	-1.055052e-02	-1.055052e-02
-1.057724e-01	-1.057724e-01	-1.055052e-02	-1.055052e-02
-1.043204e-01	-1.057724e-01	-1.055052e-02	-1.055021e-02
-5.819789e-05	1.775976e-06	2.442848e-05	2.221981e-05
-3.610242e-05	-1.400695e-05	2.221981e-05	1.843352e-05
-1.718317e-04	-1.402668e-04	1.243856e-05	1.654037e-05
-1.371103e-04	-1.244843e-04	1.496275e-05	1.401618e-05
-2.971643e-03	-3.501934e-03	-8.918824e-05	2.853029e-05
-6.601613e-03	-4.013287e-03	-1.551535e-04	2.884582e-05
-6.390128e-03	-4.205833e-03	-1.317974e-04	2.884582e-05
-6.213364e-03	-3.628194e-03	-1.327443e-04	2.884582e-05
1.011014e-01	1.011014e-01	1.012941e-02	1.012941e-02
-1.144032e-03	6.783636e-03	1.050198e-03	8.119770e-04
-8.315393e-04	6.641558e-03	8.425828e-04	7.596000e-04
-5.600807e-04	7.307746e-03	3.197340e-03	3.715747e-03
6.821524e-03	3.390476e-02	-7.617751e-03	-9.851733e-03
-7.514807e-02	-1.057692e-01	-1.055084e-02	-1.055052e-02
-1.057755e-01	-1.057724e-01	-1.055084e-02	-1.055052e-02
-1.057724e-01	-1.057724e-01	-1.055021e-02	-1.055052e-02
-1.020351e-01	-9.311800e-02	-2.385979e-03	2.001114e-05
-1.400695e-05	-3.294592e-05	2.979239e-05	2.474400e-05
-1.085045e-05	-1.380967e-06	2.379743e-05	-9.966792e-06
-1.465798e-04	-1.465798e-04	1.527827e-05	1.527827e-05
-1.118583e-04	-1.181713e-04	1.464723e-05	1.401618e-05
-6.885698e-03	-1.974191e-03	-1.065475e-04	2.884582e-05
-6.513231e-03	-5.231694e-03	-1.497879e-04	2.853029e-05
-6.270181e-03	-3.801801e-03	-1.276943e-04	2.916134e-05
-6.118669e-03	1.574107e-03	-1.627285e-04	2.663715e-05
3.752933e-02	2.301211e-02	3.378767e-03	3.460803e-03
-8.599478e-04	5.975370e-03	7.570757e-04	7.185818e-04
-8.441653e-04	6.070089e-03	1.336063e-03	1.030320e-03
-5.127332e-04	1.011773e-02	3.985520e-03	5.219219e-03
5.790333e-02	-4.881323e-03	-1.054989e-02	-1.055052e-02
-9.307697e-02	-1.057724e-01	-1.055084e-02	-1.055052e-02
-1.057724e-01	-1.057724e-01	-1.055052e-02	-1.055021e-02
-1.057755e-01	-1.057755e-01	-1.055052e-02	-1.055052e-02
-5.819789e-05	1.756243e-05	2.221981e-05	2.316638e-05
-2.978943e-05	-4.872840e-05	2.474400e-05	2.600610e-05
-2.444311e-04	-1.623622e-04	9.914363e-06	1.370065e-05
-1.307973e-04	-1.434233e-04	1.370065e-05	1.748694e-05
-1.939272e-04	3.203269e-03	-2.764170e-05	2.884582e-05
-6.715247e-03	-5.231694e-03	-1.406348e-04	2.884582e-05
-6.418536e-03	-1.033555e-03	-1.393724e-04	2.884582e-05
-6.235459e-03	-4.887636e-03	-1.311661e-04	2.916134e-05
-6.781533e-03	-4.742437e-03	-2.387937e-04	2.839536e-03
-1.011460e-03	6.897299e-03	1.720056e-03	7.987249e-04
-9.041387e-04	6.764692e-03	7.466634e-04	7.469790e-04
-7.147489e-04	6.758378e-03	2.564083e-03	3.232679e-03
-4.054124e-04	1.882238e-02	5.930726e-03	7.871832e-03
3.094954e-02	-3.391161e-02	-1.054989e-02	-1.055052e-02
-1.024833e-01	-1.057724e-01	-1.054989e-02	-1.055052e-02
-1.057724e-01	-1.057724e-01	-1.055084e-02	-1.055052e-02
-1.041689e-01	-1.057724e-01	-1.055084e-02	-1.055052e-02
-1.716344e-05	1.756243e-05	2.821477e-05	2.821477e-05
-6.135438e-05	3.650617e-05	2.316638e-05	2.695267e-05
-1.528928e-04	-1.371103e-04	1.338513e-05	1.464723e-05
-1.213278e-04	-1.213278e-04	1.464723e-05	1.464723e-05
-2.334031e-03	7.879413e-04	-5.573217e-05	2.884582e-05
-6.614239e-03	-4.512013e-03	-1.415817e-04	2.853029e-05
-6.345937e-03	1.255220e-03	-9.455384e-05	2.853029e-05
-6.191269e-03	-3.293606e-03	-8.792575e-05	2.884582e-05
9.815563e-02	1.011014e-01	1.012941e-02	1.012941e-02
-1.251353e-03	6.938343e-03	1.267278e-03	1.068183e-03
-8.189133e-04	6.205852e-03	9.274588e-04	7.362511e-04
-5.884891e-04	6.789951e-03	3.158215e-03	3.724581e-03
7.077264e-03	3.420786e-02	-7.600392e-03	-9.816699e-03
-7.387600e-02	-1.057724e-01	-1.055052e-02	-1.055084e-02
-1.057724e-01	-1.057724e-01	-1.055052e-02	-1.055084e-02
-1.057724e-01	-1.057724e-01	-1.055052e-02	-1.055052e-02
-1.023160e-01	-9.066540e-02	-1.554943e-03	2.474400e-05
-6.135438e-05	8.090557e-06	2.979239e-05	2.221981e-05
-7.082387e-05	-6.135438e-05	4.234927e-06	8.021218e-06
-1.371103e-04	-1.150148e-04	1.843352e-05	1.559380e-05
-1.087018e-04	-1.150148e-04	1.590932e-05	1.843352e-05
-6.847820e-03	2.833866e-03	-6.961960e-05	2.884582e-05
-6.402754e-03	4.371466e-03	-1.097038e-04	2.853029e-05
-6.244929e-03	-4.530952e-03	-1.030757e-04	2.947687e-05
-6.153391e-03	-4.107981e-03	-1.264318e-04	2.726820e-05
4.640132e-02	3.300809e-02	4.359731e-03	4.420628e-03
-8.694172e-04	6.376346e-03	7.845263e-04	7.460324e-04
-7.747224e-04	6.616300e-03	1.182402e-03	8.145011e-04
-5.442982e-04	9.003212e-03	3.990253e-03	5.235311e-03
5.205918e-02	-9.824395e-03	-1.054989e-02	-1.055052e-02
-9.277079e-02	-1.057755e-01	-1.055052e-02	-1.055052e-02
-1.057724e-01	-1.057724e-01	-1.055084e-02	-1.055052e-02
-1.057724e-01	-1.057724e-01	-1.055052e-02	-1.055052e-02
-7.398037e-05	-1.716344e-05	2.411295e-05	2.600610e-05
3.966346e-05	-1.716344e-05	2.947687e-05	1.969561e-05
-8.976284e-05	-1.339538e-04	1.969561e-05	1.969561e-05
-9.923233e-05	-1.434233e-04	1.496275e-05	1.464723e-05
-2.475876e-04	-1.696419e-03	1.685590e-05	2.789924e-05
-6.712090e-03	4.655622e-03	-9.013512e-05	2.853029e-05
-6.428006e-03	-4.445727e-03	-1.352692e-04	2.884582e-05
-6.292277e-03	4.147299e-03	-1.024444e-04	2.853029e-05
-7.157156e-03	-2.040477e-03	-1.292724e-04	2.695267e-05
-1.207162e-03	6.925714e-03	2.289577e-03	7.990405e-04
-7.652529e-04	6.606828e-03	7.302562e-04	7.542360e-04
-7.873484e-04	6.729962e-03	2.520225e-03	3.388863e-03
-5.537677e-04	1.778364e-02	5.782746e-03	7.749408e-03
4.776527e-02	-2.000409e-02	-1.054989e-02	-1.055052e-02
-1.008514e-01	-1.057755e-01	-1.055052e-02	-1.055052e-02
-1.057724e-01	-1.057724e-01	-1.055052e-02	-1.055052e-02
-1.055577e-01	-1.057724e-01	-1.055052e-02	-1.055052e-02
1.440514e-05	-4.537462e-06	2.947687e-05	2.221981e-05
8.090557e-06	1.440514e-05	2.411295e-05	1.906457e-05
-1.339538e-04	-9.923233e-05	1.717142e-05	1.433170e-05
-1.213278e-04	-1.213278e-04	1.527827e-05	1.559380e-05
-1.522812e-03	4.586162e-03	-8.603201e-05	2.884582e-05
-6.595300e-03	-5.269572e-03	-1.519973e-04	2.821477e-05
-6.361719e-03	5.157631e-03	-1.557848e-04	2.821477e-05
-6.169173e-03	2.830708e-03	-1.305349e-04	2.884582e-05
-7.993627e-03	1.011014e-01	1.012941e-02	1.012941e-02
