# Configuration automatically generated by WRITE_CONFIG()
connection eth
ip 192.168.0.10
samplehz 1000.000000
settleus 10.000000
nsample 128

# Analog Inputs
aichannel 0
ainegative 199
airange 10.000000
airesolution 0

aichannel 1
ainegative 199
airange 10.000000
airesolution 0

# Analog Outputs
aochannel 0
aosignal triangle
aofrequency 5.000000
aoamplitude 2.000000
aooffset 2.500000
aoduty 0.500000

# Meta Parameters
int:periods 10
flt:plate_Thigh_C 455.749673
flt:plate_Tlow_C 256.484281
flt:plate_Q_kW 1.218213
flt:plate_Tpeak_C 1379.108990
flt:cool_Thigh_C 80.513808
flt:cool_Tlow_C 19.440810
flt:air_psig 80.000000
flt:water_gph 1.000000
flt:cool_Q_kW 0.000000
flt:standoff_in 0.288000
flt:oxygen_scfh 14.140969
flt:fuel_scfh 9.972563
flt:flow_scfh 24.113531
flt:ratio_fto 0.705225

## End Configuration ##
#: Mon Oct  3 16:03:11 2016
-7.626052	-1.241368
-10.015491	-1.444462
-9.831348	-1.408455
-9.625411	-1.412245
-9.427686	-1.401190
-9.220170	-1.458676
-9.024024	-1.464045
-8.824088	-1.474784
-8.623204	-1.470678
-8.418847	-1.418562
-8.223017	-1.378448
-8.015500	-1.279270
-7.834516	-1.193989
-7.619103	-1.084388
-7.426432	-1.042063
-7.229023	-1.021217
-7.019295	-1.060383
-6.831046	-1.125765
-6.618792	-1.177565
-6.425488	-1.190831
-6.221447	-1.191463
-6.023722	-1.116921
-5.819995	-1.093548
-5.632378	-1.046170
-5.411280	-0.992790
-5.227452	-0.964679
-5.011408	-0.860447
-4.821895	-0.855709
-4.618484	-0.851919
-4.425498	-0.886347
-4.224298	-0.888242
-4.028468	-0.876871
-3.820320	-0.826335
-3.611224	-0.804541
-3.424870	-0.773587
-3.219249	-0.777377
-3.015207	-0.725261
-2.821272	-0.701256
-2.618809	-0.631768
-2.414136	-0.609659
-2.224307	-0.624504
-2.011737	-0.609974
-1.828857	-0.634927
-1.610286	-0.600815
-1.412877	-0.548383
-1.213572	-0.511112
-1.010478	-0.491213
-0.814964	-0.452047
-0.621977	-0.453942
-0.419198	-0.399615
-0.212945	-0.381296
-0.015220	-0.342446
0.189478	-0.348447
0.379331	-0.302016
0.582136	-0.227790
0.778938	-0.109345
0.991536	0.015104
1.181389	0.114927
1.393038	0.231808
1.576573	0.310466
1.787907	0.397653
1.980603	0.414079
2.190989	0.468097
2.379579	0.479470
2.599126	0.538858
2.785188	0.563182
2.983886	0.597614
3.187323	0.593508
3.383810	0.598246
3.595144	0.574870
3.788787	0.639313
3.996330	0.649421
4.185552	0.690803
4.395306	0.681011
4.579157	0.684801
4.798704	0.703755
4.979080	0.737240
5.195153	0.774200
5.382794	0.752403
5.596339	0.747349
5.784613	0.697753
5.991840	0.734081
6.190854	0.774516
6.393027	0.847172
6.593936	0.845276
6.783157	0.844960
6.992912	0.800735
7.186556	0.829481
7.387465	0.851594
7.591218	0.899926
7.793390	0.884447
7.986402	0.849699
8.190471	0.811160
8.383166	0.836115
8.594816	0.918880
8.786880	0.930568
8.997582	0.939097
9.180801	0.906876
9.395611	0.855701
9.588622	0.881288
9.789532	0.950469
9.994232	0.984902
9.787004	0.981111
9.592097	0.904980
9.389608	0.856648
9.190279	0.836115
8.987790	0.911614
8.792251	0.931831
8.590077	0.918564
8.392012	0.910982
8.182573	0.814318
7.994931	0.846224
7.786757	0.860439
7.595956	0.878445
7.389044	0.856648
7.190346	0.823795
6.993228	0.763459
6.781894	0.770725
6.599622	0.791258
6.390816	0.853174
6.188643	0.817793
5.996894	0.815266
5.784929	0.764407
5.583072	0.735345
5.390692	0.729027
5.179358	0.722709
5.000561	0.740399
4.776591	0.687960
4.596531	0.689224
4.381407	0.667743
4.187763	0.654791
3.988433	0.668375
3.784681	0.662373
3.594512	0.619095
3.383810	0.619727
3.186059	0.566657
2.989573	0.555916
2.788031	0.537278
2.588701	0.512955
2.391583	0.494317
2.180881	0.478838
1.987553	0.450407
1.783801	0.362273
1.587630	0.322786
1.387984	0.232440
1.188022	0.121876
0.985534	-0.000059
0.789047	-0.113135
0.591612	-0.241372
0.380910	-0.284960
0.185055	-0.332654
-0.014589	-0.329811
-0.219262	-0.374347
-0.416671	-0.394877
-0.615976	-0.423936
-0.822860	-0.425199
-1.007635	-0.459943
-1.225575	-0.512375
-1.404349	-0.546488
-1.625447	-0.620398
-1.814328	-0.633032
-2.022160	-0.645982
-2.216727	-0.610922
-2.430560	-0.609343
-2.605859	-0.622609
-2.826326	-0.679462
-3.018997	-0.671566
-3.225250	-0.730315
-3.418237	-0.745160
-3.617226	-0.815596
-3.818425	-0.843391
-4.021835	-0.892664
-4.221139	-0.891085
-4.417601	-0.926776
-4.628592	-0.913511
-4.817157	-0.922986
-5.022147	-0.955203
-5.218608	-0.979840
-5.424230	-1.001318
-5.615322	-1.026271
-5.827892	-1.065437
-6.009192	-1.080598
-6.222394	-1.159561
-6.420751	-1.164299
-6.623845	-1.182619
-6.825045	-1.186725
-7.024033	-1.171248
-7.223969	-1.131766
-7.421062	-1.151665
-7.621630	-1.163036
-7.824724	-1.245474
-8.023396	-1.329807
-8.221753	-1.410350
-8.431480	-1.489629
-8.614992	-1.506685
-8.832932	-1.523742
-9.023393	-1.522478
-9.238173	-1.526268
-9.418210	-1.496578
-9.627306	-1.477311
-9.823452	-1.453306
-10.014228	-1.492788
-9.826295	-1.518688
-9.626675	-1.594493
-9.423896	-1.571751
-9.227118	-1.559117
-9.024024	-1.462782
-8.818402	-1.422036
-8.621625	-1.398979
-8.421689	-1.361076
-8.234072	-1.382239
-8.014553	-1.297274
-7.833252	-1.241999
-7.613418	-1.248632
-7.434328	-1.256529
-7.226180	-1.281165
-7.026560	-1.314646
-6.825360	-1.248632
-6.620371	-1.205676
-6.418224	-1.136504
-6.226500	-1.141558
-6.013930	-1.090389
-5.832314	-1.075544
-5.623850	-1.002266
-5.419807	-0.948255
-5.221451	-0.958046
-5.010776	-0.986157
-4.824738	-1.008899
-4.615642	-1.027850
-4.422655	-0.976682
-4.216718	-0.907194
-4.020888	-0.838653
-3.818741	-0.805488
-3.611540	-0.795065
-3.424870	-0.754320
-3.221460	-0.754320
-3.014575	-0.693044
-2.823167	-0.696203
-2.616914	-0.693992
-2.411293	-0.709469
-2.227150	-0.701256
-2.013316	-0.652615
-1.824119	-0.614080
-1.609338	-0.537012
-1.419825	-0.508901
-1.210730	-0.507953
-1.016479	-0.493424
-0.816543	-0.450784
-0.621345	-0.428358
-0.409407	-0.382559
-0.214209	-0.419830
-0.014273	-0.364240
0.190426	-0.378137
0.383437	-0.290961
0.581188	-0.220526
0.780834	-0.098922
0.993115	0.000573
1.177598	0.131037
1.396513	0.250762
1.568676	0.311098
1.790750	0.365116
1.980288	0.420397
2.189726	0.474731
2.383686	0.512955
2.592492	0.547387
2.780134	0.516745
2.990520	0.536963
3.181637	0.542017
3.386021	0.620359
3.584719	0.642787
3.788787	0.674061
3.990012	0.658266
4.187447	0.645630
4.381407	0.652264
4.584211	0.722077
4.792386	0.745137
4.987926	0.747033
5.195468	0.731870
5.386901	0.698701
5.595076	0.709757
5.786192	0.768830
5.989629	0.808948
6.187695	0.811791
6.391448	0.826322
6.594568	0.782413
6.788528	0.817477
6.987857	0.853805
7.190346	0.891081
7.390308	0.856648
7.593429	0.838642
7.796233	0.795049
7.985770	0.828534
8.193629	0.884131
8.388536	0.912878
8.597975	0.945415
8.789092	0.892660
9.002006	0.889502
9.177958	0.871180
9.396242	0.904980
9.584516	0.929304
9.791427	0.943520
9.993600	0.909087
9.787004	0.928673
9.588306	0.889817
9.395926	0.930568
9.183961	0.930252
9.002321	0.943835
8.793514	0.898031
8.591341	0.901506
8.394223	0.874654
8.179730	0.857280
7.994299	0.886343
7.787072	0.868021
7.597219	0.836115
7.384622	0.850015
7.192873	0.817477
6.985962	0.795049
6.788528	0.834536
6.593936	0.815266
6.395554	0.840222
6.187695	0.817477
5.995315	0.809896
5.783350	0.731238
5.587494	0.744506
5.389428	0.721445
5.180305	0.721129
4.998666	0.763775
4.781962	0.734713
4.592424	0.685433
4.386461	0.695542
4.187763	0.673113
3.998542	0.658898
3.793842	0.660162
3.592932	0.624466
3.381914	0.597930
3.178478	0.542333
2.989888	0.559707
2.782345	0.538226
2.591229	0.548019
2.386845	0.510427
2.181513	0.463675
1.992923	0.419134
1.778746	0.361957
1.591421	0.330683
1.376612	0.246971
1.189286	0.125983
0.978900	0.006575
0.789679	-0.114399
0.582136	-0.227159
0.384701	-0.263798
0.182528	-0.331707
-0.008903	-0.329496
-0.224316	-0.393614
-0.409091	-0.403721
-0.623556	-0.453311
-0.816859	-0.483001
-1.013952	-0.532590
-1.223364	-0.540170
-1.412245	-0.561017
-1.622920	-0.579652
-1.813696	-0.584074
-2.017422	-0.562912
-2.219569	-0.592287
-2.417926	-0.619134
-2.612808	-0.661459
-2.826010	-0.732842
-3.017102	-0.748319
-3.225882	-0.826335
-3.416658	-0.841812
-3.619752	-0.868343
-3.817162	-0.855078
-4.018361	-0.878451
-4.219560	-0.868975
-4.418865	-0.901508
-4.627645	-0.918248
-4.814314	-0.954888
-5.024673	-0.984894
-5.217977	-1.041116
-5.423598	-1.065753
-5.623534	-1.056277
-5.828523	-1.044274
-6.017720	-1.011741
-6.227448	-1.060067
-6.420119	-1.050591
-6.626372	-1.095759
-6.820307	-1.068279
-7.025296	-1.054382
-7.229338	-1.058488
-7.422641	-1.186093
-7.614997	-1.232524
-7.822197	-1.337072
-8.027819	-1.368341
-8.222385	-1.372131
-8.430849	-1.376553
-8.618783	-1.402769
-8.827247	-1.432775
-9.023076	-1.468783
-9.223012	-1.471626
-9.420106	-1.450463
-9.631728	-1.517424
-9.815871	-1.582806
-10.021809	-1.684196
-9.818398	-1.659875
-9.633307	-1.599863
-9.418842	-1.424879
-9.230593	-1.382239
-9.019602	-1.313383
-8.824088	-1.327596
-8.624152	-1.298853
-8.421689	-1.304223
-8.224280	-1.239157
-8.022765	-1.209150
-7.828198	-1.228418
-7.620050	-1.317489
-7.422326	-1.363603
-7.220494	-1.352233
-7.028771	-1.261898
-6.821570	-1.203781
-6.622266	-1.161772
-6.418856	-1.127660
-6.224921	-1.109340
-6.010456	-1.040168
-5.823470	-1.004161
-5.622902	-0.975102
-5.420124	-0.996580
-5.226820	-1.012057
-5.005091	-1.000686
-4.823790	-0.971944
-4.615642	-0.926776
-4.416654	-0.844970
-4.215770	-0.822545
-4.032259	-0.786537
-3.812424	-0.784642
-3.619121	-0.779904
-3.423291	-0.752109
-3.224934	-0.777693
-3.012680	-0.724630
-2.826642	-0.742002
-2.614388	-0.692728
-2.419821	-0.672198
-2.224307	-0.633348
-2.012053	-0.596393
-1.824751	-0.583443
-1.609338	-0.558490
-1.418246	-0.538591
-1.215152	-0.530063
-1.011110	-0.481737
-0.812753	-0.494372
-0.618187	-0.459943
-0.414145	-0.419830
-0.217683	-0.418882
-0.007324	-0.347815
0.180001	-0.351921
0.390703	-0.278643
0.578661	-0.207260
0.786204	-0.101133
0.986797	0.005627
1.183284	0.128826
1.393038	0.220436
1.579101	0.315520
1.785696	0.378383
1.981235	0.456093
2.185303	0.471888
2.391583	0.485788
2.590913	0.493053
2.782977	0.521168
2.989573	0.595719
3.187639	0.596351
3.392023	0.634890
3.589142	0.627624
3.794158	0.619095
3.988117	0.622254
4.187447	0.670902
4.393095	0.689540
4.589898	0.701860
4.789859	0.692067
4.980976	0.715127
5.190730	0.704387
5.385322	0.745769
5.590653	0.783993
5.779243	0.794101
6.002264	0.793154
6.182325	0.787152
6.396818	0.797576
6.587303	0.787783
6.792318	0.851910
6.987226	0.823795
7.194769	0.838642
7.383358	0.844644
7.596272	0.852858
7.793074	0.812107
7.983559	0.900242
8.187311	0.889502
8.394539	0.918564
8.590394	0.926145
8.786880	0.921091
8.992845	0.857280
9.181434	0.894556
9.402245	0.877813
9.584516	0.907192
9.796165	0.965000
9.989178	0.953944
9.794586	0.914773
9.587043	0.928988
9.395294	0.924250
9.180486	0.927409
8.998530	0.952996
8.792883	0.893924
8.591341	0.863282
8.391696	0.827586
8.187311	0.843381
7.986086	0.879393
7.794022	0.920459
7.593429	0.879077
7.388729	0.842433
7.191610	0.791574
6.987857	0.809264
6.789159	0.849067
6.594884	0.853174
6.394922	0.851594
6.184852	0.774516
5.997211	0.744506
5.782718	0.723972
5.588758	0.776411
5.383426	0.763143
5.183465	0.755562
4.992980	0.729659
4.778803	0.675009
4.591161	0.665532
4.384565	0.714496
4.185552	0.681643
3.988117	0.678168
3.788156	0.632679
3.583456	0.566341
3.388864	0.581504
3.181321	0.563498
2.998418	0.596351
2.782345	0.554021
2.599442	0.533172
2.380527	0.477574
2.181197	0.469045
1.988185	0.441878
1.778746	0.396389
1.586998	0.315520
1.387352	0.244128
1.177282	0.096921
0.994695	0.014156
0.776411	-0.122927
0.588138	-0.215156
0.384069	-0.276748
0.184739	-0.346868
-0.009535	-0.364555
-0.223368	-0.425199
-0.408775	-0.434043
-0.624188	-0.437518
-0.814648	-0.458680
-1.013952	-0.484580
-1.213572	-0.497846
-1.416035	-0.521535
-1.621657	-0.511428
-1.819066	-0.530695
-2.012685	-0.543645
-2.217990	-0.597024
-2.414767	-0.645350
-2.614072	-0.709153
-2.824431	-0.733158
-3.014575	-0.716417
-3.228409	-0.757478
-3.413184	-0.770113
-3.623227	-0.821913
-3.814003	-0.844970
-4.022151	-0.851919
-4.222719	-0.824755
-4.422339	-0.881925
-4.623222	-0.931830
-4.814630	-1.026271
-5.019304	-1.072701
-5.222083	-1.102076
-5.422019	-1.031324
-5.622902	-1.006372
-5.825049	-0.978261
-6.008245	-1.011741
-6.230922	-1.069227
-6.412539	-1.053750
-6.626056	-1.084388
-6.820622	-1.131450
-7.026560	-1.211993
-7.219863	-1.317173
-7.425800	-1.363919
-7.615944	-1.323490
-7.826303	-1.299801
-8.020870	-1.238841
-8.228703	-1.295379
-8.424532	-1.326017
-8.623204	-1.395189
-8.823140	-1.383502
-9.021497	-1.359813
-9.230593	-1.356023
-9.420422	-1.465624
-9.631728	-1.610917
-9.818082	-1.699041
-10.028441	-1.717045
-9.819978	-1.612497
-9.628885	-1.512687
-9.422001	-1.423616
-9.230908	-1.419510
-9.025288	-1.378448
-8.828826	-1.376553
-8.621625	-1.338967
-8.430218	-1.360129
-8.229018	-1.375922
-8.018343	-1.384766
-7.828515	-1.319068
-7.620998	-1.289062
-7.428958	-1.202202
-7.222074	-1.122606
-7.022138	-1.060383
-6.820939	-1.059120
-6.625741	-1.115026
-6.418540	-1.129871
-6.234712	-1.190831
-6.007613	-1.131766
-5.832945	-1.097654
-5.614058	-1.038273
-5.423282	-1.036062
-5.222083	-1.010478
-5.014250	-1.008583
-4.820947	-0.944780
-4.624486	-0.922670
-4.419180	-0.866764
-4.220824	-0.876871
-4.026573	-0.840232
-3.813056	-0.870554
-3.621332	-0.857288
-3.420764	-0.801698
-3.228724	-0.780852
-3.009837	-0.734105
-2.826010	-0.720839
-2.614388	-0.701888
-2.416347	-0.669039
-2.224307	-0.617871
-2.021213	-0.590707
-1.818118	-0.573019
-1.612181	-0.595129
-1.415719	-0.590076
-1.224311	-0.621345
-1.007004	-0.558490
-0.824124	-0.524694
-0.615660	-0.461839
-0.416987	-0.429621
-0.217051	-0.418882
-0.008271	-0.360133
0.178106	-0.344657
0.386596	-0.278643
0.578029	-0.215156
0.788731	-0.109977
0.985534	0.009734
1.183916	0.136407
1.390827	0.224858
1.578469	0.322154
1.786644	0.365747
1.986290	0.438087
2.182776	0.456725
2.385897	0.510743
2.596915	0.508848
2.780450	0.548967
2.993047	0.588769
3.178478	0.579608
3.397393	0.633626
3.579665	0.627624
3.795737	0.625097
3.985274	0.651632
4.188395	0.665848
4.385197	0.663952
4.589898	0.717655
4.790175	0.691751
4.988557	0.722709
5.185044	0.717023
5.389428	0.770093
5.589390	0.773252
5.793774	0.810528
5.990261	0.791890
6.184536	0.746717
6.401240	0.742926
6.585723	0.768198
6.793266	0.828850
6.988489	0.881288
7.191926	0.867073
7.388412	0.838958
7.593429	0.843381
7.789599	0.840222
7.991140	0.910667
8.188891	0.906560
8.392960	0.914457
8.587867	0.852542
8.796357	0.818425
8.991264	0.856017
9.187435	0.937833
9.389924	0.965316
9.583568	0.962157
9.795218	0.925198
9.988862	0.861071
9.789847	0.892976
9.588306	0.955840
9.393715	0.973846
9.177643	0.941624
8.999794	0.909087
8.786249	0.808316
8.591973	0.859176
8.391696	0.892660
8.191418	0.916669
7.988929	0.898031
7.787072	0.880341
7.592165	0.791574
7.389676	0.858544
7.191294	0.871180
6.982803	0.864546
6.798636	0.838642
6.594884	0.758721
6.401872	0.733449
6.182009	0.751771
6.005740	0.785572
5.781770	0.790942
5.596655	0.796628
5.381215	0.729659
5.192941	0.719866
4.987926	0.680379
4.788280	0.718286
4.584843	0.698069
4.386145	0.710073
4.181445	0.638681
3.992224	0.644051
3.790683	0.621622
3.586614	0.635838
3.384757	0.629520
3.181637	0.605196
2.984202	0.570447
2.784557	0.546439
2.589649	0.517377
2.379579	0.511691
2.189094	0.478522
1.983762	0.422924
1.780958	0.375856
1.586050	0.305411
1.386405	0.232755
1.183284	0.101027
0.992167	0.017947
0.780834	-0.117873
0.582451	-0.206628
0.388808	-0.307386
0.187267	-0.380032
-0.008587	-0.382875
-0.224316	-0.416040
-0.409091	-0.423620
-0.622293	-0.442887
-0.814648	-0.467524
-1.023112	-0.504795
-1.211046	-0.509848
-1.414772	-0.548699
-1.619130	-0.569229
-1.819381	-0.664301
-2.014264	-0.691781
-2.231256	-0.757794
-2.412556	-0.713891
-2.620389	-0.706310
-2.814639	-0.687675
-3.012996	-0.677883
-3.227777	-0.736316
-3.409077	-0.762532
-3.622911	-0.801066
-3.810213	-0.822229
-4.022151	-0.838969
-4.217349	-0.903403
-4.427709	-0.969101
-4.617221	-0.995633
-4.819052	-1.028166
-5.012355	-1.000686
-5.225873	-1.035115
-5.413806	-1.014584
-5.626692	-1.040168
-5.824417	-1.046801
-6.027828	-1.061331
-6.225553	-1.080282
-6.416960	-1.113762
-6.625741	-1.183566
-6.819991	-1.236314
-7.024033	-1.255265
-7.221758	-1.266320
-7.415061	-1.244842
-7.620366	-1.162720
-7.825040	-1.161772
-8.025291	-1.135872
-8.229965	-1.202202
-8.423268	-1.248316
-8.625731	-1.363603
-8.822193	-1.416351
-9.029078	-1.455517
-9.222065	-1.482996
-9.421685	-1.519951
-9.629201	-1.549010
-9.817451	-1.512055
-10.027810	-1.475732
-9.813661	-1.389503
-9.629201	-1.327280
-9.422001	-1.316857
-9.237858	-1.357286
-9.018023	-1.386661
-8.832932	-1.406875
-8.612149	-1.337387
-8.430849	-1.347495
-8.219543	-1.305802
-8.024660	-1.331386
-7.817144	-1.306750
-7.624788	-1.305170
-7.420746	-1.237577
-7.228075	-1.212625
-7.028139	-1.167773
-6.819675	-1.192410
-6.623213	-1.216415
-6.419803	-1.217994
-6.228711	-1.178197
-6.015193	-1.129555
-5.836104	-1.087231
-5.611216	-1.050591
-5.432758	-1.023112
-5.213871	-0.967206
-5.021831	-0.920775
-4.823158	-0.872450
-4.621959	-0.873081
-4.412863	-0.890137
-4.223982	-0.964995
-4.021835	-0.919196
-3.820320	-0.865817
-3.617857	-0.776114
-3.420448	-0.738527
-3.224303	-0.715786
-3.013943	-0.695887
-2.826326	-0.686727
-2.609650	-0.669039
-2.425190	-0.629242
-2.213568	-0.635874
-2.021213	-0.662406
-1.819381	-0.654826
-1.612181	-0.635559
-1.416667	-0.562280
-1.218942	-0.530379
-1.003213	-0.457417
-0.829809	-0.463734
-0.619766	-0.403090
-0.409723	-0.416040
-0.216735	-0.380980
-0.007640	-0.324126
0.182528	-0.310860
0.385965	-0.289382
0.583715	-0.213577
0.783361	-0.116610
0.974793	0.008786
1.189602	0.124088
1.386089	0.218856
1.581312	0.327840
1.780326	0.378383
1.993239	0.457041
2.176774	0.451671
2.392847	0.501582
2.579857	0.507268
2.789611	0.564130
2.984834	0.578977
3.179110	0.590981
3.388864	0.585610
3.584719	0.584979
3.787208	0.598246
3.990644	0.678799
4.185867	0.681958
4.387409	0.702492
4.584527	0.689540
4.786384	0.657950
4.994559	0.713232
5.185044	0.739767
5.393219	0.786520
5.583388	0.775779
5.795037	0.749876
5.994051	0.722709
6.192433	0.765039
6.398081	0.828218
6.587618	0.831693
6.789159	0.845276
6.992280	0.829481
7.190978	0.789363
7.392519	0.841801
7.599431	0.887922
7.788020	0.879709
7.990193	0.896767
8.191102	0.810528
8.394223	0.821268
8.588182	0.831377
8.798569	0.924250
8.984631	0.935622
9.187752	0.953944
9.393715	0.912562
9.585148	0.889502
9.799324	0.902137
9.987282	0.962473
9.793323	0.955208
9.591149	0.951417
9.387081	0.886974
9.184592	0.870548
8.997267	0.887922
8.786249	0.905612
8.600502	0.946994
8.382535	0.906244
8.194262	0.874023
7.987666	0.834852
7.798129	0.817162
7.588058	0.840854
7.388097	0.874654
7.190978	0.819057
6.988489	0.817793
6.790107	0.799156
6.595516	0.787152
6.391763	0.783361
6.192750	0.820005
5.993735	0.804842
5.786508	0.787152
5.587178	0.785256
5.380583	0.735661
5.197048	0.736608
4.981291	0.713548
4.796493	0.694594
4.583580	0.680379
4.389304	0.700912
4.189026	0.636154
3.993171	0.651632
3.788787	0.633626
3.584087	0.640576
3.388864	0.614673
3.182269	0.598878
2.988309	0.559075
2.778871	0.507584
2.593756	0.498423
2.377368	0.482313
2.193201	0.475995
1.976497	0.444089
1.791066	0.394810
1.580996	0.305095
1.387984	0.239389
1.178546	0.104818
0.991852	0.025212
0.779570	-0.135877
0.590033	-0.223684
0.379015	-0.318441
0.185055	-0.322547
-0.016484	-0.339287
-0.218631	-0.354448
-0.414460	-0.390771
-0.617239	-0.394246
-0.814964	-0.449204
-1.016479	-0.442256
-1.205360	-0.464050
-1.418246	-0.502268
-1.611233	-0.552805
-1.820329	-0.610290
-2.013948	-0.616291
-2.229361	-0.658932
-2.407819	-0.635559
-2.621020	-0.663670
-2.808954	-0.667144
-3.019313	-0.715786
-3.225250	-0.769481
-3.421080	-0.830441
-3.621648	-0.868659
-3.817162	-0.925829
-4.019624	-0.931514
-4.212927	-0.965942
-4.421391	-0.941938
-4.623222	-0.920459
-4.816841	-0.895507
-5.018356	-0.858552
-5.227768	-0.917301
-5.413806	-0.938147
-5.627324	-1.026271
-5.822522	-1.084072
-6.016457	-1.115026
-6.222078	-1.099865
-6.421382	-1.104918
-6.629847	-1.125133
-6.821886	-1.192410
-7.024664	-1.205044
-7.229023	-1.224943
-7.418220	-1.185145
-7.617839	-1.195885
-7.823145	-1.254318
-8.017712	-1.299801
-8.232177	-1.396768
-8.420742	-1.406875
-8.629837	-1.453938
-8.818087	-1.416667
-9.022760	-1.428354
-9.224591	-1.446989
-9.434951	-1.485839
-9.630780	-1.471941
-9.819978	-1.453306
-10.024019	-1.403717
-9.824399	-1.440356
-9.623832	-1.468151
-9.426106	-1.549642
-9.224908	-1.551221
-9.022445	-1.507949
-8.826931	-1.440040
-8.615940	-1.379396
-8.434956	-1.377185
-8.219227	-1.320331
-8.030977	-1.284324
-7.822197	-1.235682
-7.622893	-1.186409
-7.418220	-1.208519
-7.223022	-1.257476
-7.025928	-1.279270
-6.822518	-1.296642
-6.622266	-1.183250
-6.419171	-1.099233
-6.216709	-1.041748
-6.018984	-1.024376
-5.830102	-1.002266
-5.616269	-0.993738
-5.428651	-0.970680
-5.209133	-0.886979
-5.023094	-0.922986
-4.813367	-0.943201
-4.629539	-0.973523
-4.417601	-0.952992
-4.224298	-0.930883
-4.017729	-0.832020
-3.818741	-0.818438
-3.619121	-0.776430
-3.421080	-0.773271
-3.216090	-0.730315
-3.010785	-0.703467
-2.822220	-0.646298
-2.607754	-0.635243
-2.418558	-0.619766
-2.209146	-0.634295
-2.033531	-0.630821
-1.814328	-0.579968
-1.622288	-0.547751
-1.409402	-0.495319
-1.221469	-0.476052
-1.011741	-0.450784
-0.823492	-0.468787
-0.607763	-0.436254
-0.423936	-0.463734
-0.210102	-0.413829
-0.014904	-0.401195
0.187898	-0.352553
0.383437	-0.316230
0.583083	-0.205365
0.783361	-0.126085
0.987429	0.016999
1.190234	0.128826
1.384825	0.249182
1.584787	0.329735
1.779062	0.364800
1.992292	0.417554
2.184040	0.448512
2.396322	0.517061
2.580173	0.548335
2.797824	0.556864
2.983886	0.534435
3.187323	0.532540
3.381914	0.575502
3.579033	0.638049
3.790367	0.656687
3.986854	0.696805
4.185236	0.657003
4.383302	0.661425
4.594636	0.696490
4.784805	0.718918
4.992980	0.752719
5.184728	0.720498
5.391639	0.711653
5.579281	0.698701
5.793142	0.753035
5.993735	0.798524
6.188643	0.844644
6.394607	0.828534
6.589829	0.813055
6.793898	0.776411
6.990701	0.819373
7.187187	0.820952
7.395994	0.893292
7.592797	0.847488
7.791811	0.856017
7.988929	0.866757
8.183837	0.844013
8.398330	0.889502
8.584392	0.922671
8.795726	0.917932
8.985263	0.932779
9.194701	0.931200
9.386765	0.901190
9.587991	0.923302
9.791743	0.934359
9.991388	0.926461
9.785741	0.901821
9.596204	0.935306
9.385186	0.882236
9.190910	0.904980
8.994424	0.935622
8.786565	0.912562
8.591341	0.932147
8.384430	0.904665
8.199632	0.871495
7.982927	0.810528
7.796865	0.830429
7.589638	0.828218
7.393783	0.865493
7.190662	0.872443
6.986278	0.856333
6.790423	0.808001
6.591725	0.827270
6.382287	0.779570
6.194013	0.826322
5.989313	0.807369
5.794405	0.777675
5.595392	0.741347
5.377108	0.699649
5.198311	0.716707
4.987926	0.718286
4.789543	0.728079
4.583263	0.697437
4.382986	0.661109
4.182709	0.634258
3.995067	0.668691
3.785312	0.640260
3.591037	0.661109
3.383494	0.599194
3.188586	0.577397
2.981675	0.521168
2.786136	0.537594
2.589333	0.529381
2.379895	0.528117
2.190358	0.470940
1.972706	0.428926
1.787276	0.363536
1.577521	0.329104
1.382930	0.238758
1.185811	0.122192
0.989008	0.006575
0.775463	-0.125769
0.589085	-0.188309
0.382174	-0.279275
0.189162	-0.287803
-0.015852	-0.333602
-0.213577	-0.367714
-0.414776	-0.419514
-0.626083	-0.455521
-0.814964	-0.510480
-1.015847	-0.511112
-1.213888	-0.544277
-1.420457	-0.572388
-1.619130	-0.609659
-1.820013	-0.633032
-2.015527	-0.623872
-2.228413	-0.636506
-2.410029	-0.631453
-2.622600	-0.679462
-2.805480	-0.703151
-3.023419	-0.758426
-3.222407	-0.771060
-3.415395	-0.788748
-3.611856	-0.782431
-3.818425	-0.834863
-4.009201	-0.838969
-4.221771	-0.891717
-4.422339	-0.852551
-4.623222	-0.839601
-4.821263	-0.827598
-5.012987	-0.863290
-5.227136	-0.982999
-5.414122	-1.080598
-5.631114	-1.160509
-5.816837	-1.171880
-6.036040	-1.142189
-6.213866	-1.148822
-6.423909	-1.171564
-6.620687	-1.177881
-6.824097	-1.195569
-7.027507	-1.151665
-7.231549	-1.168089
-7.414429	-1.211677
-7.628579	-1.321595
-7.819986	-1.379712
-8.019607	-1.434671
-8.225860	-1.379080
-8.428006	-1.301380
-8.630469	-1.301696
-8.822824	-1.334545
-9.027814	-1.370552
-9.221433	-1.422352
-9.434635	-1.411929
-9.626675	-1.373079
-9.821240	-1.442251
-10.022756	-1.541114
-9.822188	-1.623868
-9.623832	-1.617235
-9.430213	-1.565434
-9.225539	-1.429301
-9.024024	-1.350338
-8.824719	-1.318752
-8.608991	-1.297590
-8.436218	-1.332018
-8.216700	-1.278638
-8.030977	-1.251475
-7.820934	-1.266320
-7.623525	-1.282429
-7.418851	-1.316225
-7.228391	-1.322226
-7.023717	-1.238209
-6.828835	-1.209782
-6.618475	-1.094811
-6.432753	-1.109972
-6.212918	-1.055645
-6.025932	-1.084388
-5.821259	-1.067332
-5.620691	-1.072701
-5.425177	-1.039221
-5.210080	-1.022796
-5.024358	-1.000686
-4.812735	-0.972891
-4.624486	-0.928988
-4.424234	-0.913826
-4.222403	-0.871818
-4.015834	-0.833284
-3.824742	-0.818123
-3.614383	-0.757794
-3.427081	-0.761269
-3.214827	-0.732210
-3.023419	-0.731894
-2.820325	-0.708205
-2.615967	-0.691465
-2.419821	-0.650088
-2.215147	-0.637454
-2.025319	-0.588812
-1.808642	-0.544592
-1.617866	-0.511428
-1.416351	-0.516166
-1.213572	-0.514586
-1.008267	-0.525010
-0.830125	-0.533853
-0.614712	-0.480158
-0.417935	-0.487107
-0.212629	-0.418251
-0.014273	-0.405616
0.189478	-0.341814
0.379647	-0.301384
0.584347	-0.202522
0.784308	-0.122927
0.985850	0.014156
1.190866	0.128826
1.384509	0.236862
1.586682	0.308570
1.783801	0.379331
1.988185	0.445353
2.178670	0.480733
2.396006	0.503794
2.585859	0.494948
2.797824	0.557180
2.973462	0.542649
3.192061	0.603301
3.381598	0.624781
3.591669	0.649737
3.785312	0.638365
3.994751	0.674061
4.182393	0.645630
4.387724	0.708494
4.588318	0.697753
4.787964	0.718602
4.988557	0.714496
5.186624	0.734713
5.388480	0.721445
5.584335	0.759984
5.789351	0.792838
5.985838	0.794101
6.200015	0.818425
6.396502	0.817477
6.595200	0.785888
6.795162	0.769777
6.994175	0.824743
7.186556	0.801999
7.398521	0.869916
7.589006	0.878129
7.791811	0.865809
7.997458	0.846540
8.180362	0.880972
8.393907	0.901821
8.579021	0.922355
8.797936	0.935622
8.993160	0.899294
9.188699	0.869284
9.385818	0.865809
9.592413	0.908139
9.788268	0.945415
9.991388	0.984270
9.788584	0.911614
9.595256	0.903401
9.382027	0.876234
9.192806	0.937518
8.991581	0.939413
8.792251	0.944467
8.597659	0.909087
8.380008	0.819689
8.200895	0.789047
7.982296	0.851278
7.798129	0.873707
7.598799	0.916669
7.392519	0.870548
7.187503	0.819373
6.990385	0.803894
6.787896	0.802314
6.599307	0.862335
6.383550	0.818109
6.193065	0.806737
5.984574	0.741663
5.788088	0.704703
5.589705	0.740083
5.382794	0.771989
5.200207	0.777675
4.985082	0.756194
4.788596	0.684170
4.589266	0.656371
4.381407	0.663952
4.190290	0.681958
3.997278	0.675325
3.784681	0.638997
3.591669	0.603932
3.385705	0.570132
3.189850	0.588769
2.978832	0.573606
2.793402	0.574238
2.582068	0.548019
2.381790	0.505057
2.187831	0.473152
1.980603	0.432401
1.790750	0.402391
1.574678	0.334474
1.386721	0.228333
1.184864	0.116190
0.992799	-0.004481
0.777359	-0.131455
0.584347	-0.202838
0.376172	-0.297594
0.191689	-0.300437
-0.021221	-0.385086
-0.206944	-0.405616
-0.421409	-0.447309
-0.614080	-0.451100
-0.818754	-0.476052
-1.015847	-0.462470
-1.212625	-0.526905
-1.417614	-0.532906
-1.610602	-0.569861
-1.825383	-0.561333
-2.020897	-0.598288
-2.217674	-0.649140
-2.402765	-0.720839
-2.623231	-0.757478
-2.805164	-0.781168
-3.026262	-0.775166
-3.218301	-0.739475
-3.425186	-0.758742
-3.614383	-0.787800
-3.816214	-0.856657
-4.018677	-0.884452
-4.225245	-0.909720
-4.417601	-0.890137
-4.616905	-0.975418
-4.812103	-1.027218
-5.018988	-1.080282
-5.218608	-1.095759
-5.419176	-1.085967
-5.627324	-1.069543
-5.815573	-1.053750
-6.030670	-1.049012
-6.214498	-1.061331
-6.425804	-1.077123
-6.620371	-1.061015
-6.823465	-1.077755
-7.023401	-1.116289
-7.234708	-1.219574
-7.414113	-1.290957
-7.626052	-1.390135
-7.818091	-1.377185
-8.026239	-1.341178
-8.228070	-1.287798
-8.431165	-1.310540
-8.627311	-1.370236
-8.818719	-1.439724
-9.027498	-1.450779
-9.225539	-1.484576
-9.434635	-1.524058
-9.620358	-1.580911
-9.821873	-1.622920
-10.018334	-1.566698
-9.824716	-1.542377
-9.619725	-1.388872
-9.435266	-1.332334
-9.214169	-1.284324
-9.029393	-1.326017
-8.822193	-1.329807
-8.619414	-1.353180
-8.431480	-1.382870
-8.220174	-1.380028
-8.028450	-1.392978
-7.824724	-1.413193
-7.616576	-1.338019
-7.411271	-1.318436
-7.230602	-1.219890
-7.022138	-1.098601
-6.822518	-1.039221
-6.620687	-0.994369
-6.422962	-1.054382
-6.209760	-1.085335
-6.023722	-1.147243
-5.814310	-1.150717
-5.625113	-1.123870
-5.426441	-1.068911
-5.215134	-1.003845
-5.028780	-0.957414
-4.811156	-0.904035
-4.623222	-0.811805
-4.426129	-0.789696
-4.216718	-0.761269
-4.014255	-0.787800
-3.820952	-0.866132
-3.615962	-0.854446
-3.424238	-0.853182
-3.215143	-0.763480
-3.026262	-0.744844
-2.811796	-0.689886
-2.622916	-0.677567
-2.412241	-0.650088
-2.216095	-0.629242
-2.029425	-0.578073
-1.810853	-0.533222
-1.622604	-0.528484
-1.414456	-0.550910
-1.210730	-0.532590
-1.012373	-0.533853
-0.821281	-0.485528
-0.619134	-0.447941
-0.423304	-0.443835
-0.208523	-0.382243
-0.021537	-0.385086
0.197059	-0.319072
0.377751	-0.258744
0.586874	-0.194626
0.779886	-0.112819
0.986481	0.018894
1.189286	0.132617
1.384825	0.236230
1.591421	0.295619
1.782537	0.386912
1.984710	0.413448
2.181197	0.476311
2.390951	0.510743
2.589333	0.525590
2.799088	0.553389
2.982307	0.558759
3.189534	0.598246
3.384757	0.619095
3.591669	0.638681
3.789735	0.629836
3.993171	0.649421
4.179550	0.640892
4.390252	0.687960
4.586422	0.709125
4.784173	0.739451
4.992032	0.704703
5.186624	0.710705
5.388480	0.730606
5.578333	0.765039
5.797565	0.805473
5.980468	0.816214
6.198751	0.806737
6.381023	0.758721
6.604045	0.761880
6.783473	0.800419
6.995439	0.871811
7.192242	0.871180
7.400101	0.892029
7.590901	0.839274
7.793074	0.863598
7.993352	0.879393
8.193629	0.916669
8.392960	0.902769
8.590394	0.881920
8.796673	0.803262
8.979893	0.844960
9.190595	0.899926
9.381080	0.963421
9.596519	0.965948
9.789847	0.950153
9.994864	0.898347
9.789216	0.864230
9.590518	0.943835
9.382343	0.954576
9.193122	0.958683
8.986210	0.910035
8.792251	0.856648
8.591658	0.827586
8.389484	0.876866
8.192366	0.908455
7.985770	0.910351
7.790547	0.867073
7.589638	0.819689
7.397573	0.798524
7.187819	0.840222
6.990385	0.863282
6.790423	0.846540
6.588250	0.817793
6.386393	0.734081
6.199068	0.749876
5.983943	0.757773
5.794405	0.804210
5.586231	0.783045
5.382163	0.777043
5.192941	0.737240
4.983503	0.701860
4.794281	0.680695
4.586422	0.707546
4.386461	0.674693
4.189658	0.674693
4.002017	0.638997
3.786260	0.610250
3.595144	0.624150
3.381598	0.609618
3.194904	0.624781
2.972830	0.562866
2.796561	0.547071
2.581120	0.522747
2.395058	0.494001
2.190989	0.461464
1.985658	0.435560
1.786012	0.380279
1.573730	0.324681
1.387984	0.217908
1.190550	0.131669
0.981427	-0.005745
0.787152	-0.111240
0.580872	-0.211682
0.380910	-0.304227
0.193585	-0.350974
-0.020906	-0.416356
-0.207260	-0.404353
-0.420777	-0.418882
-0.618818	-0.441624
-0.819386	-0.465629
-1.015216	-0.482369
-1.213572	-0.511428
-1.423300	-0.509533
-1.615024	-0.539855
-1.819381	-0.562912
-2.022160	-0.639981
-2.222412	-0.670934
-2.411293	-0.696203
-2.615967	-0.669987
-2.816850	-0.620082
-3.025946	-0.626083
-3.216090	-0.613765
-3.428660	-0.705678
-3.612804	-0.766322
-3.820636	-0.831073
-4.017729	-0.866132
-4.219876	-0.923934
-4.422971	-0.942569
-4.625433	-1.003529
-4.818420	-0.985841
-5.021199	-1.002582
-5.217661	-0.954572
-5.421703	-0.960257
-5.623534	-0.970996
-5.821890	-1.028482
-6.019931	-1.046170
-6.216709	-1.040484
-6.424225	-1.090389
-6.615317	-1.098917
-6.824413	-1.171248
-7.020875	-1.206308
-7.230917	-1.232208
-7.413797	-1.246105
-7.625104	-1.251475
-7.821881	-1.211046
-8.024029	-1.258108
-8.224912	-1.269795
-8.432428	-1.317804
-8.621625	-1.390135
-8.821245	-1.451727
-9.022760	-1.487734
-9.230593	-1.531954
-9.436530	-1.500053
-9.616251	-1.499105
-9.818082	-1.501948
-10.019281	-1.463098
-9.821873	-1.380975
-9.625095	-1.320647
-9.431792	-1.331386
-9.219222	-1.322858
-9.030341	-1.414456
-8.821561	-1.419825
-8.622257	-1.384134
-8.428954	-1.312435
-8.222069	-1.267268
-8.026239	-1.261582
-7.819671	-1.277375
-7.624156	-1.254002
-7.416324	-1.198096
-7.228707	-1.133345
-7.016137	-1.076176
-6.832625	-1.097970
-6.619739	-1.139978
-6.427700	-1.209782
-6.209128	-1.164931
-6.028460	-1.116289
-5.820627	-1.025323
-5.627008	-1.007004
-5.420755	-0.951413
-5.215450	-0.952361
-5.020883	-0.909720
-4.814946	-0.872450
-4.619748	-0.822545
-4.425181	-0.874345
-4.220508	-0.874976
-4.020572	-0.916037
-3.820952	-0.870870
-3.616278	-0.795697
-3.427713	-0.779272
-3.211668	-0.737264
-3.021840	-0.739159
-2.812112	-0.724314
-2.621336	-0.712627
-2.410977	-0.657037
-2.226834	-0.638401
-2.013948	-0.643771
-1.814328	-0.653246
-1.620393	-0.642507
-1.418246	-0.619450
-1.212309	-0.532590
-1.018374	-0.506690
-0.823492	-0.451415
-0.609659	-0.417619
-0.417619	-0.408775
-0.217367	-0.358238
-0.018379	-0.350658
0.194532	-0.287487
0.369538	-0.288119
0.588138	-0.217051
0.777991	-0.113135
0.989324	0.019210
1.188654	0.124403
1.378823	0.233703
1.591421	0.313941
1.777483	0.412184
1.983446	0.432085
2.193201	0.477574
2.391583	0.477574
2.579857	0.506637
2.800983	0.548651
2.975673	0.577713
3.194904	0.625097
3.377492	0.590349
3.594828	0.584347
3.785628	0.602037
3.993487	0.656371
4.180497	0.689224
4.388356	0.714812
4.587686	0.685433
4.791439	0.677220
4.988241	0.669007
5.193889	0.754614
5.382163	0.771357
5.587810	0.788099
5.787140	0.769461
5.983311	0.725236
6.197488	0.753667
6.382602	0.802946
6.598990	0.856648
6.782210	0.858544
6.991333	0.846224
7.189714	0.804842
7.388729	0.840854
7.592165	0.866757
7.795601	0.923934
7.987666	0.891081
8.188891	0.868652
8.389169	0.795997
8.591973	0.809264
8.795409	0.891081
8.985579	0.947310
9.200071	0.956471
9.389293	0.950153
9.597783	0.910035
9.784793	0.880656
9.998022	0.931831
9.788584	0.944151
9.594309	0.958683
9.384870	0.883500
9.197544	0.895819
8.985579	0.856017
8.791619	0.912246
8.589762	0.913510
8.388221	0.935622
8.188575	0.882552
7.987034	0.871495
7.791179	0.814950
7.591849	0.842117
7.395678	0.836431
7.186240	0.846224
6.992280	0.817477
6.780946	0.810844
6.594252	0.800419
6.381023	0.757141
6.198436	0.796628
5.981100	0.798524
5.794722	0.789047
5.579281	0.774200
5.385322	0.771357
5.192626	0.713864
4.989820	0.707546
4.794598	0.690172
4.587054	0.685117
4.388672	0.672797
4.192817	0.677536
3.994119	0.627940
3.787840	0.639944
3.586298	0.632363
3.386021	0.608355
3.186059	0.617832
2.981043	0.562234
2.797192	0.535383
2.580488	0.495896
2.391583	0.492421
2.182776	0.460516
1.985658	0.444089
1.787276	0.393546
1.576573	0.318363
1.391143	0.205589
1.187391	0.136407
0.987113	-0.016168
0.785888	-0.105555
0.582451	-0.231581
0.377435	-0.300121
0.194216	-0.326653
-0.027539	-0.380348
-0.205049	-0.358870
-0.427095	-0.395509
-0.615028	-0.422673
-0.825703	-0.438465
-1.016795	-0.456785
-1.212941	-0.497214
-1.418562	-0.523114
-1.615024	-0.588496
-1.817486	-0.599551
-2.023108	-0.663038
-2.213568	-0.646613
-2.413820	-0.651035
-2.619125	-0.647245
-2.809586	-0.671250
-3.028473	-0.723366
-3.213563	-0.744528
-3.431503	-0.808015
-3.611224	-0.853182
-3.813687	-0.879714
-4.016150	-0.916037
-4.220508	-0.911300
-4.422023	-0.898981
-4.618801	-0.919512
-4.821263	-0.894559
-5.015830	-0.917617
-5.217345	-0.907194
-5.425493	-0.972260
-5.621954	-1.023112
-5.823470	-1.106498
-6.028460	-1.153560
-6.214814	-1.136188
-6.431490	-1.156087
-6.614054	-1.127976
-6.829151	-1.178828
-7.013926	-1.228102
-7.221758	-1.255265
-7.414429	-1.242315
-7.624156	-1.243894
-7.824409	-1.204728
-8.025608	-1.264741
-8.224912	-1.305486
-8.428954	-1.425827
-8.619414	-1.418562
-8.822824	-1.409402
-9.021181	-1.371816
-9.222065	-1.386661
-9.439689	-1.405612
-9.616883	-1.434039
-9.831664	-1.448568
-10.008859	-1.434986
-9.820609	-1.393294
-9.626359	-1.427090
-9.432424	-1.504159
-9.223644	-1.564171
-9.030972	-1.577753
-8.820298	-1.442567
-8.625416	-1.414772
-8.422637	-1.355391
-8.225544	-1.339914
-8.030977	-1.305802
-7.821881	-1.278954
-7.624156	-1.203465
-7.420115	-1.201254
-7.230917	-1.211361
-7.014873	-1.250527
-6.825360	-1.241999
-6.622266	-1.192094
-6.423594	-1.114710
-6.221447	-1.038905
-6.027828	-1.007951
-5.817153	-0.981103
-5.628903	-0.996580
-5.421703	-0.961836
-5.218608	-0.929303
-5.022147	-0.916353
-4.816841	-0.939411
-4.624486	-0.952045
-4.423918	-0.987421
-4.225245	-0.926776
-4.022151	-0.884452
-3.825058	-0.823808
-3.605855	-0.770113
-3.428660	-0.756531
-3.212300	-0.715154
-3.025946	-0.714838
-2.812428	-0.667776
-2.627337	-0.670303
-2.407503	-0.670618
-2.224939	-0.689570
-2.022160	-0.646929
-1.816855	-0.609343
-1.618814	-0.552489
-1.416983	-0.516797
-1.210098	-0.452995
-1.019006	-0.486475
-0.815912	-0.447625
-0.617871	-0.445414
-0.417935	-0.418882
-0.212945	-0.376558
-0.018379	-0.363292
0.196428	-0.332970
0.382490	-0.298542
0.593192	-0.219262
0.788731	-0.113135
0.989324	0.007522
1.180125	0.125983
1.389248	0.242232
1.584471	0.321206
1.782853	0.393546
1.981867	0.396705
2.194149	0.459568
2.384949	0.504425
2.587754	0.548967
2.792138	0.571079
2.982623	0.551178
3.190482	0.544544
3.380651	0.553073
3.595144	0.625413
3.784049	0.670902
3.992224	0.686065
4.184920	0.688276
4.384250	0.682906
4.590845	0.674061
4.784173	0.725236
4.992980	0.728395
5.193573	0.770725
5.387217	0.709441
5.594128	0.732502
5.785876	0.733449
5.985206	0.797576
6.196856	0.832956
6.383550	0.830429
6.600254	0.831377
6.781262	0.805789
6.993860	0.800103
7.181185	0.838642
7.393151	0.869284
7.591533	0.854437
7.794022	0.877813
7.990509	0.837063
8.190154	0.873707
8.386642	0.840222
8.597343	0.931831
8.793199	0.931516
8.996003	0.928041
9.187752	0.927409
9.389924	0.922355
9.602206	0.907192
9.787004	0.921407
9.998970	0.912878
9.787004	0.902137
9.591782	0.914773
9.391820	0.901506
9.194386	0.889186
8.991264	0.908455
8.802044	0.922355
8.594185	0.886974
8.392012	0.912878
8.190786	0.861071
7.991457	0.814318
7.796865	0.817793
7.587427	0.820005
7.388729	0.830745
7.181817	0.862650
6.993860	0.858860
6.775260	0.808001
6.597727	0.805158
6.387973	0.789679
6.193065	0.816214
5.983311	0.812107
5.799460	0.801683
5.581176	0.725236
5.388165	0.737556
5.185676	0.691435
4.988873	0.723657
4.788911	0.715443
4.585791	0.708494
4.380775	0.645630
4.186815	0.656371
3.987801	0.624150
3.783417	0.669954
3.590721	0.651317
3.381914	0.624150
3.190166	0.578029
2.978516	0.518957
2.797508	0.526538
2.579225	0.535383
2.394742	0.526222
2.177722	0.479470
1.983446	0.444089
1.791066	0.368590
1.583523	0.332262
1.387668	0.243812
1.192445	0.152834
0.981427	0.002784
0.796944	-0.114083
0.586558	-0.224316
0.379647	-0.282433
0.186319	-0.308017
-0.016484	-0.343393
-0.209787	-0.352869
-0.422041	-0.413513
-0.612185	-0.441308
-0.826335	-0.475736
-1.011741	-0.490581
-1.217679	-0.525010
-1.420141	-0.537644
-1.615024	-0.580600
-1.820013	-0.599551
-2.020897	-0.651667
-2.218306	-0.628610
-2.416978	-0.677251
-2.620389	-0.679147
-2.811481	-0.711364
-3.024051	-0.777693
-3.211037	-0.796960
-3.436557	-0.843391
-3.606802	-0.848445
-3.826953	-0.867080
-4.020256	-0.883189
-4.223982	-0.884136
-4.417601	-0.863921
-4.625117	-0.856973
-4.821895	-0.826019
-5.020252	-0.880030
-5.217661	-0.920459
-5.427072	-1.053750
-5.617848	-1.091021
-5.820627	-1.120395
-6.024037	-1.084072
-6.215761	-1.068279
-6.428647	-1.100181
-6.614369	-1.117237
-6.831046	-1.172511
-7.021506	-1.207887
-7.227128	-1.210098
-7.420430	-1.273901
-7.619103	-1.370552
-7.824092	-1.408771
-8.024029	-1.452990
-8.226491	-1.412877
-8.428006	-1.374027
-8.615940	-1.361392
-8.821877	-1.394557
-9.019602	-1.439093
-9.226171	-1.462150
-9.435266	-1.449200
-9.621305	-1.382555
-9.821557	-1.427090
-10.016123	-1.455201
-9.822504	-1.495946
-9.627938	-1.519636
-9.432740	-1.497210
-9.223960	-1.400558
-9.029078	-1.366446
-8.819350	-1.341178
-8.622889	-1.365498
-8.429901	-1.337703
-8.228070	-1.339283
-8.021502	-1.283376
-7.826935	-1.308013
-7.622262	-1.316857
-7.415692	-1.340546
-7.231549	-1.291589
-7.012662	-1.215783
-6.831677	-1.139347
-6.615001	-1.055013
-6.423909	-1.021217
-6.216077	-1.037957
-6.032566	-1.055645
-5.812731	-1.048696
-5.624166	-1.053434
-5.413806	-0.989316
-5.224926	-0.997528
-5.015198	-0.982367
-4.815894	-0.978261
-4.619116	-0.928672
-4.422971	-0.874976
-4.220508	-0.793486
-4.020256	-0.781483
-3.821899	-0.742317
-3.615330	-0.731578
-3.423923	-0.717365
-3.219565	-0.715154
-3.024051	-0.715154
-2.814323	-0.706626
-2.623231	-0.727788
-2.412556	-0.698730
-2.224623	-0.689254
-2.021213	-0.612501
-1.815907	-0.576810
-1.619761	-0.524694
-1.411929	-0.517429
-1.217994	-0.482053
-1.018374	-0.518692
-0.818754	-0.484896
-0.617871	-0.497214
-0.419198	-0.465313
-0.214840	-0.410986
-0.022169	-0.387929
0.197691	-0.320336
0.370170	-0.287487
0.593824	-0.205365
0.776727	-0.110924
0.990588	0.014156
1.182968	0.124719
1.385457	0.241601
1.586682	0.303200
1.781590	0.391019
1.982499	0.405550
2.195412	0.500319
2.376104	0.492421
2.592176	0.532540
2.790559	0.539806
2.983571	0.546439
3.197432	0.580556
3.379071	0.616252
3.594828	0.645630
3.784049	0.657950
3.993803	0.661741
4.179550	0.674061
4.386461	0.688908
4.588318	0.712916
4.786384	0.706914
4.990452	0.700280
5.194521	0.744506
5.383742	0.710705
5.589074	0.747980
5.780822	0.788731
5.986470	0.805473
6.191170	0.825691
6.386709	0.817162
6.600886	0.813055
6.781894	0.770093
6.993228	0.813055
7.186872	0.825059
7.395678	0.856017
7.584899	0.882868
7.793074	0.891081
7.987350	0.840538
8.189523	0.886974
8.388221	0.870548
8.599238	0.926777
8.790671	0.934675
8.995055	0.927409
9.186804	0.872127
9.374446	0.881288
9.597152	0.902769
9.780686	0.943835
10.001497	0.984270
9.785110	0.953312
9.593045	0.889502
9.387713	0.885711
9.192806	0.910667
8.987473	0.930884
8.797305	0.978900
8.590077	0.898663
8.394539	0.870864
8.178150	0.768514
7.993668	0.829481
7.791179	0.870864
7.591218	0.907823
7.397573	0.879709
7.182765	0.845276
6.996387	0.810212
6.787580	0.816214
6.595516	0.849067
6.390816	0.855385
6.193065	0.824743
5.984574	0.760616
5.791879	0.723657
5.579281	0.730290
5.389428	0.777043
5.193573	0.753667
4.994875	0.758721
4.787964	0.713232
4.589266	0.656371
4.388041	0.641840
4.186183	0.687960
3.990644	0.667111
3.779942	0.662373
3.595144	0.613409
3.382546	0.568236
3.184796	0.574238
2.979464	0.566657
2.797192	0.572343
2.578909	0.545492
2.394426	0.517377
2.178038	0.445037
1.989764	0.443458
1.784433	0.385965
1.581628	0.331947
1.389248	0.224226
1.187391	0.132933
0.983006	-0.023117
0.788731	-0.101449
0.583083	-0.206628
0.375856	-0.231581
0.196112	-0.276116
-0.014904	-0.333917
-0.206944	-0.379085
-0.430885	-0.430253
-0.612817	-0.460575
-0.825703	-0.457417
-1.007635	-0.468787
-1.217994	-0.505111
-1.415719	-0.524062
-1.615971	-0.568597
-1.818118	-0.587549
-2.028793	-0.632084
-2.217990	-0.643771
-2.419821	-0.726209
-2.616914	-0.764743
-2.817482	-0.809279
-3.018681	-0.784010
-3.216406	-0.746108
-3.429924	-0.781799
-3.606487	-0.799803
-3.824426	-0.833284
-4.017413	-0.862026
-4.223035	-0.866132
-4.421391	-0.845602
-4.621011	-0.878135
-4.822843	-0.919512
-5.016777	-1.004161
-5.219240	-1.037957
-5.426125	-1.084388
-5.619112	-1.018690
-5.830419	-1.031640
-6.017405	-1.020269
-6.215445	-1.063857
-6.427700	-1.113762
-6.615001	-1.091968
-6.831993	-1.097970
-7.018348	-1.137136
-7.223022	-1.192094
-7.410007	-1.259055
-7.631105	-1.296326
-7.821250	-1.275480
-8.026555	-1.264741
-8.222701	-1.223048
-8.429901	-1.269479
-8.615308	-1.297906
-8.826299	-1.395820
-9.022129	-1.427722
-9.228698	-1.453622
-9.431161	-1.457728
-9.621305	-1.515213
-9.832295	-1.584386
-10.007595	-1.622288
-9.827558	-1.584070
-9.623200	-1.537639
-9.429265	-1.432144
-9.227434	-1.392346
-9.028446	-1.412245
-8.824404	-1.364551
-8.619730	-1.350022
-8.421373	-1.314330
-8.228386	-1.307065
-8.022765	-1.314962
-7.820934	-1.332650
-7.626052	-1.287798
-7.425800	-1.277375
-7.232813	-1.223996
-7.018979	-1.120080
-6.835783	-1.071122
-6.616896	-1.039852
-6.427068	-1.046485
-6.216077	-1.072070
-6.024353	-1.135872
-5.816837	-1.120080
-5.629851	-1.136820
-5.422966	-1.056909
-5.219872	-1.056277
-5.012671	-0.990895
-4.820000	-0.984578
-4.621327	-0.917617
-4.421391	-0.895191
-4.221771	-0.834547
-4.024678	-0.847813
-3.826637	-0.839601
-3.615330	-0.864553
-3.427713	-0.845286
-3.220512	-0.801066
-3.019313	-0.738527
-2.815587	-0.691781
-2.617862	-0.677883
-2.399922	-0.647245
-2.228097	-0.646613
-2.020581	-0.591971
-1.824119	-0.576494
-1.612181	-0.547119
-1.415719	-0.558490
-1.216731	-0.552173
-1.018058	-0.571124
-0.817491	-0.499741
-0.624504	-0.473209
-0.418882	-0.413829
-0.211050	-0.394562
-0.014273	-0.357607
0.186951	-0.315282
0.377435	-0.272958
0.588138	-0.203470
0.773568	-0.109345
0.989324	0.022369
1.186759	0.129142
1.398093	0.236546
1.583523	0.304148
1.785380	0.388492
1.987237	0.407446
2.194149	0.483260
2.377684	0.494317
2.583331	0.538858
2.796876	0.523695
2.981359	0.558128
3.190166	0.601721
3.378755	0.607723
3.596723	0.655423
3.779942	0.649421
3.993487	0.624150
4.177338	0.650053
4.389304	0.674377
4.585159	0.687960
4.792070	0.741031
4.990452	0.720814
5.195468	0.717970
5.381846	0.698069
5.591917	0.761880
5.788404	0.783993
5.992788	0.844013
6.190854	0.827902
6.389236	0.776411
6.598990	0.747665
6.775260	0.783045
6.994807	0.848751
7.187503	0.896135
7.388412	0.881288
7.587742	0.853174
7.792127	0.832640
7.992404	0.857596
8.190786	0.916669
8.392643	0.904665
8.593868	0.920459
8.788460	0.846540
8.996319	0.829166
9.186804	0.875286
9.386765	0.946994
9.594940	0.981743
9.786689	0.964369
9.999918	0.942572
9.783214	0.863282
9.595256	0.885079
9.385818	0.952049
9.189962	0.954576
8.989685	0.928673
8.794147	0.889502
8.590394	0.821900
8.392960	0.874654
8.182257	0.878129
7.988297	0.900874
7.791811	0.869916
7.593112	0.843381
7.393783	0.801051
7.186240	0.841801
6.997650	0.855069
6.781894	0.836747
6.602466	0.813371
6.391448	0.769461
6.195909	0.735661
5.995631	0.743558
5.800724	0.774832
5.578018	0.765671
5.391007	0.800103
5.183465	0.724604
5.000245	0.732502
4.782278	0.698069
4.585159	0.700596
4.383302	0.689224
4.176707	0.666480
3.992224	0.618779
3.784997	0.624466
3.591985	0.608355
3.383494	0.608355
3.184796	0.592244
2.983886	0.581188
2.790243	0.549598
2.587122	0.520536
2.388108	0.503478
2.180565	0.449775
1.982183	0.444089
1.782221	0.365747
1.584471	0.321522
1.388300	0.233703
1.183916	0.139251
0.985534	-0.001954
0.792206	-0.109345
0.584347	-0.231896
0.375540	-0.298858
0.187582	-0.351289
-0.015852	-0.406248
-0.209155	-0.410354
-0.424568	-0.429306
-0.610606	-0.435307
-0.829493	-0.468472
-1.001634	-0.486475
-1.215468	-0.524694
-1.414456	-0.507006
-1.616287	-0.538591
-1.819066	-0.552805
-2.023423	-0.620082
-2.214515	-0.641244
-2.416347	-0.717681
-2.608386	-0.691781
-2.816534	-0.733473
-3.016470	-0.713891
-3.219565	-0.727472
-3.423923	-0.778009
-3.609961	-0.789064
-3.826005	-0.806436
-4.013307	-0.855709
-4.222087	-0.891401
-4.413495	-0.979840
-4.629855	-1.024691
-4.816841	-1.025639
-5.014566	-1.015532
-5.218608	-0.969733
-5.422650	-0.976050
-5.615005	-0.943201
-5.825996	-0.988368
-6.019300	-1.018374
-6.219867	-1.066700
-6.426120	-1.104603
-6.619739	-1.099233
-6.831362	-1.147875
-7.018348	-1.188620
-7.229338	-1.228102
-7.415692	-1.261266
-7.622577	-1.259371
-7.826935	-1.224627
-8.022449	-1.216731
-8.228703	-1.217047
-8.427691	-1.273901
-8.619414	-1.295063
-8.830721	-1.375922
-9.015180	-1.393610
-9.235962	-1.432144
-9.441584	-1.434671
-9.622252	-1.442883
-9.826926	-1.507001
-10.010754	-1.482996
-9.836086	-1.396136
-9.624780	-1.290325
-9.430213	-1.213888
-9.222381	-1.224943
-9.023393	-1.306750
-8.824404	-1.407191
-8.618151	-1.488366
-8.422637	-1.410034
-8.232177	-1.389503
-8.021502	-1.292536
-7.828515	-1.287167
-7.618155	-1.265057
-7.422957	-1.223680
-7.235024	-1.148506
-7.018032	-1.103339
-6.832625	-1.107761
-6.617844	-1.163352
-6.423277	-1.191778
-6.223341	-1.220521
-6.017405	-1.155455
-5.820311	-1.071122
-5.628272	-1.044274
-5.417597	-0.988684
-5.228400	-0.995633
-5.012671	-0.955203
-4.820316	-0.912563
-4.620380	-0.850024
-4.415706	-0.857920
-4.219244	-0.878451
-4.015203	-0.910984
-3.826953	-0.913511
-3.608698	-0.862342
-3.428029	-0.788432
-3.219881	-0.744844
-3.020892	-0.713891
-2.817482	-0.681673
-2.621968	-0.684200
-2.408766	-0.618502
-2.226202	-0.628294
-2.015527	-0.573651
-1.822856	-0.616607
-1.609970	-0.591339
-1.418878	-0.576810
-1.214520	-0.498794
-1.014900	-0.468787
-0.818438	-0.405616
-0.605868	-0.415724
-0.421409	-0.368030
-0.206944	-0.373083
-0.011114	-0.358554
0.194216	-0.329180
0.377120	-0.282117
0.588138	-0.217051
0.778306	-0.115662
0.991852	0.024581
1.177914	0.122508
1.392722	0.233703
1.578153	0.300673
1.787276	0.388176
1.981867	0.428295
2.188778	0.482313
2.382422	0.478206
2.593440	0.511059
2.792138	0.528749
2.984518	0.587822
3.186691	0.611830
3.384442	0.614673
3.585983	0.597299
3.783733	0.578661
3.999489	0.617516
4.179550	0.669007
4.388672	0.712284
4.583263	0.716075
4.789859	0.709757
4.992664	0.687329
5.189150	0.732818
5.382478	0.749244
5.592549	0.792522
5.787456	0.763459
5.987733	0.761248
6.195909	0.732502
6.386393	0.782729
6.602149	0.829481
6.782842	0.845592
7.001441	0.857280
7.187819	0.840854
7.399785	0.786520
7.592797	0.830745
7.791495	0.892976
7.987666	0.886027
8.190471	0.911298
8.392327	0.834536
8.598607	0.861071
8.781195	0.854121
8.997267	0.928041
9.179538	0.936254
9.387397	0.962473
9.592097	0.919196
9.783214	0.914141
10.000866	0.916037
9.786689	0.939097
9.590518	0.940677
9.387713	0.927093
9.181434	0.874339
8.994424	0.876866
8.789408	0.853489
8.593237	0.880025
8.392012	0.929620
8.186364	0.896135
7.996195	0.887606
7.783597	0.866757
7.594376	0.834536
7.393783	0.808948
7.189714	0.831061
6.992280	0.815582
6.782210	0.808632
6.597727	0.827270
6.390500	0.799156
6.192118	0.783045
5.993104	0.800103
5.794405	0.782729
5.585915	0.758089
5.387217	0.776095
5.188835	0.703439
4.992348	0.712284
4.781330	0.678168
4.594004	0.678799
4.381722	0.677852
4.178918	0.690803
3.988749	0.644999
3.778047	0.610566
3.596091	0.604880
3.376228	0.609934
3.184164	0.603301
2.983886	0.609303
2.791190	0.561286
2.582068	0.514534
2.400428	0.480417
2.185619	0.431138
1.987869	0.447880
1.776851	0.372697
1.587946	0.334158
1.376612	0.216645
1.189602	0.121560
0.982691	-0.009851
0.777043	-0.105871
0.581820	-0.236950
0.380594	-0.297594
0.192637	-0.343077
-0.017115	-0.351921
-0.211998	-0.373715
-0.417303	-0.363924
-0.618502	-0.394562
-0.826019	-0.435623
-1.012689	-0.461839
-1.223364	-0.519956
-1.414456	-0.560385
-1.612813	-0.640612
