# Configuration automatically generated by WRITE_CONFIG()
connection eth
ip 192.168.0.10
samplehz 1000.000000
settleus 10.000000
nsample 128

# Analog Inputs
aichannel 0
ainegative 199
airange 10.000000
airesolution 0

aichannel 1
ainegative 199
airange 10.000000
airesolution 0

# Analog Outputs
aochannel 0
aosignal triangle
aofrequency 5.000000
aoamplitude 2.000000
aooffset 2.500000
aoduty 0.500000

# Meta Parameters
int:periods 10
flt:plate_Thigh_C 707.806739
flt:plate_Tlow_C 558.614382
flt:plate_Q_kW 0.912090
flt:plate_Tpeak_C 1404.897939
flt:cool_Thigh_C 74.937285
flt:cool_Tlow_C 20.142496
flt:air_psig 70.000000
flt:water_gph 0.800000
flt:cool_Q_kW 0.000000
flt:standoff_in 0.228000
flt:oxygen_scfh 11.699562
flt:fuel_scfh 8.273344
flt:flow_scfh 19.972906
flt:ratio_fto 0.707150

## End Configuration ##
#: Mon Jul 25 12:40:24 2016
-6.634268	-1.467204
-10.006016	-1.885711
-9.824716	-1.833595
-9.626042	-1.775162
-9.429265	-1.750209
-9.224908	-1.814644
-9.018338	-1.783690
-8.830090	-1.783374
-8.621625	-1.742945
-8.425480	-1.667455
-8.234072	-1.657032
-8.015817	-1.638713
-7.825040	-1.622604
-7.620366	-1.545851
-7.430853	-1.492788
-7.235655	-1.467835
-7.015189	-1.461834
-6.835152	-1.507633
-6.621950	-1.475100
-6.429911	-1.414456
-6.217340	-1.352233
-6.023406	-1.278007
-5.833577	-1.306434
-5.619112	-1.285271
-5.423282	-1.228102
-5.226820	-1.229681
-5.017093	-1.143137
-4.827896	-1.156087
-4.625749	-1.147243
-4.434341	-1.142821
-4.218928	-1.109972
-4.022151	-1.053434
-3.826637	-1.055645
-3.616910	-1.035115
-3.430871	-1.022165
-3.224934	-0.997528
-3.029420	-0.935305
-2.826010	-0.894559
-2.615651	-0.817491
-2.429928	-0.815596
-2.231256	-0.824755
-2.020897	-0.760321
-1.831068	-0.753688
-1.621341	-0.691781
-1.430565	-0.664617
-1.219574	-0.632400
-1.027850	-0.618187
-0.829493	-0.613133
-0.615976	-0.555332
-0.438149	-0.532590
-0.220526	-0.511744
-0.025328	-0.466261
0.179053	-0.444151
0.368275	-0.362344
0.571395	-0.267904
0.782729	-0.101764
0.968159	0.051116
1.176650	0.176210
1.382298	0.350584
1.569308	0.457041
1.773376	0.580556
1.968284	0.657634
2.183092	0.746401
2.378631	0.806737
2.572907	0.848435
2.781398	0.905296
2.971251	0.956787
3.175319	1.014596
3.373701	1.053451
3.582192	1.089779
3.777731	1.165278
3.972954	1.155485
4.171021	1.202238
4.376984	1.256572
4.572523	1.254045
4.779119	1.278368
4.974342	1.324173
5.179358	1.351972
5.363841	1.374401
5.580544	1.414835
5.774820	1.428103
5.969728	1.443897
6.172216	1.478330
6.372810	1.477698
6.585407	1.533296
6.773049	1.538034
6.974274	1.529505
7.182765	1.604688
7.371986	1.615429
7.575423	1.631223
7.777279	1.700089
7.978189	1.694402
8.175307	1.695666
8.371795	1.744946
8.587551	1.762952
8.764136	1.785696
8.977365	1.831501
9.174168	1.817602
9.370023	1.808125
9.579778	1.857404
9.770894	1.837187
9.977489	1.864670
9.774685	1.903209
9.567773	1.814443
9.376657	1.833396
9.166903	1.811915
8.973259	1.754422
8.774244	1.746525
8.574599	1.704511
8.377165	1.687453
8.166462	1.668183
7.979453	1.677976
7.778227	1.659654
7.578581	1.674817
7.377357	1.648282
7.172024	1.562358
6.981224	1.567097
6.769258	1.534875
6.578457	1.496652
6.380391	1.527610
6.171900	1.468221
5.979520	1.441686
5.774504	1.438211
5.576754	1.379139
5.375213	1.404727
5.171144	1.351656
4.982555	1.317855
4.764272	1.269207
4.579789	1.254676
4.372246	1.218664
4.172916	1.181389
3.985274	1.192445
3.769518	1.101467
3.575558	1.060717
3.379387	1.077143
3.168369	0.979848
2.977569	0.973530
2.776659	0.902769
2.577013	0.847488
2.373577	0.804210
2.172352	0.719866
1.982815	0.665848
1.765795	0.574870
1.573730	0.455462
1.374085	0.333526
1.181073	0.184424
0.976689	0.041007
0.766934	-0.136508
0.581504	-0.269799
0.375540	-0.358870
0.175894	-0.457101
-0.015536	-0.453311
-0.227790	-0.501636
-0.421093	-0.504163
-0.635559	-0.548699
-0.822860	-0.587865
-1.017743	-0.594498
-1.231892	-0.660827
-1.420141	-0.681989
-1.620393	-0.705047
-1.826962	-0.747055
-2.029109	-0.800119
-2.225255	-0.838653
-2.417294	-0.841496
-2.632707	-0.875608
-2.824115	-0.902456
-3.022156	-0.931198
-3.241675	-1.018058
-3.426134	-1.031008
-3.625754	-1.046170
-3.821268	-1.033851
-4.037312	-1.050907
-4.226509	-1.103023
-4.419180	-1.117869
-4.628592	-1.145348
-4.822526	-1.173143
-5.022779	-1.169037
-5.222714	-1.192410
-5.427704	-1.251791
-5.626692	-1.306750
-5.818732	-1.312435
-6.029723	-1.303275
-6.231554	-1.303907
-6.424541	-1.310540
-6.629847	-1.347495
-6.830730	-1.367078
-7.034772	-1.400558
-7.221758	-1.396768
-7.426432	-1.430880
-7.629210	-1.537323
-7.821881	-1.627658
-8.028450	-1.653242
-8.225227	-1.674720
-8.428322	-1.693671
-8.621309	-1.689881
-8.827562	-1.751157
-9.029710	-1.835490
-9.219222	-1.850967
-9.423265	-1.872129
-9.629833	-1.866128
-9.820293	-1.876551
-10.024019	-1.945092
-9.817451	-1.893291
-9.636150	-1.859179
-9.416631	-1.787796
-9.222381	-1.675352
-9.025288	-1.652926
-8.824088	-1.663033
-8.622889	-1.675352
-8.422321	-1.641871
-8.236282	-1.613444
-8.029714	-1.585017
-7.821250	-1.556590
-7.630158	-1.591019
-7.422009	-1.563223
-7.223969	-1.513003
-7.032245	-1.492472
-6.831677	-1.452358
-6.636164	-1.487418
-6.419487	-1.457096
-6.230606	-1.427406
-6.025617	-1.400242
-5.824417	-1.309908
-5.625113	-1.292536
-5.421071	-1.269163
-5.231558	-1.263477
-5.018988	-1.218626
-4.823158	-1.151033
-4.628908	-1.119764
-4.422655	-1.077439
-4.226825	-1.099865
-4.018677	-1.103655
-3.825058	-1.058804
-3.626385	-1.031008
-3.416974	-0.931514
-3.236305	-0.916037
-3.020892	-0.895507
-2.828221	-0.860447
-2.626074	-0.839601
-2.420137	-0.797276
-2.233783	-0.794118
-2.020581	-0.800119
-1.826962	-0.779588
-1.620077	-0.760953
-1.420773	-0.670618
-1.228418	-0.652299
-1.015532	-0.618502
-0.831388	-0.612817
-0.625767	-0.597656
-0.421093	-0.542066
-0.240740	-0.527220
-0.016484	-0.453626
0.172104	-0.422041
0.376172	-0.375610
0.578661	-0.259060
0.772304	-0.129244
0.982375	0.052379
1.170964	0.208116
1.378823	0.335421
1.574362	0.466834
1.761372	0.559075
1.980603	0.666164
2.170141	0.730922
2.379579	0.816846
2.574486	0.875918
2.775396	0.873707
2.976621	0.969739
3.171212	1.000697
3.381914	1.025337
3.573031	1.094833
3.776467	1.109365
3.979904	1.140638
4.169757	1.175703
4.382354	1.218032
4.575682	1.271419
4.770274	1.294479
4.986978	1.314696
5.174935	1.318803
5.373949	1.379771
5.571383	1.362713
5.782086	1.416415
5.976993	1.480225
6.169689	1.447372
6.383234	1.494757
6.580669	1.548775
6.773049	1.544352
6.971115	1.619535
7.174236	1.629960
7.379883	1.614165
7.569105	1.639437
7.771277	1.655231
7.977557	1.683346
8.170569	1.726624
8.379060	1.722833
8.579337	1.716831
8.780878	1.796437
8.972627	1.787907
9.176695	1.784748
9.376341	1.840346
9.567142	1.803070
9.777212	1.799911
9.980332	1.869408
9.778791	1.820445
9.573460	1.849823
9.374446	1.838135
9.181118	1.794857
8.973259	1.780326
8.774561	1.761056
8.576179	1.717779
8.375269	1.722517
8.173097	1.714620
7.972187	1.641332
7.785177	1.666604
7.578897	1.639753
7.370722	1.594580
7.181817	1.621747
6.971115	1.584155
6.768942	1.536771
6.573403	1.538350
6.381971	1.513394
6.171900	1.490334
5.971307	1.458113
5.779243	1.415783
5.572963	1.383246
5.373949	1.387984
5.174304	1.343759
4.971499	1.305851
4.774064	1.315644
4.566837	1.219612
4.380143	1.207924
4.175443	1.202238
3.977061	1.111892
3.778363	1.117578
3.571451	1.074616
3.379071	1.027548
3.168053	0.997538
2.969671	0.948890
2.784557	0.930568
2.568800	0.870864
2.379895	0.804842
2.175195	0.732502
1.967968	0.653844
1.781905	0.580240
1.567097	0.449775
1.382930	0.357850
1.168121	0.193269
0.977636	0.013208
0.780202	-0.111240
0.569816	-0.265061
0.377120	-0.348131
0.178737	-0.415408
-0.017115	-0.493424
-0.227475	-0.518692
-0.429937	-0.574283
-0.619766	-0.563544
-0.830757	-0.580284
-1.019322	-0.626715
-1.223996	-0.661775
-1.427090	-0.708205
-1.616287	-0.704415
-1.833595	-0.748319
-2.021213	-0.756531
-2.227782	-0.782431
-2.427086	-0.849076
-2.621336	-0.858868
-2.833591	-0.886347
-3.025946	-0.904035
-3.231883	-0.906878
-3.429924	-0.970680
-3.620384	-1.010478
-3.830112	-1.072070
-4.019624	-1.081861
-4.225877	-1.091337
-4.422339	-1.128292
-4.620380	-1.171248
-4.832002	-1.232208
-5.016461	-1.234419
-5.230927	-1.241052
-5.423913	-1.260319
-5.626060	-1.268531
-5.826944	-1.349074
-6.018352	-1.387292
-6.232185	-1.403085
-6.423909	-1.419825
-6.620055	-1.392346
-6.836731	-1.450463
-7.025612	-1.476363
-7.231234	-1.494999
-7.420115	-1.505738
-7.623841	-1.524373
-7.829462	-1.569225
-8.020238	-1.607759
-8.235020	-1.693987
-8.419163	-1.734101
-8.626047	-1.720203
-8.824088	-1.690829
-9.025288	-1.682616
-9.233751	-1.793797
-9.421053	-1.879078
-9.633307	-1.898345
-9.827242	-1.912243
-10.015807	-1.868971
-9.828190	-1.827594
-9.630780	-1.833279
-9.435266	-1.836438
-9.220170	-1.806747
-9.029078	-1.740418
-8.831985	-1.698725
-8.617835	-1.657348
-8.430849	-1.675668
-8.228070	-1.644082
-8.032557	-1.603969
-7.820934	-1.561013
-7.619103	-1.501632
-7.429274	-1.531638
-7.223969	-1.555327
-7.022138	-1.528164
-6.835152	-1.493420
-6.630478	-1.410982
-6.425804	-1.346231
-6.225237	-1.326333
-6.029723	-1.363919
-5.817784	-1.346231
-5.620691	-1.294115
-5.431179	-1.244842
-5.222714	-1.189252
-5.028148	-1.186725
-4.814314	-1.173775
-4.633962	-1.150086
-4.423918	-1.140926
-4.221139	-1.086915
-4.030995	-1.107129
-3.820004	-1.127660
-3.621964	-1.080598
-3.424554	-1.022480
-3.226514	-0.965942
-3.028157	-0.929303
-2.824431	-0.874345
-2.627969	-0.880030
-2.423927	-0.865817
-2.219569	-0.809279
-2.033531	-0.769165
-1.826330	-0.737895
-1.629237	-0.725893
-1.418878	-0.704731
-1.226207	-0.658616
-1.025323	-0.641876
-0.815280	-0.570177
-0.628610	-0.540486
-0.424884	-0.550278
-0.220842	-0.506690
-0.025328	-0.488686
0.180633	-0.404985
0.367643	-0.375294
0.576449	-0.249584
0.776411	-0.100501
0.976057	0.019526
1.181389	0.198955
1.369978	0.338896
1.576889	0.470940
1.774008	0.571079
1.975865	0.640260
2.178354	0.738820
2.362837	0.786204
2.580173	0.838327
2.778871	0.936254
2.969039	0.938465
3.170264	0.983638
3.369910	1.027232
3.588510	1.073037
3.769202	1.113155
3.977693	1.163699
4.177970	1.196236
4.372561	1.202238
4.578209	1.269523
4.769642	1.278684
4.983187	1.317539
5.173040	1.406938
5.369527	1.353552
5.586546	1.393354
5.769766	1.436000
5.976361	1.438211
6.179482	1.480857
6.375021	1.509604
6.588250	1.523819
6.767047	1.534559
6.981224	1.575626
7.175183	1.600266
7.366300	1.625221
7.582057	1.652704
7.773489	1.611322
7.977873	1.651441
8.174676	1.670394
8.373690	1.688716
8.578074	1.781905
8.773613	1.751895
8.978945	1.735469
9.164691	1.784433
9.376025	1.779694
9.574723	1.840346
9.769630	1.864986
9.983491	1.858984
9.766788	1.816970
9.571880	1.814127
9.375710	1.787907
9.172588	1.815074
8.980840	1.829921
8.775825	1.733258
8.575231	1.719674
8.372426	1.735785
8.166462	1.689980
7.975346	1.718095
7.774753	1.669447
7.579845	1.604056
7.367564	1.585734
7.176447	1.556040
6.983751	1.565201
6.769574	1.565517
6.581616	1.530137
6.376600	1.494757
6.173164	1.483069
5.974782	1.433473
5.774504	1.414519
5.578018	1.417994
5.368895	1.368399
5.177146	1.302692
4.977501	1.317855
4.774380	1.268576
4.578525	1.276789
4.372246	1.255308
4.176075	1.195604
3.978324	1.149483
3.771729	1.089779
3.584719	1.072721
3.372753	1.064192
3.175951	1.026916
2.972830	0.944467
2.784873	0.901506
2.574802	0.857596
2.366627	0.781781
2.183408	0.736608
1.973022	0.673745
1.769585	0.548335
1.573415	0.461780
1.374085	0.326576
1.174439	0.204009
0.966896	0.022053
0.780202	-0.138088
0.579292	-0.261587
0.365431	-0.398668
0.180001	-0.440045
-0.032592	-0.472578
-0.219894	-0.490265
-0.434043	-0.529431
-0.622924	-0.576178
-0.816543	-0.571440
-1.030377	-0.610606
-1.222732	-0.625451
-1.421721	-0.625451
-1.628605	-0.688622
-1.826330	-0.713259
-2.030372	-0.772639
-2.221464	-0.764111
-2.431192	-0.802962
-2.632075	-0.859499
-2.815903	-0.891085
-3.031631	-0.934041
-3.225566	-0.949202
-3.439715	-0.973523
-3.615962	-0.983946
-3.826953	-1.032904
-4.032259	-1.128923
-4.214822	-1.150717
-4.433394	-1.179144
-4.629539	-1.200307
-4.824738	-1.190831
-5.027200	-1.257160
-5.221767	-1.279586
-5.436548	-1.327912
-5.620375	-1.308645
-5.827576	-1.280218
-6.026880	-1.314646
-6.218920	-1.366446
-6.430226	-1.401190
-6.626056	-1.425511
-6.835468	-1.395820
-7.023401	-1.386977
-7.222074	-1.369289
-7.431801	-1.440988
-7.620366	-1.521847
-7.822513	-1.538271
-8.030029	-1.587228
-8.225227	-1.594809
-8.434956	-1.666508
-8.616571	-1.723678
-8.837354	-1.771687
-9.028446	-1.785269
-9.224276	-1.762843
-9.434003	-1.783058
-9.629833	-1.852546
-9.815556	-1.927404
-10.016439	-1.937827
-9.824083	-1.850019
-9.630780	-1.793481
-9.419158	-1.715150
-9.227750	-1.737891
-9.023393	-1.773267
-8.825667	-1.747051
-8.622573	-1.701884
-8.419478	-1.603337
-8.233124	-1.566698
-8.022133	-1.538587
-7.826935	-1.526268
-7.620998	-1.538271
-7.420115	-1.495946
-7.228391	-1.462782
-7.030350	-1.445410
-6.825045	-1.459307
-6.627319	-1.464993
-6.427383	-1.402453
-6.229659	-1.370236
-6.024037	-1.304539
-5.829155	-1.289378
-5.623534	-1.292852
-5.426441	-1.276743
-5.227452	-1.267899
-5.014566	-1.175986
-4.826317	-1.136188
-4.625433	-1.114710
-4.421075	-1.097654
-4.223666	-1.088810
-4.026573	-1.056277
-3.825690	-1.017743
-3.620384	-0.981419
-3.434030	-0.947623
-3.227461	-0.955203
-3.022156	-0.911615
-2.826642	-0.871818
-2.622916	-0.805804
-2.426454	-0.782115
-2.228413	-0.780536
-2.020897	-0.743581
-1.829805	-0.767902
-1.615971	-0.719576
-1.428354	-0.662722
-1.214520	-0.636506
-1.026271	-0.616923
-0.826651	-0.614080
-0.620082	-0.575230
-0.434043	-0.548699
-0.227475	-0.526589
-0.020906	-0.468156
0.173683	-0.443835
0.371118	-0.370241
0.572343	-0.274537
0.777991	-0.119452
0.971002	0.056486
1.171596	0.191373
1.385773	0.358166
1.569940	0.447248
1.776851	0.537278
1.972706	0.647842
2.181829	0.756194
2.374840	0.851278
2.569748	0.869600
2.786452	0.887290
2.974410	0.923618
3.172476	0.987113
3.372753	1.091043
3.573031	1.111892
3.778047	1.145692
3.969479	1.084725
4.173232	1.108101
4.379195	1.243936
4.566837	1.295111
4.777223	1.336177
4.976237	1.331755
5.180937	1.270787
5.362577	1.284055
5.575174	1.387352
5.787456	1.483384
5.965621	1.501706
6.176955	1.466010
6.380075	1.425892
6.567717	1.464431
6.773681	1.599002
6.974590	1.629644
7.182449	1.673869
7.370407	1.595843
7.576055	1.514026
7.783597	1.629644
7.970292	1.726308
8.173728	1.766742
8.369583	1.767058
8.579969	1.694087
8.776140	1.655231
8.970732	1.742734
9.172904	1.872883
9.374762	1.911738
9.571564	1.882676
9.776896	1.799911
9.974014	1.744946
9.776580	1.852982
9.565247	1.878569
9.378552	1.884571
9.180486	1.842873
8.971995	1.683662
8.778352	1.671342
8.573651	1.749684
8.378744	1.767374
8.167410	1.749052
7.980716	1.658390
7.778227	1.568360
7.571316	1.543089
7.376725	1.604056
7.181501	1.651441
6.971115	1.618903
6.772417	1.530453
6.574667	1.448320
6.381971	1.468537
6.172532	1.509920
5.976677	1.508340
5.781138	1.482121
5.570752	1.389564
5.373317	1.331755
5.175567	1.344075
4.982239	1.359238
4.769326	1.358922
4.572207	1.278053
4.378248	1.203501
4.168809	1.130214
3.976745	1.137795
3.772361	1.139059
3.575874	1.108101
3.386021	1.067035
3.169633	0.957735
2.978832	0.921407
2.771921	0.909719
2.577645	0.876866
2.375156	0.837695
2.177090	0.730606
1.979024	0.644999
1.772113	0.551178
1.571519	0.456093
1.375980	0.355323
1.177282	0.184739
0.980479	0.037216
0.765039	-0.128928
0.579292	-0.265377
0.374592	-0.353185
0.173367	-0.425199
-0.011430	-0.434991
-0.226211	-0.478895
-0.422041	-0.517429
-0.624504	-0.557858
-0.827282	-0.596077
-1.021217	-0.601130
-1.229681	-0.640928
-1.419825	-0.663354
-1.628605	-0.699361
-1.823488	-0.768849
-2.027845	-0.766954
-2.229992	-0.814332
-2.416978	-0.829177
-2.636181	-0.881293
-2.822536	-0.942253
-3.014891	-0.957730
-3.240095	-1.001318
-3.422659	-1.006688
-3.628912	-1.036378
-3.823795	-1.078071
-4.026573	-1.123870
-4.225245	-1.172511
-4.419180	-1.153560
-4.636172	-1.157350
-4.819052	-1.177881
-5.021199	-1.165563
-5.221451	-1.237893
-5.428336	-1.261898
-5.637432	-1.302012
-5.823154	-1.295063
-6.027512	-1.313698
-6.229659	-1.388872
-6.417592	-1.399927
-6.636479	-1.447305
-6.824728	-1.464045
-7.033193	-1.475416
-7.225548	-1.505738
-7.423273	-1.548694
-7.630789	-1.647872
-7.822513	-1.679774
-8.025608	-1.653874
-8.231544	-1.695882
-8.422005	-1.697462
-8.624784	-1.758737
-8.815244	-1.787796
-9.033500	-1.826962
-9.217011	-1.819066
-9.427370	-1.794745
-9.637097	-1.827910
-9.825663	-1.858232
-10.025914	-1.875604
-9.821240	-1.838964
-9.633623	-1.783690
-9.423896	-1.753684
-9.216695	-1.709464
-9.033184	-1.742313
-8.825667	-1.748630
-8.613729	-1.693040
-8.432744	-1.679774
-8.228703	-1.640608
-8.026555	-1.623868
-7.819355	-1.586913
-7.629210	-1.552800
-7.426432	-1.517740
-7.222390	-1.454885
-7.023085	-1.441304
-6.827571	-1.454254
-6.630794	-1.485207
-6.421382	-1.493735
-6.221447	-1.444778
-6.026564	-1.414456
-5.818732	-1.326648
-5.627324	-1.278323
-5.425177	-1.286219
-5.227452	-1.248316
-5.021199	-1.213572
-4.823158	-1.157350
-4.632066	-1.128923
-4.413811	-1.116289
-4.226825	-1.103655
-4.025310	-1.093864
-3.821268	-1.036062
-3.619752	-0.999739
-3.422659	-0.957099
-3.231883	-0.944780
-3.025314	-0.923618
-2.822851	-0.850024
-2.629233	-0.842128
-2.418874	-0.808331
-2.226518	-0.802330
-2.025950	-0.793802
-1.825383	-0.764427
-1.620077	-0.749898
-1.418878	-0.680410
-1.232524	-0.665249
-1.019006	-0.656089
-0.827914	-0.617239
-0.628610	-0.602710
-0.421409	-0.536064
-0.225579	-0.514270
-0.019958	-0.469103
0.172104	-0.429621
0.382490	-0.390455
0.571711	-0.249584
0.772304	-0.121979
0.978268	0.042903
1.175703	0.203377
1.380403	0.326260
1.578469	0.483260
1.764531	0.578029
1.980603	0.677220
2.169825	0.727131
2.369154	0.781465
2.575118	0.851594
2.776343	0.919827
2.984202	0.992167
3.160788	1.013017
3.372753	1.019966
3.573979	1.073353
3.774572	1.096413
3.986854	1.170964
4.164702	1.220244
4.377300	1.230036
4.575050	1.271103
4.771537	1.252149
4.980976	1.316592
5.168933	1.353236
5.382163	1.384193
5.571700	1.364608
5.773872	1.388932
5.979836	1.443582
6.169373	1.473276
6.386709	1.554777
6.572140	1.570572
6.774628	1.529821
6.978381	1.573099
7.172340	1.568992
7.382727	1.617956
7.577634	1.674817
7.773173	1.641016
7.977873	1.691559
8.161724	1.673553
8.379692	1.698193
8.569860	1.766111
8.779299	1.810020
8.973575	1.785380
9.167218	1.740523
9.378236	1.770849
9.563351	1.783485
9.776580	1.843505
9.980332	1.910475
9.770262	1.807493
9.575355	1.820129
9.369707	1.778115
9.178906	1.792014
8.969468	1.815390
8.765083	1.760424
8.579021	1.725992
8.367372	1.698825
8.175623	1.670079
7.970292	1.683662
7.778227	1.711777
7.579529	1.668499
7.369775	1.600897
7.183397	1.590473
6.971115	1.582260
6.770838	1.558568
6.583827	1.581312
6.381023	1.504549
6.177902	1.477067
5.972570	1.438527
5.776400	1.412624
5.578018	1.447688
5.370474	1.404727
5.179042	1.334282
4.976237	1.293847
4.774380	1.248990
4.570944	1.235723
4.376984	1.238250
4.177654	1.221823
3.974218	1.142218
3.773940	1.110312
3.583140	1.068930
3.374333	1.039868
3.180373	1.028180
2.971251	0.962157
2.786136	0.908139
2.571327	0.853174
2.373893	0.777675
2.180881	0.749876
1.974601	0.676588
1.770849	0.564130
1.568044	0.448196
1.376928	0.335737
1.169701	0.196112
0.974477	0.022053
0.781781	-0.128296
0.568868	-0.263482
0.371118	-0.362029
0.177474	-0.419830
-0.023117	-0.467524
-0.230001	-0.497530
-0.428674	-0.545224
-0.617871	-0.550910
-0.828862	-0.579652
-1.025323	-0.635243
-1.221153	-0.666828
-1.424563	-0.704731
-1.614392	-0.734737
-1.830121	-0.763164
-2.019001	-0.781483
-2.223044	-0.805173
-2.428349	-0.867396
-2.621968	-0.864237
-2.829800	-0.871818
-3.025314	-0.897086
-3.228093	-0.915406
-3.425502	-0.999107
-3.617542	-0.983630
-3.831691	-1.011110
-4.013307	-1.020269
-4.225245	-1.023744
-4.427392	-1.089126
-4.624802	-1.147559
-4.827580	-1.211993
-5.012987	-1.222100
-5.231243	-1.228733
-5.420755	-1.257160
-5.626377	-1.256529
-5.834525	-1.320015
-6.020247	-1.334229
-6.225868	-1.353812
-6.427068	-1.392346
-6.615001	-1.410666
-6.831993	-1.520583
-7.012662	-1.556590
-7.240393	-1.579648
-7.423589	-1.584070
-7.622262	-1.569541
-7.828830	-1.599863
-8.022449	-1.628921
-8.236282	-1.674720
-8.423901	-1.670614
-8.624152	-1.651347
-8.831985	-1.666192
-9.021813	-1.657032
-9.231856	-1.732837
-9.425791	-1.758422
-9.628254	-1.760633
-9.833559	-1.808011
-10.006331	-1.790639
-9.829453	-1.816855
-9.620042	-1.821592
-9.425475	-1.787164
-9.224908	-1.763791
-9.022445	-1.712307
-8.830090	-1.715465
-8.620994	-1.744208
-8.432744	-1.717676
-8.231861	-1.708201
-8.021817	-1.615024
-7.832621	-1.586281
-7.623209	-1.536060
-7.426432	-1.553432
-7.225864	-1.596072
-7.021190	-1.525005
-6.837995	-1.490261
-6.630478	-1.409402
-6.424541	-1.378448
-6.220183	-1.386661
-6.020879	-1.357602
-5.828839	-1.323174
-5.618480	-1.266952
-5.428651	-1.227154
-5.227452	-1.247053
-5.019936	-1.212625
-4.828212	-1.200938
-4.624486	-1.141242
-4.429919	-1.122922
-4.220192	-1.081229
-4.023730	-1.068279
-3.827269	-1.083756
-3.616910	-1.037326
-3.434978	-0.998160
-3.226514	-0.957099
-3.025314	-0.924250
-2.823799	-0.908457
-2.626706	-0.863606
-2.424875	-0.847181
-2.226202	-0.800751
-2.027845	-0.768849
-1.825067	-0.765059
-1.622920	-0.743897
-1.424879	-0.709153
-1.220521	-0.653878
-1.027850	-0.620713
-0.820649	-0.567966
-0.625451	-0.529116
-0.432464	-0.535433
-0.223053	-0.506374
-0.022801	-0.458680
0.179685	-0.405616
0.370170	-0.357607
0.578661	-0.256533
0.776411	-0.105555
0.963421	0.030583
1.179493	0.192953
1.381982	0.340792
1.569308	0.456093
1.774640	0.555916
1.972390	0.642787
2.177090	0.765355
2.364416	0.803262
2.581120	0.848751
2.784557	0.925514
2.971882	0.948258
3.173424	1.009542
3.373701	1.053451
3.583771	1.081250
3.767622	1.117262
3.980536	1.149799
4.174495	1.201606
4.372246	1.252781
4.568417	1.286898
4.770905	1.289109
4.979080	1.317539
5.179674	1.362713
5.365736	1.355131
5.578333	1.451163
5.772293	1.462535
5.975414	1.439791
6.183904	1.492229
6.370914	1.491598
6.587618	1.515922
6.774944	1.568676
6.978381	1.588578
7.174551	1.599002
7.370407	1.592368
7.580161	1.615744
7.776016	1.654915
7.978189	1.705143
8.168042	1.701668
8.373690	1.684926
8.579969	1.750000
8.767927	1.721885
8.984315	1.778430
9.176695	1.851718
9.368128	1.778746
9.575355	1.827710
9.765840	1.829606
9.990757	1.832449
9.766788	1.876358
9.578514	1.847296
9.376341	1.828974
9.166270	1.811915
8.981472	1.779062
8.770454	1.762952
8.575863	1.764215
8.384114	1.759793
8.168358	1.670079
7.981032	1.678608
7.766539	1.629012
7.571316	1.618903
7.379883	1.660918
7.169181	1.602161
6.974590	1.567097
6.769890	1.546248
6.578457	1.479278
6.373126	1.510551
6.174428	1.495389
5.982048	1.454006
5.771661	1.425892
5.575806	1.397461
5.372054	1.363976
5.176831	1.343759
4.987926	1.344706
4.761113	1.261626
4.575366	1.249938
4.378880	1.220560
4.170389	1.180125
3.976429	1.176966
3.771729	1.118841
3.583456	1.070825
3.377176	1.061664
3.172792	0.991536
2.975673	0.972898
2.777923	0.932463
2.575118	0.864546
2.368207	0.803262
2.176774	0.725868
1.979972	0.656687
1.766426	0.558128
1.576573	0.473468
1.375664	0.341739
1.175071	0.191373
0.971634	0.030267
0.777043	-0.133666
0.581188	-0.265061
0.362588	-0.380032
0.183792	-0.449520
-0.027854	-0.460575
-0.226527	-0.516797
-0.422988	-0.552173
-0.625135	-0.580284
-0.823176	-0.588812
-1.026587	-0.612185
-1.226207	-0.650404
-1.424563	-0.664301
-1.633027	-0.718313
-1.823172	-0.735369
-2.025950	-0.756847
-2.225570	-0.766954
-2.425506	-0.784010
-2.627022	-0.862026
-2.819693	-0.882557
-3.028473	-0.896770
-3.226198	-0.933094
-3.428344	-0.950466
-3.620700	-1.021849
-3.831059	-1.092916
-4.028468	-1.154192
-4.218297	-1.144084
-4.421391	-1.142189
-4.633330	-1.169353
-4.816841	-1.190199
-5.022779	-1.255265
-5.218608	-1.272953
-5.434653	-1.300748
-5.621639	-1.281481
-5.829155	-1.265373
-6.033513	-1.339914
-6.229027	-1.372763
-6.431806	-1.373079
-6.625741	-1.393610
-6.832625	-1.394241
-7.032561	-1.416983
-7.223337	-1.442883
-7.433381	-1.521847
-7.626999	-1.545220
-7.821250	-1.537007
-8.024029	-1.582806
-8.223965	-1.614076
-8.437166	-1.690197
-8.619414	-1.697778
-8.830090	-1.705042
-9.022760	-1.715781
-9.217327	-1.703779
-9.438109	-1.792218
-9.633939	-1.892028
-9.822504	-1.912243
-10.018966	-1.924245
-9.825031	-1.850019
-9.629833	-1.827910
-9.418210	-1.800114
-9.229961	-1.824435
-9.034131	-1.818750
-8.819350	-1.761896
-8.630785	-1.728731
-8.423901	-1.686407
-8.236282	-1.691776
-8.018343	-1.677879
-7.829146	-1.593230
-7.636159	-1.563223
-7.416008	-1.458991
-7.228707	-1.424563
-7.029402	-1.457412
-6.824413	-1.443515
-6.625741	-1.444462
-6.425173	-1.382870
-6.232185	-1.367078
-6.018352	-1.324753
-5.824733	-1.320963
-5.631430	-1.328544
-5.422334	-1.274217
-5.232190	-1.233787
-5.018041	-1.175038
-4.827896	-1.147243
-4.625749	-1.178513
-4.420128	-1.120080
-4.229668	-1.091968
-4.025941	-1.057540
-3.826321	-1.021533
-3.625122	-1.031640
-3.428029	-1.008267
-3.233462	-0.974471
-3.017418	-0.894243
-2.832011	-0.856341
-2.623547	-0.820965
-2.422664	-0.825071
-2.232519	-0.817491
-2.023108	-0.769481
-1.829489	-0.744213
-1.621972	-0.711995
-1.421721	-0.670303
-1.226838	-0.675356
-1.019322	-0.630189
-0.832968	-0.590391
-0.624188	-0.557227
-0.427095	-0.504479
-0.226527	-0.509848
-0.023432	-0.475104
0.173051	-0.446362
0.378699	-0.380032
0.566657	-0.257797
0.773568	-0.112503
0.975741	0.045746
1.171596	0.184424
1.381666	0.348373
1.574678	0.469361
1.773692	0.562234
1.975865	0.673429
2.173615	0.736292
2.378315	0.799471
2.575118	0.862650
2.783293	0.900242
2.974410	0.961526
3.167422	0.998801
3.383810	1.032918
3.571451	1.081882
3.777415	1.152958
3.974849	1.163383
4.176707	1.194340
4.382670	1.242672
4.566837	1.226562
4.779119	1.285950
4.973710	1.340600
5.177463	1.337441
5.373949	1.387984
5.574227	1.409465
5.781138	1.437896
5.968464	1.458113
6.178534	1.471380
6.383866	1.497600
6.573719	1.522871
6.773681	1.551934
6.968588	1.568992
7.180553	1.636278
7.370407	1.617640
7.578581	1.626169
7.788968	1.694402
7.966817	1.666288
8.175940	1.683662
8.372110	1.746209
8.578390	1.747157
8.772981	1.803070
8.972942	1.815390
9.183645	1.805598
9.371286	1.839714
9.569669	1.849823
9.779423	1.846032
9.973699	1.853298
9.774053	1.842241
9.562087	1.783169
9.380447	1.830237
9.173852	1.830869
8.967889	1.759477
8.779299	1.763583
8.574283	1.753791
8.376848	1.676080
8.178782	1.728519
7.974714	1.660918
7.782650	1.669447
7.569105	1.657759
7.380515	1.610690
7.186240	1.615744
6.965745	1.613533
6.777787	1.565517
6.576878	1.552250
6.384498	1.544668
6.171268	1.483069
5.977309	1.444529
5.785876	1.454006
5.568225	1.400620
5.370159	1.365871
5.180937	1.351340
4.974974	1.287529
4.779119	1.307115
4.569048	1.259415
4.384565	1.218664
4.173863	1.179493
3.974534	1.120737
3.783101	1.079670
3.571451	1.061033
3.369278	1.041131
3.166158	0.993747
2.978516	0.970055
2.781398	0.922986
2.573223	0.836431
2.384317	0.814950
2.178670	0.735345
1.973022	0.658266
1.771481	0.575818
1.575626	0.443773
1.379139	0.348057
1.170332	0.179053
0.980163	0.032162
0.783677	-0.107450
0.571079	-0.271694
0.378067	-0.366766
0.179053	-0.437202
-0.017431	-0.458996
-0.227475	-0.490897
-0.424884	-0.528168
-0.625135	-0.551225
-0.830125	-0.615660
-1.021217	-0.648509
-1.220521	-0.674725
-1.428354	-0.699361
-1.626078	-0.709784
-1.828857	-0.776430
-2.019633	-0.801066
-2.228097	-0.835495
-2.423295	-0.851919
-2.629864	-0.862342
-2.826957	-0.899613
-3.018997	-0.942569
-3.228409	-0.990579
-3.418869	-1.001002
-3.627965	-0.995633
-3.826321	-0.997844
-4.015834	-1.005740
-4.226509	-1.069859
-4.422023	-1.097022
-4.630803	-1.114394
-4.816525	-1.143453
-5.022147	-1.139031
-5.234401	-1.193042
-5.425809	-1.246105
-5.631746	-1.269795
-5.825049	-1.297906
-6.026564	-1.320015
-6.230606	-1.361708
-6.420119	-1.405296
-6.630478	-1.489945
-6.825045	-1.517109
-7.028455	-1.502579
-7.231234	-1.500684
-7.425800	-1.510476
-7.630474	-1.602705
-7.815880	-1.674720
-8.022765	-1.666508
-8.229965	-1.701252
-8.424848	-1.666192
-8.626363	-1.682301
-8.824404	-1.723046
-9.027498	-1.760001
-9.223329	-1.763791
-9.418842	-1.759053
-9.641204	-1.785901
-9.811766	-1.826014
-10.021809	-1.887290
-9.823136	-1.872445
-9.631728	-1.796640
-9.427686	-1.750209
-9.214800	-1.667140
-9.034763	-1.693987
-8.823140	-1.735680
-8.614045	-1.663349
-8.435271	-1.628605
-8.222069	-1.567014
-8.030346	-1.569541
-7.821250	-1.588492
-7.630474	-1.627658
-7.427695	-1.616919
-7.223022	-1.553116
-7.033824	-1.505106
-6.820939	-1.478259
-6.621318	-1.444462
-6.428963	-1.417614
-6.218920	-1.348127
-6.027828	-1.326017
-5.813046	-1.256529
-5.633009	-1.231576
-5.433705	-1.284008
-5.214818	-1.259687
-5.025305	-1.226207
-4.820632	-1.149454
-4.631751	-1.096390
-4.418865	-1.066384
-4.221139	-1.049960
-4.033522	-1.053118
-3.820004	-1.020585
-3.618173	-0.966258
-3.428344	-0.955835
-3.225566	-0.941306
-3.021840	-0.941306
-2.824431	-0.889822
-2.633023	-0.865501
-2.419505	-0.817807
-2.221148	-0.767270
-2.030056	-0.779588
-1.821592	-0.757478
-1.624815	-0.722419
-1.423300	-0.681358
-1.226207	-0.644403
-1.022796	-0.630189
-0.818754	-0.590707
-0.628926	-0.571124
-0.432464	-0.546803
-0.219578	-0.501005
-0.022169	-0.458680
0.176210	-0.410038
0.373013	-0.373715
0.572343	-0.246110
0.771357	-0.112503
0.973214	0.033110
1.177598	0.198955
1.374401	0.349637
1.574678	0.466202
1.778115	0.566657
1.981867	0.669007
2.176458	0.748612
2.373893	0.796628
2.586806	0.854121
2.776975	0.893292
2.971882	0.965000
3.175951	0.990272
3.374017	1.046185
3.575874	1.119789
3.772361	1.116630
3.982747	1.159592
4.174495	1.207608
4.370982	1.211083
4.576314	1.260363
4.771853	1.293847
4.979712	1.304904
5.171461	1.346286
5.380583	1.375032
5.574859	1.401883
5.771977	1.444213
5.979204	1.481489
6.172216	1.467274
6.377232	1.514658
6.580669	1.549407
6.775576	1.538350
6.980908	1.636278
7.169181	1.622378
7.378620	1.600897
7.579213	1.649545
7.774753	1.645123
7.978505	1.673553
8.165831	1.699773
8.379060	1.691559
8.571440	1.713356
8.775508	1.749368
8.976102	1.759477
9.170061	1.804650
9.377920	1.850770
9.574091	1.801807
9.777528	1.797384
9.978753	1.882992
9.770578	1.810652
9.579145	1.864354
9.362125	1.865933
9.174484	1.783801
8.975470	1.787907
8.770770	1.755054
8.580601	1.740207
8.365792	1.750632
8.176571	1.715567
7.969344	1.683662
7.780755	1.665024
7.573843	1.662497
7.371354	1.608479
7.183081	1.628696
6.974906	1.588262
6.764835	1.502654
6.590146	1.538034
6.375337	1.490650
6.179166	1.487807
5.972255	1.486228
5.776400	1.411992
5.580861	1.390827
5.364156	1.370294
5.182517	1.318487
4.973394	1.340284
4.772485	1.306167
4.579157	1.250886
4.375089	1.202238
4.173863	1.184232
3.970743	1.128002
3.775204	1.100204
3.581244	1.107469
3.371490	1.015228
3.178478	1.005435
2.970619	0.955524
2.786452	0.917932
2.570064	0.889502
2.371682	0.801367
2.187515	0.732502
1.970495	0.666480
1.771797	0.552757
1.577837	0.468413
1.380087	0.333526
1.178861	0.192005
0.974161	0.012577
0.778306	-0.124190
0.574238	-0.249900
0.366063	-0.371504
0.186319	-0.418567
-0.027539	-0.477000
-0.222737	-0.519640
-0.431201	-0.556595
-0.624820	-0.576494
-0.828546	-0.584706
-1.029113	-0.645666
-1.217679	-0.691149
-1.420457	-0.712627
-1.632396	-0.750530
-1.825699	-0.753056
-2.022160	-0.763164
-2.227466	-0.768533
-2.427717	-0.827282
-2.622916	-0.865501
-2.818745	-0.880978
-3.032263	-0.894243
-3.228409	-0.923302
-3.430240	-0.979524
-3.619752	-1.020269
-3.831691	-1.049328
-4.020888	-1.072070
-4.218613	-1.064489
-4.432446	-1.083440
-4.630803	-1.155455
-4.819052	-1.214836
-5.021831	-1.223048
-5.231243	-1.221785
-5.420755	-1.227154
-5.621323	-1.228733
-5.831366	-1.301380
-6.021826	-1.378448
-6.219235	-1.394873
-6.425173	-1.410666
-6.629215	-1.403085
-6.834520	-1.454885
-7.021190	-1.498789
-7.231865	-1.532270
-7.425168	-1.563539
-7.620366	-1.540798
-7.831041	-1.565119
-8.023396	-1.627658
-8.231861	-1.701884
-8.422637	-1.728415
-8.621625	-1.689249
-8.826931	-1.661770
-9.019602	-1.621341
-9.229646	-1.681037
-9.425791	-1.778320
-9.624780	-1.805168
-9.828821	-1.854125
-10.012017	-1.852862
-9.829137	-1.845282
-9.623200	-1.849072
-9.427686	-1.803589
-9.233751	-1.787164
-9.027183	-1.726836
-8.828826	-1.684512
-8.618783	-1.668403
-8.430218	-1.661454
-8.229965	-1.660507
-8.022449	-1.584702
-7.830094	-1.551221
-7.618471	-1.510160
-7.430222	-1.523110
-7.226180	-1.561013
-7.024033	-1.511423
-6.837047	-1.490261
-6.616580	-1.390767
-6.433069	-1.319700
-6.220499	-1.328544
-6.020563	-1.302959
-5.830734	-1.303591
-5.620375	-1.257476
-5.428020	-1.208203
-5.225557	-1.217679
-5.016146	-1.187988
-4.829160	-1.217047
-4.620064	-1.154508
-4.429288	-1.104287
-4.223982	-1.049328
-4.023730	-1.012373
-3.829480	-1.041432
-3.620068	-1.021533
-3.437820	-0.998475
-3.218933	-0.980156
-3.030368	-0.897086
-2.827589	-0.894559
-2.619757	-0.864869
-2.425822	-0.846865
-2.225570	-0.795381
-2.027530	-0.743265
-1.832963	-0.744213
-1.611865	-0.706942
-1.429617	-0.701256
-1.217047	-0.667460
-1.025639	-0.626715
-0.830125	-0.573651
-0.622609	-0.518692
-0.434359	-0.508269
-0.217999	-0.505111
-0.016484	-0.453311
0.175263	-0.434675
0.371118	-0.355396
0.568236	-0.266640
0.778622	-0.110608
0.969107	0.034689
1.176650	0.180317
1.383246	0.349321
1.568676	0.465254
1.772113	0.579292
1.974917	0.659530
2.174247	0.729343
2.374840	0.774832
2.574170	0.830745
2.782029	0.944151
2.970303	1.000381
3.174687	0.996590
3.374333	1.014912
3.576506	1.028811
3.771097	1.107785
3.978640	1.188022
4.181761	1.251833
4.371930	1.254045
4.571259	1.234775
4.782278	1.244252
4.972763	1.320698
5.176831	1.405042
5.368579	1.414203
5.580544	1.401568
5.775136	1.378823
5.972255	1.384509
6.183273	1.500443
6.378812	1.576258
6.580037	1.576258
6.770206	1.545300
6.976801	1.499179
7.177079	1.527610
7.369459	1.614481
7.584584	1.690612
7.778859	1.725992
7.974082	1.680187
8.171833	1.633751
8.373058	1.667235
8.578390	1.807493
8.768559	1.828026
8.981156	1.812231
9.173536	1.786644
9.369707	1.686189
9.575355	1.786644
9.778159	1.917424
9.975278	1.943960
9.765840	1.913634
9.571248	1.795489
9.376341	1.719358
9.164060	1.774008
8.974523	1.858036
8.774561	1.870672
8.571440	1.810652
8.375269	1.706406
8.170253	1.594264
7.981980	1.678923
7.765275	1.718410
7.570684	1.694087
7.385254	1.656179
7.172340	1.532664
6.979329	1.473276
6.782526	1.541509
6.586671	1.560147
6.380391	1.565517
6.171900	1.477382
5.983311	1.392722
5.771029	1.362397
5.570752	1.412624
5.380267	1.440739
5.173672	1.387668
4.984135	1.337441
4.762692	1.210135
4.581368	1.194656
4.384881	1.247727
4.167230	1.225298
3.978324	1.204133
3.770149	1.120421
3.578717	1.024073
3.375281	1.040184
3.169633	1.021546
2.982623	1.025337
2.771289	0.939729
2.581752	0.847172
2.374209	0.760300
2.172984	0.711968
1.978392	0.690488
1.766111	0.592560
1.577521	0.477258
1.375032	0.347425
1.174123	0.175263
0.973530	0.032478
0.767566	-0.132718
0.577713	-0.271378
0.369854	-0.362976
0.176526	-0.453311
-0.028486	-0.475736
-0.230949	-0.528168
-0.416356	-0.546803
-0.627346	-0.573967
-0.818754	-0.621345
-1.023428	-0.643771
-1.226207	-0.693992
-1.417299	-0.685148
-1.627026	-0.720523
-1.825699	-0.733473
-2.027530	-0.735369
-2.224307	-0.781799
-2.419821	-0.815280
-2.622916	-0.864237
-2.821904	-0.891717
-3.030684	-0.903403
-3.231567	-0.960573
-3.424554	-0.984262
-3.626385	-1.025639
-3.821899	-1.046170
-4.025310	-1.066384
-4.221456	-1.082809
-4.422971	-1.116921
-4.638068	-1.188620
-4.819368	-1.215468
-5.021831	-1.232524
-5.223662	-1.277059
-5.431494	-1.287482
-5.623850	-1.326017
-5.827260	-1.358234
-6.028460	-1.404980
-6.223026	-1.439408
-6.415697	-1.390451
-6.624161	-1.439093
-6.818727	-1.465940
-7.025928	-1.515845
-7.230602	-1.553432
-7.427695	-1.582806
-7.622893	-1.581227
-7.817775	-1.561013
-8.031293	-1.609022
-8.222385	-1.645030
-8.429901	-1.674088
-8.619730	-1.707569
-8.827562	-1.711359
-9.031605	-1.768529
-9.223329	-1.792850
-9.435582	-1.868023
-9.632360	-1.919823
-9.823136	-1.893923
-10.027178	-1.897713
-9.820609	-1.864865
-9.632992	-1.873077
-9.418842	-1.843702
-9.229961	-1.836753
-9.031605	-1.813380
-8.815876	-1.740418
-8.625416	-1.700620
-8.425480	-1.701884
-8.228070	-1.687038
-8.022765	-1.657348
-7.825040	-1.590387
-7.634580	-1.590071
-7.413482	-1.551221
-7.229970	-1.515213
-7.034772	-1.523426
-6.823149	-1.458360
-6.629215	-1.408139
-6.416329	-1.350969
-6.232185	-1.326017
-6.011403	-1.321595
-5.821575	-1.317173
-5.633009	-1.322542
-5.424230	-1.284640
-5.226189	-1.241368
-5.017409	-1.227786
-4.821263	-1.204097
-4.623538	-1.205044
-4.419496	-1.143769
-4.240723	-1.119132
-4.020888	-1.096075
-3.818109	-1.046170
-3.625122	-1.049328
-3.421396	-1.009530
-3.229672	-0.980472
-3.022471	-0.928040
-2.831064	-0.884136
-2.626074	-0.892980
-2.413820	-0.850340
-2.232519	-0.819386
-2.026266	-0.777693
-1.828225	-0.726841
-1.623552	-0.704099
-1.416983	-0.658616
-1.227470	-0.680410
-1.014900	-0.628926
-0.826966	-0.585022
-0.630821	-0.567650
-0.422988	-0.526589
-0.223368	-0.523114
-0.017431	-0.479211
0.172104	-0.438781
0.376488	-0.358870
0.573606	-0.237266
0.770093	-0.123874
0.979216	0.037848
1.171912	0.199587
1.380403	0.348057
1.572467	0.469045
1.770849	0.546124
1.978708	0.657634
2.168245	0.721129
2.378000	0.802946
2.577329	0.886974
2.784873	0.909403
2.977569	0.955840
3.166474	0.981743
3.379703	1.038604
3.573663	1.113155
3.776151	1.147272
3.983063	1.164646
4.171652	1.177598
4.376984	1.209503
4.574103	1.251517
4.774696	1.315644
4.979396	1.382930
5.174304	1.331123
5.376476	1.357658
5.572963	1.374401
5.778927	1.413888
5.976677	1.485280
6.173480	1.481805
6.385761	1.492545
6.569296	1.520660
6.778419	1.544984
6.970168	1.607215
7.174551	1.648282
7.373250	1.635014
7.573527	1.614797
7.782018	1.645123
7.969660	1.687453
8.169937	1.720306
8.381903	1.791066
8.571124	1.753791
8.774561	1.762636
8.968520	1.764847
9.178274	1.807493
9.372234	1.898471
9.562087	1.869724
9.777212	1.859300
9.967065	1.855509
9.775316	1.806545
9.572827	1.826131
9.375077	1.852350
9.175748	1.839714
8.961255	1.766742
8.778667	1.729467
8.580601	1.738944
8.365477	1.731678
8.180362	1.743998
7.964921	1.670394
7.780755	1.641648
7.570368	1.599002
7.377672	1.565517
7.181185	1.624274
6.968904	1.620483
6.775892	1.543089
6.572140	1.538666
6.377864	1.503602
6.176323	1.494757
5.975414	1.478014
5.786192	1.485280
5.568857	1.400304
5.372370	1.345022
5.186939	1.352604
4.973394	1.315012
4.776907	1.329228
4.565574	1.288477
4.383618	1.226562
4.163439	1.170016
3.968216	1.090727
3.783733	1.087252
3.576506	1.085357
3.378755	1.017123
3.175951	0.981427
2.973462	0.936886
2.779818	0.910035
2.569432	0.855701
2.381474	0.819373
2.179302	0.750508
1.970811	0.644683
1.779694	0.565709
1.572151	0.448828
1.375980	0.342687
1.171912	0.191689
0.981111	0.028055
0.779886	-0.106818
0.568552	-0.279275
0.372697	-0.383823
0.179369	-0.412249
-0.023432	-0.460575
-0.225579	-0.475736
-0.422988	-0.527852
-0.622609	-0.548383
-0.840864	-0.605868
-1.023428	-0.643139
-1.218942	-0.638717
-1.425195	-0.667144
-1.625763	-0.701256
-1.828857	-0.755268
-2.013632	-0.785905
-2.235046	-0.797276
-2.424875	-0.836442
-2.617546	-0.834547
-2.824747	-0.884452
-3.026578	-0.941306
-3.232515	-0.989316
-3.428029	-1.016163
-3.618173	-1.010794
-3.824742	-1.016479
-4.016782	-1.029113
-4.226825	-1.079966
-4.428340	-1.129555
-4.626381	-1.142505
-4.822526	-1.153876
-5.012671	-1.150401
-5.231558	-1.222732
-5.426756	-1.243894
-5.630483	-1.248948
-5.830734	-1.285903
-6.020879	-1.321911
-6.224289	-1.368025
-6.418224	-1.440988
-6.625424	-1.471310
-6.827571	-1.481733
-7.025612	-1.455517
-7.235971	-1.514582
-7.418220	-1.566066
-7.622577	-1.650083
-7.825040	-1.675984
-8.027819	-1.638081
-8.233756	-1.651031
-8.419478	-1.618814
-8.630469	-1.672193
-8.819350	-1.760317
-9.027183	-1.793481
-9.227750	-1.831068
-9.424844	-1.806747
-9.638677	-1.770740
-9.820925	-1.788744
-10.021493	-1.787796
-9.829137	-1.784637
-9.618463	-1.727784
-9.431792	-1.706621
-9.227434	-1.686723
-9.027814	-1.683564
-8.825667	-1.693671
-8.616256	-1.640608
-8.434008	-1.616919
-8.219227	-1.602074
-8.028450	-1.567014
-7.823777	-1.614392
-7.619419	-1.581543
-7.425168	-1.541745
-7.221126	-1.494367
-7.029087	-1.453622
-6.832625	-1.487734
-6.619739	-1.460887
-6.431490	-1.445410
-6.217972	-1.380028
-6.027196	-1.349074
-5.824101	-1.314962
-5.624166	-1.293484
-5.431810	-1.320963
-5.212607	-1.262846
-5.025305	-1.200938
-4.822843	-1.171564
-4.627328	-1.110288
-4.427392	-1.121343
-4.227457	-1.083125
-4.030995	-1.057856
-3.820004	-1.030061
-3.617226	-0.965627
-3.431503	-0.977945
-3.221144	-0.950781
-3.028789	-0.941938
-2.820956	-0.888242
-2.632391	-0.862974
-2.423611	-0.832336
-2.219885	-0.792854
-2.032268	-0.805173
-1.824435	-0.796013
-1.627026	-0.737580
-1.423932	-0.697466
-1.219890	-0.645666
-1.022165	-0.645666
-0.816859	-0.618187
-0.630189	-0.582495
-0.427410	-0.561017
-0.213577	-0.485212
-0.024696	-0.458048
0.177790	-0.410986
0.370170	-0.355396
0.581820	-0.252427
0.777359	-0.110292
0.971002	0.033426
1.185179	0.199587
1.377244	0.350269
1.574046	0.460516
1.778115	0.581820
1.977129	0.662373
2.169509	0.735345
2.372313	0.778622
2.584911	0.843381
2.777291	0.912562
2.970619	0.969739
3.181005	1.007015
3.372122	1.026284
3.579033	1.064507
3.766043	1.093254
3.978640	1.166226
4.176075	1.231300
4.369402	1.219928
4.574103	1.253097
4.774380	1.279000
4.975921	1.307747
5.172408	1.372821
5.373949	1.377244
5.580229	1.395882
5.767870	1.413256
5.976677	1.426523
6.176639	1.481805
6.378496	1.541509
6.582880	1.558568
6.768311	1.531400
6.979644	1.588262
7.168866	1.583207
7.377357	1.622694
7.582372	1.705459
7.774753	1.688716
7.975977	1.689348
8.168042	1.689032
8.379692	1.693455
8.573651	1.770217
8.776456	1.780326
8.983684	1.789803
9.170061	1.797384
9.372234	1.780958
9.570932	1.806545
9.764892	1.860247
9.982860	1.895628
9.762681	1.811284
9.580409	1.810652
9.371919	1.790119
9.163743	1.767374
8.981472	1.816970
8.772349	1.772744
8.583444	1.726940
8.370531	1.740839
8.174359	1.681451
7.977557	1.708934
7.763696	1.687137
7.578897	1.632171
7.375777	1.606268
7.176447	1.582891
6.978697	1.572783
6.759781	1.561726
6.592988	1.574362
6.369019	1.515606
6.184220	1.458113
5.971623	1.448004
5.770713	1.403779
5.577702	1.424628
5.369843	1.411992
5.176199	1.326385
4.980660	1.339968
4.767746	1.264785
4.591477	1.254045
4.370666	1.239829
4.176391	1.186127
3.978009	1.161803
3.772677	1.096729
3.583456	1.077459
3.373069	1.043658
3.177530	1.008594
2.971566	0.970055
2.777291	0.900242
2.587438	0.867389
2.369786	0.789047
2.177722	0.741663
1.967968	0.697121
1.768954	0.558759
1.576258	0.476627
1.374717	0.333210
1.178546	0.184739
0.972266	0.034057
0.777991	-0.122927
0.575818	-0.250216
0.367011	-0.376874
0.181580	-0.426463
-0.027854	-0.453626
-0.223684	-0.524062
-0.421409	-0.533538
-0.627346	-0.578705
-0.824755	-0.607763
-1.029113	-0.663985
-1.222732	-0.698098
-1.420141	-0.690201
-1.627974	-0.731894
-1.823488	-0.734421
-2.032583	-0.765375
-2.229045	-0.818123
-2.424559	-0.861710
-2.621020	-0.891401
-2.814955	-0.898665
-3.033842	-0.919196
-3.231567	-0.967206
-3.423607	-0.994369
-3.622911	-1.030377
-3.827585	-1.035115
-4.021520	-1.063857
-4.223351	-1.067963
-4.432762	-1.124501
-4.627960	-1.204728
-4.820316	-1.198411
-5.024042	-1.222100
-5.226189	-1.217363
-5.425809	-1.255897
-5.621323	-1.297906
-5.837368	-1.361392
-6.026248	-1.394873
-6.216393	-1.386345
-6.427068	-1.404349
-6.622898	-1.430249
-6.829151	-1.471310
-7.027507	-1.494999
-7.230602	-1.486471
-7.429274	-1.519951
-7.616892	-1.513318
-7.824092	-1.539850
-8.036346	-1.610917
-8.223017	-1.635238
-8.431797	-1.657032
-8.622257	-1.640292
-8.832932	-1.679458
-9.019602	-1.736312
-9.223012	-1.778005
-9.433372	-1.830752
-9.620989	-1.807379
-9.819661	-1.799167
-10.013281	-1.837385
-9.823136	-1.844650
-9.634571	-1.883816
-9.422317	-1.806116
-9.236279	-1.797588
-9.022760	-1.763475
-8.819666	-1.715465
-8.623204	-1.724941
-8.423901	-1.691145
-8.235651	-1.649452
-8.021502	-1.581543
-7.832304	-1.537007
-7.621314	-1.551853
-7.414745	-1.530059
-7.235024	-1.529743
-7.024981	-1.494999
-6.831362	-1.428669
-6.624161	-1.399927
-6.423909	-1.350022
-6.231554	-1.384450
-6.013614	-1.318436
-5.831050	-1.281481
-5.631430	-1.259055
-5.416018	-1.201254
-5.230295	-1.209782
-5.017093	-1.217047
-4.828212	-1.210098
-4.619748	-1.184830
-4.431815	-1.114394
-4.235353	-1.101128
-4.016466	-1.089126
-3.825374	-1.066384
-3.621332	-1.034799
-3.424554	-0.974471
-3.229356	-0.952677
-3.019945	-0.898034
-2.831379	-0.922039
-2.619757	-0.902140
-2.420137	-0.838653
-2.226202	-0.818438
-2.025319	-0.749266
-1.827594	-0.744844
-1.609970	-0.741686
-1.430249	-0.693044
-1.218942	-0.675040
-1.016479	-0.613449
-0.828230	-0.576178
-0.626715	-0.549014
-0.426463	-0.530695
-0.221789	-0.513639
-0.022801	-0.445098
0.171156	-0.433728
0.379015	-0.355080
0.571711	-0.257797
0.779254	-0.127033
0.970687	0.036585
1.174755	0.202430
1.381982	0.350269
1.572151	0.464307
1.774640	0.557180
1.975549	0.663321
2.175827	0.743558
2.377368	0.797260
2.578593	0.847488
2.782029	0.907508
2.968092	0.955524
3.172160	0.986797
3.379387	1.063876
3.568292	1.055031
3.778995	1.104626
3.976745	1.147272
4.175127	1.175703
4.374457	1.247411
4.564626	1.277421
4.782909	1.299218
4.972446	1.345022
5.182517	1.345654
5.374581	1.374085
5.572015	1.428103
5.776716	1.461588
5.972887	1.447688
6.178218	1.474855
6.377864	1.499179
6.580669	1.505813
6.778419	1.590157
6.970483	1.572467
7.177711	1.605004
7.369143	1.608479
7.580793	1.601845
7.784861	1.672922
7.967133	1.700404
8.178467	1.671342
8.372426	1.712093
8.579337	1.728203
8.772981	1.734205
8.977050	1.783485
9.179222	1.853614
9.365601	1.816654
9.574408	1.836239
9.778159	1.890257
9.971487	1.870672
9.777843	1.913634
9.570300	1.839714
9.378236	1.813495
9.166903	1.810020
8.972311	1.744946
8.785933	1.765163
8.573019	1.805282
8.369899	1.734205
8.169306	1.713672
7.971239	1.659654
7.773489	1.626169
7.569420	1.599634
7.388097	1.638173
7.175183	1.610690
6.967324	1.572151
6.782842	1.563306
6.573403	1.500443
6.383550	1.501706
6.174428	1.478014
5.981416	1.426207
5.778927	1.442318
5.565066	1.389248
5.376792	1.341863
5.178726	1.377875
4.975289	1.327648
4.777855	1.301113
4.576630	1.247095
4.379511	1.228773
4.164702	1.161803
3.975165	1.162751
3.780258	1.144113
3.568924	1.077775
3.375912	1.061349
3.169633	0.995010
2.981043	0.948890
2.770341	0.929620
2.576066	0.838327
2.382738	0.803262
2.172036	0.743558
1.973654	0.642472
1.778430	0.567920
1.571203	0.453566
1.377875	0.336053
1.175703	0.172104
0.981427	0.036269
0.777675	-0.120716
0.570132	-0.274537
0.375856	-0.365187
0.182212	-0.411934
-0.024696	-0.447941
-0.232528	-0.487739
-0.420777	-0.522167
-0.624504	-0.533222
-0.830757	-0.578073
-1.017427	-0.591339
-1.225575	-0.620713
-1.421721	-0.672198
-1.624183	-0.714206
-1.823803	-0.766954
-2.026266	-0.778009
-2.235994	-0.813701
-2.425190	-0.833284
-2.625442	-0.868028
-2.825063	-0.907825
-3.024683	-0.905930
-3.234094	-0.944780
-3.424238	-0.929619
-3.628281	-0.982999
-3.821584	-1.058172
-4.020572	-1.074596
-4.225562	-1.109656
-4.418865	-1.104603
-4.633014	-1.116605
-4.821263	-1.170932
-5.027832	-1.222100
-5.233769	-1.289062
-5.420124	-1.281797
-5.627324	-1.295695
-5.826313	-1.299801
-6.031934	-1.338651
-6.226500	-1.379396
-6.418856	-1.352548
-6.634900	-1.383186
-6.825992	-1.390135
-7.024349	-1.400874
-7.230917	-1.462466
-7.422641	-1.488366
-7.626683	-1.516161
-7.816828	-1.525005
-8.029714	-1.530690
-8.228703	-1.591019
-8.421058	-1.648820
-8.630154	-1.722414
-8.824088	-1.720835
-9.034131	-1.751157
-9.224591	-1.778005
-9.428949	-1.809590
-9.635518	-1.899293
-9.818714	-1.907505
-10.027810	-1.907505
-9.820293	-1.859179
-9.629201	-1.780531
-9.423896	-1.787796
-9.224908	-1.760633
-9.036026	-1.726836
-8.821245	-1.670614
-8.617835	-1.543325
-8.438114	-1.520267
-8.219227	-1.555643
-8.030346	-1.591966
-7.825672	-1.580911
-7.631105	-1.567330
-7.428958	-1.519320
-7.219231	-1.467520
-7.032561	-1.470362
-6.822518	-1.468783
-6.617844	-1.410982
-6.425804	-1.404980
-6.222394	-1.372131
-6.025617	-1.371184
-5.820311	-1.358234
-5.628587	-1.329175
-5.428651	-1.306434
-5.216082	-1.219890
-5.028148	-1.200307
-4.818105	-1.206939
-4.630171	-1.211361
-4.419180	-1.172827
-4.228088	-1.133977
-4.032259	-1.106814
-3.814319	-1.048696
-3.622595	-1.017743
-3.434346	-1.003213
-3.222723	-0.936884
-3.024683	-0.902772
-2.821904	-0.855078
-2.624811	-0.852235
-2.417610	-0.818754
-2.225570	-0.771060
-2.031952	-0.752109
-1.820329	-0.706942
-1.624183	-0.663670
-1.423616	-0.651351
-1.233471	-0.662722
-1.015847	-0.638085
-0.821281	-0.585338
-0.633032	-0.576810
-0.420777	-0.536696
-0.225264	-0.501005
-0.026907	-0.482053
0.181265	-0.431201
0.376488	-0.374031
0.578977	-0.252111
0.769461	-0.124190
0.975109	0.027108
1.170648	0.197691
1.375980	0.349321
1.568676	0.466202
1.767058	0.557812
1.979972	0.670270
2.167929	0.725552
2.371050	0.784308
2.587438	0.885711
2.776027	0.913825
2.969987	0.957419
3.173424	1.004487
3.377176	1.029443
3.572715	1.102099
3.772361	1.122000
3.984642	1.168753
4.166914	1.198131
4.375089	1.219612
4.574735	1.260047
4.770589	1.304272
4.980344	1.343127
5.172408	1.315328
5.375844	1.352920
5.575490	1.371873
5.771977	1.387036
5.985522	1.472960
6.176007	1.479910
6.382287	1.494757
6.579405	1.543720
6.773049	1.526030
6.976801	1.587946
7.170761	1.613849
7.382095	1.613533
7.575423	1.644175
7.780438	1.669763
7.975662	1.684294
8.167410	1.707986
8.384746	1.774956
8.571756	1.730414
8.778667	1.752527
8.980524	1.810020
9.168797	1.780642
9.378236	1.850455
9.562087	1.867197
9.779739	1.826131
9.974962	1.897207
9.766788	1.821076
9.581357	1.817602
9.367496	1.853298
9.176379	1.823919
8.967889	1.783485
8.772349	1.754422
8.585971	1.722833
8.369583	1.701352
8.174359	1.713988
7.968712	1.684926
7.775700	1.635330
7.580161	1.645755
7.373566	1.591736
7.178342	1.605952
6.971115	1.609111
6.767679	1.517501
6.584459	1.541509
6.370598	1.482121
6.181693	1.460008
5.974782	1.470749
5.778295	1.459376
5.574227	1.428419
5.373002	1.387984
5.184096	1.374401
4.968024	1.320382
4.776591	1.295427
4.578525	1.279316
4.373825	1.215505
4.176391	1.201606
3.970743	1.127687
3.780574	1.104310
3.583456	1.113471
3.374649	1.021862
3.175635	0.983322
2.965249	0.951101
2.780134	0.889502
2.568484	0.841170
2.377684	0.803894
2.180249	0.751771
1.968599	0.666795
1.771797	0.564445
1.574046	0.465570
1.379139	0.331947
1.174123	0.190110
0.972582	0.025212
0.774516	-0.114083
0.569816	-0.260955
0.367643	-0.390771
0.177158	-0.416987
-0.027223	-0.461523
-0.217999	-0.486475
-0.427095	-0.518377
-0.622609	-0.563228
-0.830441	-0.628926
-1.023428	-0.681042
-1.210414	-0.684516
-1.427406	-0.689886
-1.625763	-0.720208
