# Configuration automatically generated by WRITE_CONFIG()
connection eth
ip 192.168.0.10
samplehz 1000.000000
settleus 10.000000
nsample 128

# Analog Inputs
aichannel 0
ainegative 199
airange 10.000000
airesolution 0

aichannel 1
ainegative 199
airange 10.000000
airesolution 0

# Analog Outputs
aochannel 0
aosignal triangle
aofrequency 5.000000
aoamplitude 2.000000
aooffset 2.500000
aoduty 0.500000

# Meta Parameters
int:periods 10
flt:plate_Thigh_C 690.097787
flt:plate_Tlow_C 536.077381
flt:plate_Q_kW 0.941607
flt:plate_Tpeak_C 1408.422224
flt:cool_Thigh_C 73.576145
flt:cool_Tlow_C 20.493990
flt:air_psig 80.000000
flt:water_gph 0.600000
flt:cool_Q_kW 0.000000
flt:standoff_in 0.228000
flt:oxygen_scfh 12.910500
flt:fuel_scfh 7.136625
flt:flow_scfh 20.047125
flt:ratio_fto 0.552777

## End Configuration ##
#: Mon Jul 25 12:20:17 2016
-0.238529	-1.135241
-9.274180	-4.205347
-9.281761	-4.203136
-9.249860	-4.204083
-9.228698	-4.204083
-9.189216	-4.202504
-9.025288	-4.162706
-8.826299	-4.097641
-8.619414	-4.035417
-8.429585	-4.007306
-8.226807	-3.922657
-8.028767	-3.866435
-7.825672	-3.804212
-7.617524	-3.714193
-7.419799	-3.651970
-7.223653	-3.596063
-7.031929	-3.537314
-6.818096	-3.448875
-6.631742	-3.406235
-6.417592	-3.335483
-6.224921	-3.267890
-6.025301	-3.241675
-5.825365	-3.172187
-5.631746	-3.108700
-5.422019	-3.035737
-5.229032	-2.989307
-5.007617	-2.916344
-4.824738	-2.863597
-4.622907	-2.814955
-4.416654	-2.714197
-4.228088	-2.640287
-4.022151	-2.562903
-3.833270	-2.521842
-3.613435	-2.449195
-3.436241	-2.398659
-3.215143	-2.314010
-3.024367	-2.232519
-2.833275	-2.195564
-2.619125	-2.120707
-2.425506	-2.077119
-2.220517	-2.001945
-2.031636	-1.940038
-1.813696	-1.863285
-1.629553	-1.791586
-1.420773	-1.742313
-1.219258	-1.638081
-1.025639	-1.578069
-0.821597	-1.481417
-0.632400	-1.395189
-0.422041	-1.260635
-0.239161	-1.127344
-0.017431	-0.947623
0.176210	-0.731894
0.371118	-0.567650
0.579292	-0.334233
0.768830	-0.143773
0.982375	0.059013
1.169701	0.233703
1.385457	0.415027
1.574046	0.580556
1.780010	0.687329
1.978708	0.817477
2.172352	0.890133
2.378631	0.976373
2.572591	1.073353
2.778871	1.168121
2.964933	1.202238
3.175951	1.206028
3.371490	1.281843
3.575242	1.329228
3.780890	1.437896
3.975797	1.499811
4.178286	1.522871
4.366560	1.510867
4.581052	1.508024
4.769642	1.622694
4.976553	1.690928
5.179990	1.757266
5.372370	1.728203
5.580544	1.683030
5.771345	1.720938
5.977309	1.847927
6.172532	1.957227
6.382602	1.967336
6.575614	1.990080
6.771785	1.910791
6.980592	2.020090
7.175183	2.149292
7.379568	2.160980
7.573527	2.162875
7.778227	2.110752
7.973766	2.054207
8.172464	2.111068
8.385062	2.269332
8.575231	2.326509
8.773929	2.339144
8.974206	2.242796
9.169114	2.224474
9.364021	2.317979
9.565878	2.423488
9.777528	2.475927
9.971171	2.433913
9.771842	2.313241
9.574408	2.269016
9.370655	2.331879
9.164060	2.369786
8.979576	2.354623
8.774561	2.279440
8.571440	2.176458
8.374005	2.158137
8.170253	2.185935
7.971555	2.204889
7.776016	2.160980
7.581109	2.099380
7.369459	2.065263
7.172972	2.009034
6.975853	2.055470
6.772101	2.041571
6.579405	1.982499
6.379444	1.901945
6.179166	1.888994
5.973518	1.841925
5.777979	1.851718
5.574543	1.872883
5.371422	1.766111
5.178410	1.770217
4.977817	1.730414
4.771853	1.696930
4.566206	1.707986
4.380143	1.577521
4.165966	1.503286
3.978956	1.462219
3.778679	1.453058
3.569556	1.349445
3.378755	1.343127
3.173108	1.258467
2.975041	1.221191
2.771605	1.150431
2.585227	1.091043
2.376420	1.008910
2.175195	0.906560
1.977444	0.818741
1.773692	0.689856
1.569308	0.581820
1.378823	0.397337
1.183916	0.236230
0.962473	0.037532
0.775779	-0.159250
0.574870	-0.334865
0.367959	-0.572072
0.180001	-0.737264
-0.023748	-0.946359
-0.222421	-1.102392
-0.431201	-1.284956
-0.621661	-1.392978
-0.825703	-1.467835
-1.028482	-1.582491
-1.213572	-1.635554
-1.428669	-1.717045
-1.625131	-1.783374
-1.828225	-1.872129
-2.019949	-1.928035
-2.234730	-2.007947
-2.427717	-2.086279
-2.620704	-2.126708
-2.826642	-2.221464
-3.024051	-2.273264
-3.227461	-2.341173
-3.419185	-2.393605
-3.631123	-2.468778
-3.822215	-2.525316
-4.022467	-2.594173
-4.229983	-2.683875
-4.421707	-2.725568
-4.628592	-2.798215
-4.822211	-2.852226
-5.019936	-2.922346
-5.221135	-2.985832
-5.430231	-3.054689
-5.625113	-3.133652
-5.823786	-3.165554
-6.025301	-3.238832
-6.223026	-3.297265
-6.424225	-3.368332
-6.625424	-3.417606
-6.827256	-3.490884
-7.018979	-3.519627
-7.232181	-3.576796
-7.420746	-3.654181
-7.617839	-3.710087
-7.825356	-3.781154
-8.024976	-3.833586
-8.225544	-3.895809
-8.425796	-3.945714
-8.628574	-4.041102
-8.818402	-4.106484
-9.026235	-4.163654
-9.178793	-4.217981
-9.217958	-4.223035
-9.228698	-4.230931
-9.240068	-4.238196
-9.240700	-4.248303
-9.225855	-4.242302
-9.244806	-4.225562
-9.230277	-4.208505
-9.187005	-4.195555
-9.027183	-4.153547
-8.818087	-4.098588
-8.626678	-4.044577
-8.417899	-3.953611
-8.231544	-3.944767
-8.018343	-3.848431
-7.821881	-3.783365
-7.622262	-3.762519
-7.418535	-3.678501
-7.234392	-3.618805
-7.019295	-3.538262
-6.833889	-3.496253
-6.612790	-3.415710
-6.430542	-3.372438
-6.220183	-3.305477
-6.018668	-3.208510
-5.828523	-3.170291
-5.624481	-3.099540
-5.425493	-3.070166
-5.217977	-2.987727
-5.037940	-2.949509
-4.811156	-2.863597
-4.627645	-2.788423
-4.425498	-2.742940
-4.219876	-2.666188
-4.023415	-2.617230
-3.817477	-2.535424
-3.634598	-2.484571
-3.416342	-2.398343
-3.235042	-2.335804
-3.020892	-2.284319
-2.824431	-2.185457
-2.630496	-2.133657
-2.418242	-2.052798
-2.233151	-1.989627
-2.019317	-1.921402
-1.832647	-1.855073
-1.616919	-1.779584
-1.425195	-1.703147
-1.223680	-1.652926
-1.014900	-1.563223
-0.829493	-1.480154
-0.622609	-1.384134
-0.430885	-1.279270
-0.217683	-1.127344
-0.026907	-0.944148
0.182844	-0.737264
0.377751	-0.511744
0.566025	-0.335813
0.776095	-0.125769
0.972898	0.059645
1.182336	0.260554
1.374401	0.396073
1.573730	0.524327
1.770217	0.695542
1.977444	0.824743
2.178670	0.939097
2.377368	0.996906
2.578277	1.029443
2.770657	1.069878
2.981359	1.179493
3.169001	1.288161
3.378124	1.332386
3.577453	1.369662
3.772677	1.361765
3.971691	1.419574
4.165966	1.498863
4.378880	1.607847
4.566206	1.629960
4.777855	1.624905
4.970867	1.636278
5.177463	1.669447
5.371738	1.779062
5.576438	1.870356
5.778295	1.914265
5.974466	1.837187
6.177587	1.864670
6.369651	1.912370
6.578773	1.981551
6.774312	2.048205
6.973011	2.028304
7.170129	2.047573
7.371670	2.059893
7.583952	2.111700
7.769066	2.159400
7.982612	2.185619
8.168989	2.178354
8.370531	2.188462
8.572388	2.221947
8.772981	2.218157
8.979260	2.316400
9.160584	2.314821
9.382027	2.305660
9.572827	2.379579
9.775001	2.360941
9.979384	2.393162
9.769946	2.415907
9.568089	2.387161
9.368443	2.410537
9.181118	2.482561
8.968520	2.407378
8.776140	2.363153
8.575231	2.424120
8.371478	2.394426
8.173412	2.204889
7.969975	2.163191
7.781702	2.107593
7.564050	2.042519
7.383674	2.012825
7.172972	2.033042
6.969851	2.032410
6.773049	2.038728
6.576246	1.931324
6.377864	1.885835
6.176955	1.826762
5.983311	1.871935
5.769450	1.875726
5.577070	1.819181
5.381215	1.747789
5.173987	1.625537
4.974658	1.633119
4.777223	1.647018
4.577261	1.655231
4.363085	1.569308
4.177654	1.492861
3.979272	1.407570
3.776151	1.374717
3.576506	1.410729
3.371490	1.359238
3.174371	1.296059
2.970935	1.165594
2.786452	1.087252
2.570064	1.074300
2.376104	1.020914
2.177406	0.971634
1.975865	0.832325
1.777483	0.679431
1.568360	0.537278
1.376928	0.444405
1.172228	0.260870
0.980163	0.083653
0.775147	-0.129560
0.569184	-0.351921
0.376172	-0.529431
0.178106	-0.753056
-0.020590	-0.965627
-0.224948	-1.140294
-0.420146	-1.260635
-0.638717	-1.385081
-0.827282	-1.483312
-1.023428	-1.549010
-1.223048	-1.651979
-1.427722	-1.710727
-1.627342	-1.785269
-1.824435	-1.844018
-2.028793	-1.937511
-2.219253	-1.996260
-2.425190	-2.074908
-2.626706	-2.159873
-2.821904	-2.195248
-3.028157	-2.260314
-3.228724	-2.329803
-3.428344	-2.409714
-3.619437	-2.459303
-3.836745	-2.553743
-4.019309	-2.599542
-4.223035	-2.641867
-4.423918	-2.733149
-4.621011	-2.796004
-4.820000	-2.879074
-5.022779	-2.926136
-5.222398	-3.008574
-5.423282	-3.024998
-5.631430	-3.093223
-5.828207	-3.188295
-6.022774	-3.223355
-6.223658	-3.294422
-6.426120	-3.340853
-6.627635	-3.424238
-6.826308	-3.470669
-7.036351	-3.578691
-7.221442	-3.622911
-7.415692	-3.662393
-7.627631	-3.744515
-7.819986	-3.781470
-8.023396	-3.874015
-8.222385	-3.920130
-8.434956	-4.000041
-8.619099	-4.021204
-8.831669	-4.087533
-9.023708	-4.163970
-9.182583	-4.207558
-9.215748	-4.228720
-9.221433	-4.232510
-9.256177	-4.228088
-9.266284	-4.219244
-9.270706	-4.211980
-9.242596	-4.213243
-9.229646	-4.207874
-9.191427	-4.199030
-9.017076	-4.150072
-8.819982	-4.103010
-8.619414	-4.034470
-8.435271	-3.998462
-8.222385	-3.914445
-8.037610	-3.866119
-7.822513	-3.809265
-7.617524	-3.717036
-7.426747	-3.674079
-7.224916	-3.599854
-7.026560	-3.551528
-6.822518	-3.466563
-6.632373	-3.433082
-6.417276	-3.359804
-6.224605	-3.277366
-6.029723	-3.244517
-5.826944	-3.161448
-5.631746	-3.107436
-5.424230	-3.039528
-5.224294	-2.999730
-5.020883	-2.905605
-4.828528	-2.846540
-4.626697	-2.804848
-4.422339	-2.718303
-4.227141	-2.666819
-4.024046	-2.591962
-3.830743	-2.529423
-3.614699	-2.448248
-3.431503	-2.404344
-3.219565	-2.331697
-3.027209	-2.263157
-2.825378	-2.197144
-2.622600	-2.120707
-2.422032	-2.061010
-2.226202	-1.982362
-2.032583	-1.943196
-1.823172	-1.854125
-1.632080	-1.781479
-1.419510	-1.712623
-1.222732	-1.629869
-1.022165	-1.568593
-0.826335	-1.484576
-0.630821	-1.398031
-0.421093	-1.246421
-0.223368	-1.110604
-0.015536	-0.933094
0.175263	-0.764743
0.375224	-0.563228
0.577081	-0.338024
0.769461	-0.143457
0.977952	0.061224
1.172544	0.231176
1.388300	0.427979
1.568992	0.557812
1.780326	0.682906
1.972706	0.812423
2.174879	0.891081
2.382422	0.993115
2.574486	1.079670
2.785820	1.133373
2.957351	1.177598
3.179741	1.251517
3.370542	1.286898
3.576506	1.333966
3.778363	1.403463
3.974218	1.411992
4.175759	1.489071
4.360241	1.528557
4.580420	1.555408
4.768062	1.603425
4.980028	1.627433
5.174304	1.672290
5.371738	1.730730
5.578333	1.788539
5.770713	1.761056
5.984890	1.813811
6.165267	1.836871
6.381023	1.900998
6.575298	1.989764
6.773365	1.988817
6.971747	1.984710
7.172024	1.980603
7.377672	2.040308
7.569105	2.112648
7.782650	2.181829
7.970607	2.173931
8.174676	2.113911
8.374321	2.121809
8.575231	2.171404
8.775508	2.313241
8.977365	2.326824
9.180486	2.320507
9.365916	2.269963
9.573144	2.219420
9.777212	2.361573
9.976226	2.443706
9.782267	2.433281
9.573460	2.331247
9.373498	2.208996
9.163743	2.197308
8.984947	2.287653
8.776140	2.345462
8.575231	2.273754
8.377165	2.210575
8.167726	2.056102
7.973135	2.069686
7.773173	2.126547
7.583320	2.159400
7.371354	2.116754
7.177395	1.990712
6.972063	1.898155
6.768942	1.906684
6.576878	1.990080
6.384182	1.978076
6.175375	1.935746
5.970991	1.794225
5.780190	1.724097
5.577702	1.724412
5.367315	1.746841
5.179042	1.741787
4.979396	1.667551
4.776591	1.566465
4.577893	1.503286
4.382986	1.521608
4.163755	1.520344
3.979904	1.478330
3.776783	1.409465
3.574926	1.320698
3.378755	1.277737
3.175635	1.255624
2.973778	1.238250
2.773500	1.151379
2.585227	1.066403
2.373577	0.982691
2.174879	0.881288
1.970811	0.814950
1.774008	0.696174
1.564569	0.557496
1.379771	0.391019
1.179177	0.244444
0.969107	0.033426
0.779254	-0.153565
0.572975	-0.342761
0.373329	-0.565439
0.181265	-0.745476
-0.017431	-0.954256
-0.223684	-1.109656
-0.428358	-1.286851
-0.616291	-1.379080
-0.827282	-1.475732
-1.021217	-1.581543
-1.219574	-1.615024
-1.423932	-1.722730
-1.622288	-1.788428
-1.825699	-1.887290
-2.020897	-1.920455
-2.237257	-2.014580
-2.425822	-2.083436
-2.619125	-2.113758
-2.832327	-2.212305
-3.022156	-2.273264
-3.227777	-2.351280
-3.428344	-2.393605
-3.627649	-2.469410
-3.814003	-2.522789
-4.028468	-2.590383
-4.228088	-2.690508
-4.418233	-2.717672
-4.633014	-2.795372
-4.815578	-2.858543
-5.023726	-2.952668
-5.217029	-2.993097
-5.432442	-3.088801
-5.621639	-3.139022
-5.823154	-3.166185
-6.026248	-3.242938
-6.213550	-3.294422
-6.429595	-3.355698
-6.618792	-3.411288
-6.826308	-3.475091
-7.018663	-3.507940
-7.233760	-3.566689
-7.421694	-3.658287
-7.616260	-3.707560
-7.827567	-3.794736
-8.025608	-3.854116
-8.232808	-3.916972
-8.423901	-3.969404
-8.626047	-4.041102
-8.814928	-4.097009
-9.022445	-4.144703
-9.190795	-4.205031
-9.225855	-4.213559
-9.245438	-4.214507
-9.262810	-4.212927
-9.268496	-4.220824
-9.245122	-4.222403
-9.246701	-4.220824
-9.226487	-4.211980
-9.188900	-4.188922
-9.025288	-4.130805
-8.824088	-4.073319
-8.624152	-4.045208
-8.426427	-3.975089
-8.230597	-3.935923
-8.019291	-3.852853
-7.827567	-3.787155
-7.625104	-3.746726
-7.418220	-3.681976
-7.227128	-3.621332
-7.023401	-3.537314
-6.825045	-3.482040
-6.620687	-3.393601
-6.434017	-3.359804
-6.217024	-3.303898
-6.020563	-3.223987
-5.828839	-3.163974
-5.626692	-3.084695
-5.420755	-3.039844
-5.213871	-2.972251
-5.030043	-2.954563
-4.812735	-2.863281
-4.635857	-2.796320
-4.431183	-2.743572
-4.222403	-2.667451
-4.029100	-2.613440
-3.821268	-2.547742
-3.629860	-2.493099
-3.420448	-2.394553
-3.233462	-2.351596
-3.018365	-2.267895
-2.830432	-2.188300
-2.625442	-2.144712
-2.422032	-2.051219
-2.227150	-2.003840
-2.022476	-1.908137
-1.831384	-1.865812
-1.613128	-1.783058
-1.433407	-1.716097
-1.223048	-1.662086
-1.022480	-1.554695
-0.829493	-1.492472
-0.622293	-1.384766
-0.435623	-1.284640
-0.220210	-1.111867
-0.032908	-0.954888
0.189478	-0.761900
0.373013	-0.544277
0.573922	-0.352869
0.783045	-0.143141
0.973846	0.045430
1.183916	0.254868
1.368083	0.415659
1.582260	0.561286
1.770217	0.684801
1.973022	0.769145
2.181829	0.917932
2.367259	1.029759
2.577013	1.123264
2.769710	1.143165
2.981043	1.185179
3.161735	1.255308
3.381283	1.393670
3.574295	1.384193
3.776783	1.408201
3.982431	1.410729
4.171652	1.392722
4.379195	1.481489
4.569996	1.594264
4.782593	1.662813
4.976869	1.686189
5.182833	1.628380
5.375529	1.629960
5.572331	1.724412
5.775452	1.845400
5.973518	1.894996
6.185484	1.923426
6.375968	1.851402
6.579405	1.838451
6.772101	1.967336
6.973958	2.065895
7.174868	2.101907
7.374513	2.079163
7.585215	2.019459
7.770014	2.033042
7.980716	2.151503
8.168674	2.259539
8.374953	2.273754
8.576179	2.231424
8.777404	2.165086
8.976418	2.210259
9.166587	2.291760
9.378236	2.373577
9.567457	2.408641
9.779423	2.316400
9.972435	2.334722
9.772158	2.326824
9.570932	2.384001
9.371286	2.390319
9.181118	2.349885
8.970415	2.243428
8.781195	2.191621
8.567966	2.201730
8.372742	2.202046
8.175307	2.220368
7.972819	2.133497
7.781386	2.104434
7.568789	2.046941
7.376409	2.049469
7.169813	2.062736
6.978381	2.010298
6.772733	1.955332
6.580037	1.917740
6.384182	1.904473
6.182009	1.849191
5.978889	1.872251
5.761237	1.805282
5.575174	1.750000
5.371106	1.773692
5.173987	1.697877
4.980344	1.665340
4.775644	1.640068
4.578525	1.579417
4.365612	1.520660
4.182077	1.512131
3.973902	1.456849
3.771413	1.377875
3.580297	1.371558
3.374017	1.285950
3.180373	1.262890
2.971251	1.197499
2.783293	1.131477
2.569432	1.038604
2.378631	0.952681
2.178986	0.914141
1.972706	0.805158
1.783485	0.710389
1.573730	0.538542
1.372821	0.387228
1.167805	0.204641
0.981427	0.053011
0.768830	-0.136508
0.567604	-0.366451
0.374592	-0.535117
0.168629	-0.748003
-0.024064	-0.930567
-0.224316	-1.134293
-0.422673	-1.265688
-0.633979	-1.392662
-0.823176	-1.476363
-1.018058	-1.539219
-1.229365	-1.638397
-1.422668	-1.704726
-1.622604	-1.781795
-1.822540	-1.857916
-2.030372	-1.936563
-2.221148	-1.985521
-2.427402	-2.062589
-2.626074	-2.153240
-2.825063	-2.201881
-3.028789	-2.279266
-3.224934	-2.339278
-3.422659	-2.409714
-3.620384	-2.471305
-3.829480	-2.557849
-4.017413	-2.608386
-4.229352	-2.665872
-4.431499	-2.732201
-4.624802	-2.786844
-4.819684	-2.860754
-5.025305	-2.923609
-5.218608	-3.003204
-5.417597	-3.043318
-5.633957	-3.103646
-5.827260	-3.181662
-6.018668	-3.234094
-6.221447	-3.314637
-6.427383	-3.367385
-6.619739	-3.428660
-6.825992	-3.467826
-7.030350	-3.559740
-7.217336	-3.603960
-7.428958	-3.673448
-7.632369	-3.745463
-7.822829	-3.782733
-8.026555	-3.845904
-8.230282	-3.892651
-8.423901	-3.984880
-8.615308	-4.020256
-8.831985	-4.098588
-9.023708	-4.156074
-9.195533	-4.187027
-9.233436	-4.207242
-9.230593	-4.222719
-9.245754	-4.238196
-9.251755	-4.233774
-9.264073	-4.220508
-9.241332	-4.213875
-9.228382	-4.212927
-9.179740	-4.216402
-9.020865	-4.156705
-8.822824	-4.097956
-8.620362	-4.001305
-8.430849	-3.959928
-8.217332	-3.876858
-8.037926	-3.853485
-7.824409	-3.800105
-7.619419	-3.712298
-7.428327	-3.674711
-7.223653	-3.610909
-7.027507	-3.573006
-6.822518	-3.488989
-6.629847	-3.449823
-6.416013	-3.348118
-6.225553	-3.283051
-6.024037	-3.241043
-5.823786	-3.173766
-5.633641	-3.131757
-5.420124	-3.056900
-5.231243	-3.002257
-5.018356	-2.918240
-4.829475	-2.863597
-4.622591	-2.806743
-4.425181	-2.723357
-4.227773	-2.665240
-4.021520	-2.590698
-3.826637	-2.533844
-3.615330	-2.447300
-3.430871	-2.410661
-3.221776	-2.330118
-3.035422	-2.250839
-2.826010	-2.197459
-2.620389	-2.114074
-2.423295	-2.055641
-2.224307	-1.985837
-2.028161	-1.931826
-1.816855	-1.853178
-1.625447	-1.795377
-1.419510	-1.716413
-1.218626	-1.636818
-1.022796	-1.578069
-0.829493	-1.487103
-0.627662	-1.407191
-0.421093	-1.278007
-0.231896	-1.134925
-0.017115	-0.912247
0.174947	-0.734105
0.375224	-0.559438
0.576765	-0.343709
0.776095	-0.139351
0.978268	0.065331
1.180757	0.213486
1.382930	0.403023
1.562990	0.556548
1.781590	0.719866
1.971758	0.832009
2.176142	0.892029
2.375788	0.946994
2.576698	1.022493
2.782029	1.159908
2.973778	1.201290
3.184480	1.257835
3.365488	1.258151
3.577137	1.306799
3.778047	1.387668
3.978324	1.473276
4.175127	1.558252
4.371298	1.544352
4.583580	1.564254
4.773117	1.574994
4.978133	1.647018
5.172724	1.731046
5.372370	1.768322
5.575490	1.772429
5.774189	1.772429
5.984890	1.850139
6.168109	1.876042
6.390184	1.967020
6.574351	1.992923
6.775892	1.978708
6.973011	2.072845
7.174236	2.079163
7.377357	2.164770
7.568789	2.249114
7.788020	2.246271
7.967764	2.293971
8.178782	2.143605
8.369583	2.154346
8.575231	2.185935
8.779614	2.267752
8.971679	2.233004
9.173536	2.306291
9.365601	2.346410
9.576934	2.317032
9.774369	2.353044
9.978121	2.350832
9.776896	2.347358
9.571880	2.361257
9.376025	2.359362
9.166587	2.277229
8.983684	2.263645
8.770454	2.236163
8.574283	2.209311
8.377481	2.258275
8.166146	2.191621
7.974714	2.118334
7.779175	2.075688
7.584584	2.071581
7.370722	2.070634
7.178342	2.069686
6.976801	2.033674
6.770838	1.909843
6.583512	1.860879
6.378812	1.862774
6.176955	1.897839
5.965937	1.871620
5.779243	1.807177
5.569804	1.713988
5.371738	1.618272
5.176515	1.672922
4.970235	1.675449
4.776907	1.644175
4.569048	1.560147
4.376984	1.464431
4.166598	1.417362
3.977061	1.435684
3.777731	1.458113
3.575874	1.386089
3.376228	1.302377
3.174055	1.187391
2.971882	1.157381
2.776659	1.138427
2.585859	1.109996
2.368839	1.029127
2.176774	0.880656
1.974285	0.767250
1.773692	0.664268
1.573099	0.563814
1.384825	0.408393
1.172860	0.248866
0.963421	0.030267
0.779886	-0.146932
0.573290	-0.330759
0.371433	-0.565755
0.174947	-0.756847
-0.022801	-0.942885
-0.229370	-1.103023
-0.425515	-1.268531
-0.619134	-1.373079
-0.834231	-1.488050
-1.022165	-1.576805
-1.219258	-1.626078
-1.423932	-1.715465
-1.621341	-1.771372
-1.825383	-1.863285
-2.023739	-1.923613
-2.235046	-2.022160
-2.414451	-2.087542
-2.617546	-2.124497
-2.825378	-2.218622
-3.020261	-2.271054
-3.222407	-2.354123
-3.425502	-2.399606
-3.622279	-2.467515
-3.817477	-2.486466
-4.030995	-2.564167
-4.225562	-2.655764
-4.422971	-2.706301
-4.633646	-2.811165
-4.817157	-2.858543
-5.022147	-2.926452
-5.222083	-2.975725
-5.429599	-3.080273
-5.620375	-3.130494
-5.830102	-3.173134
-6.030354	-3.260942
-6.215445	-3.291895
-6.429911	-3.370859
-6.621950	-3.428029
-6.829782	-3.514573
-7.014873	-3.547106
-7.236287	-3.621964
-7.419483	-3.690820
-7.620682	-3.713245
-7.828830	-3.813371
-8.020870	-3.863908
-8.228386	-3.926131
-8.428638	-3.964034
-8.625416	-4.034153
-8.821561	-4.076794
-9.037290	-4.145650
-9.189848	-4.211348
-9.216379	-4.220508
-9.243227	-4.226193
-9.253334	-4.223351
-9.254913	-4.233142
-9.230593	-4.236932
-9.233120	-4.235985
-9.211010	-4.228720
-9.180057	-4.211980
-9.026867	-4.161443
-8.819982	-4.093534
-8.618466	-4.042366
-8.432744	-3.965929
-8.227439	-3.911286
-8.016448	-3.824110
-7.827883	-3.771047
-7.624788	-3.726827
-7.418220	-3.657339
-7.228391	-3.609961
-7.035404	-3.530050
-6.824097	-3.490884
-6.622898	-3.404971
-6.431806	-3.363910
-6.215129	-3.300424
-6.022142	-3.227777
-5.829155	-3.188295
-5.622902	-3.107121
-5.427704	-3.053109
-5.223346	-2.965302
-5.025305	-2.927399
-4.810524	-2.838328
-4.631119	-2.784317
-4.421707	-2.721462
-4.223035	-2.647236
-4.024994	-2.594489
-3.824426	-2.521526
-3.627965	-2.494047
-3.422659	-2.404344
-3.235042	-2.363283
-3.023419	-2.261894
-2.825063	-2.183562
-2.624495	-2.135236
-2.412556	-2.062905
-2.230624	-2.015843
-2.018686	-1.907189
-1.835490	-1.868655
-1.619761	-1.760633
-1.431512	-1.703779
-1.217363	-1.645346
-1.019006	-1.550905
-0.834231	-1.492472
-0.615976	-1.386977
-0.431201	-1.279902
-0.218315	-1.107445
-0.037330	-0.961205
0.180949	-0.747055
0.369222	-0.535749
0.571079	-0.343393
0.782729	-0.132086
0.966580	0.052063
1.178861	0.252341
1.371873	0.392283
1.579101	0.557496
1.768954	0.689856
1.979972	0.783045
2.179617	0.916037
2.371050	0.977636
2.576066	1.053767
2.772868	1.112208
2.980096	1.177282
3.162051	1.212346
3.378755	1.267944
3.574610	1.324489
3.770465	1.389879
3.981168	1.473908
4.170389	1.499179
4.386145	1.527926
4.568417	1.558252
4.781014	1.594895
4.966760	1.679555
5.178094	1.724097
5.374581	1.760740
5.570436	1.745262
5.777347	1.761056
5.970675	1.812231
6.179166	1.902261
6.377232	1.961650
6.580353	1.946487
6.772101	1.931324
6.973958	1.924374
7.177079	2.038096
7.364405	2.117070
7.581425	2.150555
7.774121	2.110436
7.981032	2.036201
8.172780	2.066843
8.374005	2.183408
8.576179	2.288917
8.771401	2.301869
8.977365	2.261118
9.170693	2.165402
9.377289	2.267436
9.565247	2.408325
9.781003	2.486983
9.978437	2.527418
9.776580	2.397585
9.569036	2.264909
9.370971	2.245955
9.175431	2.358730
8.967889	2.353044
8.781510	2.305028
8.574915	2.190989
8.377165	2.089271
8.174676	2.141394
7.973766	2.193517
7.775384	2.204889
7.567525	2.127495
7.383042	2.018195
7.166022	1.967336
6.973326	1.995135
6.773365	2.040308
6.581301	1.993871
6.382287	1.907948
6.178850	1.812231
5.981100	1.790434
5.765028	1.798016
5.578649	1.811915
5.369211	1.786012
5.175567	1.664708
4.973078	1.617008
4.775012	1.576258
4.571891	1.582576
4.367507	1.550038
4.183656	1.515606
3.972007	1.436000
3.776467	1.370294
3.577453	1.345022
3.374333	1.298586
3.170580	1.276789
2.972514	1.184232
2.782345	1.135268
2.569116	1.055978
2.378947	0.977952
2.177090	0.952049
1.972390	0.825691
1.770217	0.714180
1.568676	0.569816
1.378507	0.430822
1.172228	0.234967
0.985218	0.081758
0.770409	-0.121347
0.578661	-0.337392
0.382806	-0.546488
0.173999	-0.760637
-0.016168	-0.948255
-0.226527	-1.134925
-0.429306	-1.259687
-0.633979	-1.398979
-0.821597	-1.488998
-1.020269	-1.539534
-1.226838	-1.647557
-1.418246	-1.698725
-1.621972	-1.783374
-1.822856	-1.839596
-2.025950	-1.923929
-2.221780	-1.976361
-2.427402	-2.058799
-2.627022	-2.150397
-2.824115	-2.199039
-3.029736	-2.269474
-3.226514	-2.329487
-3.429924	-2.401186
-3.624174	-2.452038
-3.829480	-2.539530
-4.019624	-2.591646
-4.218928	-2.648816
-4.430235	-2.724621
-4.622591	-2.778316
-4.822843	-2.860438
-5.024990	-2.928663
-5.222083	-3.009521
-5.421703	-3.057531
-5.632062	-3.139969
-5.826313	-3.201561
-6.022774	-3.232515
-6.223026	-3.317480
-6.416329	-3.367385
-6.622266	-3.428976
-6.824097	-3.465616
-7.032877	-3.553739
-7.219863	-3.585956
-7.430222	-3.647864
-7.626052	-3.740725
-7.815880	-3.779575
-8.025924	-3.840535
-8.229965	-3.880332
-8.422953	-3.949505
-8.615308	-3.985828
-8.826299	-4.081216
-9.019602	-4.143755
-9.185426	-4.193028
-9.233751	-4.201557
-9.257125	-4.209453
-9.264705	-4.218613
-9.261230	-4.229036
-9.253018	-4.229036
-9.232804	-4.221456
-9.231541	-4.209769
-9.197744	-4.193344
-9.017391	-4.146598
-8.827878	-4.106168
-8.621942	-4.023415
-8.430849	-3.978247
-8.224596	-3.872436
-8.034136	-3.844325
-7.818091	-3.788419
-7.621630	-3.713561
-7.425484	-3.672816
-7.226180	-3.589115
-7.030034	-3.531313
-6.824097	-3.429608
-6.629847	-3.423291
-6.415065	-3.348118
-6.233765	-3.290948
-6.025301	-3.240727
-5.823786	-3.151656
-5.632378	-3.107752
-5.425809	-3.044897
-5.231874	-3.008890
-5.016146	-2.918555
-4.829160	-2.874020
-4.613747	-2.809586
-4.425498	-2.722726
-4.230299	-2.696194
-4.018677	-2.619757
-3.827269	-2.565746
-3.617226	-2.475096
-3.435293	-2.424243
-3.222092	-2.338331
-3.033526	-2.271685
-2.825378	-2.217358
-2.619757	-2.128919
-2.423611	-2.060379
-2.222728	-1.983310
-2.027214	-1.928035
-1.821592	-1.852546
-1.633975	-1.798535
-1.418246	-1.717676
-1.222416	-1.626394
-1.023428	-1.561960
-0.821281	-1.476995
-0.628610	-1.388872
-0.417619	-1.267899
-0.225895	-1.140294
-0.015852	-0.941938
0.172420	-0.740106
0.370170	-0.545224
0.574238	-0.331391
0.774200	-0.139667
0.976057	0.067858
1.175387	0.237810
1.384509	0.411236
1.564885	0.509480
1.776851	0.668059
1.973022	0.818109
2.173615	0.931200
2.373261	1.011121
2.577329	1.043974
2.781082	1.074932
2.969671	1.139375
3.185112	1.290688
3.369594	1.386089
3.581244	1.419889
3.777099	1.414835
3.979588	1.417994
4.176075	1.541509
4.365928	1.655863
4.583580	1.671026
4.764904	1.636909
4.985082	1.603425
5.171776	1.610690
5.372685	1.702616
5.577386	1.840662
5.770398	1.866249
5.981100	1.885835
6.165267	1.830553
6.384498	1.859931
6.570876	1.940485
6.773996	2.030515
6.970799	2.094010
7.172024	2.053891
7.377040	2.058945
7.569420	2.057682
7.789284	2.154662
7.959867	2.218157
8.173412	2.214998
8.371478	2.167613
8.575231	2.160032
8.776456	2.215629
8.976733	2.267436
9.178274	2.358414
9.363389	2.332195
9.578197	2.308819
9.768367	2.350832
9.977489	2.359046
9.775001	2.380211
9.569353	2.387792
9.370023	2.328404
9.162479	2.279440
8.982420	2.281336
8.772349	2.240269
8.575863	2.219736
8.373058	2.209943
8.173097	2.128758
7.974082	2.132865
7.778543	2.108541
7.575423	2.067791
7.363773	2.046310
7.175183	1.999557
6.970799	1.993555
6.775892	1.961018
6.577194	1.946803
6.377232	1.882044
6.178218	1.876358
5.980152	1.819181
5.781770	1.830237
5.567277	1.833080
5.367631	1.757266
5.180937	1.712724
4.976237	1.633119
4.776276	1.628696
4.573155	1.598370
4.373825	1.574994
4.169757	1.476435
3.985590	1.404095
3.771097	1.354499
3.578401	1.324173
3.374965	1.336809
3.167422	1.273946
2.969987	1.189918
2.779502	1.078723
2.584279	1.040499
2.371682	1.000381
2.176458	0.930252
1.975865	0.842117
1.770849	0.676588
1.573415	0.523379
1.383878	0.389439
1.176018	0.245075
0.965632	0.036585
0.779886	-0.140614
0.574238	-0.337076
0.372381	-0.545224
0.179053	-0.742949
-0.019642	-0.975734
-0.229685	-1.138399
-0.423304	-1.289378
-0.618187	-1.357602
-0.833915	-1.466572
-1.018058	-1.561328
-1.218626	-1.622288
-1.418246	-1.720203
-1.623868	-1.783058
-1.824119	-1.854441
-2.027845	-1.907505
-2.233151	-2.009210
-2.411293	-2.057220
-2.625442	-2.120075
-2.826326	-2.220517
-3.017734	-2.250839
-3.222723	-2.331066
-3.427397	-2.395184
-3.621332	-2.491520
-3.814635	-2.530054
-4.032574	-2.612492
-4.222087	-2.670925
-4.422655	-2.710723
-4.628276	-2.808322
-4.816209	-2.866755
-5.021831	-2.945403
-5.217345	-2.977304
-5.426441	-3.063533
-5.612163	-3.087222
-5.831050	-3.156710
-6.024669	-3.264416
-6.217656	-3.296317
-6.423909	-3.363910
-6.628583	-3.391074
-6.825360	-3.466563
-7.021190	-3.515205
-7.236919	-3.619752
-7.419167	-3.683555
-7.625104	-3.714825
-7.827567	-3.796315
-8.026555	-3.838324
-8.231861	-3.920130
-8.430218	-3.964034
-8.627942	-4.044261
-8.806085	-4.076478
-9.027814	-4.146598
-9.187636	-4.204715
-9.207536	-4.228088
-9.230277	-4.228720
-9.250808	-4.222087
-9.278603	-4.210716
-9.266601	-4.203136
-9.264389	-4.199977
-9.231225	-4.207242
-9.189531	-4.193976
-9.028446	-4.153862
-8.819350	-4.078057
-8.621942	-4.031627
-8.425796	-3.968456
-8.232808	-3.929922
-8.019607	-3.846852
-7.830726	-3.775469
-7.622893	-3.740093
-7.420115	-3.657655
-7.229654	-3.607434
-7.026244	-3.543000
-6.825045	-3.491515
-6.620371	-3.404971
-6.432121	-3.358225
-6.216709	-3.285578
-6.021511	-3.220828
-5.838315	-3.169660
-5.626692	-3.100172
-5.427704	-3.037948
-5.223030	-2.955194
-5.025621	-2.929610
-4.816841	-2.833591
-4.632382	-2.789371
-4.426761	-2.734412
-4.222719	-2.655764
-4.024678	-2.601437
-3.827269	-2.513946
-3.631439	-2.462146
-3.425186	-2.378760
-3.234094	-2.347806
-3.018365	-2.253997
-2.825378	-2.187668
-2.622916	-2.134289
-2.422032	-2.049324
-2.226834	-2.007631
-2.026266	-1.913190
-1.826014	-1.877499
-1.618182	-1.778636
-1.431828	-1.714202
-1.215783	-1.637133
-1.020901	-1.551853
-0.827914	-1.507001
-0.625767	-1.389819
-0.431832	-1.284008
-0.216420	-1.096390
-0.033224	-0.941938
0.186319	-0.746424
0.368906	-0.549962
0.574238	-0.354764
0.777359	-0.125138
0.974161	0.042271
1.184864	0.241601
1.371873	0.394810
1.578469	0.573290
1.769585	0.686697
1.979972	0.778938
2.176142	0.890133
2.377368	0.968791
2.579541	1.069562
2.773184	1.140954
2.980727	1.191497
3.162683	1.224982
3.381283	1.274894
3.567029	1.346286
3.774572	1.413888
3.978640	1.496652
4.172284	1.474855
4.380143	1.544036
4.568417	1.577521
4.779119	1.613217
4.967392	1.681135
5.181569	1.701352
5.373317	1.746841
5.573595	1.802754
5.770713	1.839714
5.970675	1.839082
6.177587	1.924690
6.369019	1.931324
6.585407	1.987869
6.769258	2.094957
6.973011	2.090535
7.181185	2.126547
7.375777	2.200466
7.587427	2.267752
7.770962	2.167297
7.974082	2.199519
8.167094	2.184040
8.373690	2.175827
8.575546	2.190989
8.775825	2.248482
8.978945	2.325561
9.168166	2.360941
9.375393	2.328720
9.570300	2.304396
9.777843	2.320507
9.976226	2.427911
9.774369	2.438020
9.570617	2.399480
9.373814	2.301237
9.171640	2.219104
8.968204	2.208996
8.780247	2.280072
8.570493	2.289549
8.378112	2.232056
8.176571	2.132549
7.975030	2.004611
7.777596	2.072529
7.573843	2.103802
7.379251	2.113911
7.166022	2.064000
6.978381	1.927217
6.771785	1.851718
6.578457	1.903209
6.374705	1.961650
6.181061	1.932587
5.979204	1.884887
5.770398	1.729783
5.580861	1.696298
5.366683	1.751263
5.180621	1.761372
4.972446	1.753159
4.777855	1.659022
4.572207	1.548459
4.374141	1.475803
4.174495	1.532980
3.967268	1.527610
3.784049	1.458113
3.573347	1.392091
3.374333	1.267944
3.173424	1.233827
2.974094	1.204765
2.779186	1.184548
2.569116	1.081250
2.384633	0.977952
2.181829	0.894556
1.972390	0.777359
1.775272	0.714180
1.575942	0.569184
1.375032	0.418502
1.175071	0.212854
0.979532	0.068174
0.764407	-0.139035
0.577081	-0.356659
0.375856	-0.541750
0.179369	-0.743897
-0.021853	-0.921091
-0.224632	-1.112499
-0.424884	-1.241999
-0.633663	-1.402453
-0.818123	-1.481417
-1.023744	-1.546799
-1.228418	-1.644082
-1.416351	-1.695567
-1.622920	-1.788112
-1.822224	-1.859811
-2.023423	-1.944776
-2.223044	-1.995312
-2.434034	-2.067643
-2.624179	-2.144712
-2.820009	-2.186089
-3.034158	-2.286846
-3.223671	-2.336751
-3.426765	-2.410345
-3.622595	-2.464672
-3.826321	-2.542688
-4.013939	-2.606807
-4.225245	-2.673768
-4.433394	-2.759996
-4.624170	-2.796004
-4.821579	-2.860438
-5.021831	-2.914449
-5.223030	-2.993097
-5.421071	-3.041739
-5.633009	-3.121018
-5.823470	-3.178819
-6.018352	-3.218617
-6.224289	-3.292211
-6.422014	-3.341169
-6.621634	-3.412236
-6.827256	-3.459930
-7.027507	-3.545211
-7.223653	-3.589746
-7.428327	-3.669657
-7.624156	-3.741356
-7.827567	-3.786839
-8.025608	-3.855380
-8.226175	-3.907496
-8.428322	-3.986459
-8.618151	-4.022467
-8.827562	-4.106800
-9.018023	-4.163970
-9.186373	-4.202504
-9.227750	-4.210716
-9.250808	-4.215138
-9.265337	-4.211664
-9.279235	-4.212296
-9.264389	-4.212612
-9.245438	-4.207558
-9.241332	-4.205031
-9.191427	-4.194923
-9.022129	-4.127015
-8.826615	-4.090692
-8.620994	-4.023415
-8.427691	-3.982038
-8.223017	-3.887597
-8.034767	-3.855380
-7.815565	-3.754938
-7.628894	-3.684503
-7.424221	-3.641546
-7.223969	-3.564478
-7.029718	-3.527207
-6.825676	-3.445401
-6.630162	-3.410657
-6.417592	-3.314637
-6.231554	-3.289053
-6.019300	-3.244517
-5.822838	-3.163343
-5.627956	-3.122913
-5.422334	-3.034790
-5.230927	-2.996256
-5.017725	-2.913502
-4.829791	-2.893919
-4.615958	-2.807690
-4.423602	-2.725884
-4.227457	-2.676927
-4.020256	-2.597331
-3.826321	-2.547426
-3.611856	-2.471305
-3.432135	-2.416031
-3.224934	-2.312114
-3.036369	-2.254629
-2.825063	-2.203461
-2.620389	-2.109336
-2.426138	-2.067643
-2.220201	-1.991522
-2.033215	-1.930562
-1.819066	-1.849388
-1.636818	-1.801378
-1.415403	-1.722098
-1.224943	-1.641871
-1.025007	-1.582175
-0.824124	-1.477943
-0.628294	-1.381923
-0.423620	-1.262530
-0.229054	-1.133030
-0.017115	-0.934041
0.172104	-0.746424
0.377120	-0.556911
0.576449	-0.325389
0.774200	-0.140614
0.975425	0.055222
1.174439	0.227385
1.382930	0.423872
1.564885	0.557812
1.781274	0.686697
1.973022	0.796312
2.175827	0.881920
2.375472	0.986165
2.578277	1.084725
2.784241	1.146640
2.967144	1.156117
3.182269	1.212978
3.366120	1.271735
3.579981	1.369346
3.775836	1.460640
3.978956	1.476119
4.171652	1.479594
4.372561	1.461588
4.581684	1.579417
4.768378	1.637541
4.983819	1.711461
5.163879	1.715567
5.375529	1.672922
5.572015	1.696614
5.772293	1.813179
5.983943	1.936378
6.166530	1.959754
6.385129	1.972706
6.569928	1.881728
6.779683	1.918056
6.972063	2.045994
7.178027	2.124968
7.373566	2.171404
7.571632	2.103802
7.788020	2.050100
7.967133	2.087376
8.184784	2.216893
8.368004	2.285758
8.581549	2.280072
8.774877	2.241849
8.969784	2.150555
9.175116	2.264909
9.361810	2.377368
9.578197	2.487931
9.770262	2.508148
9.980332	2.400112
9.772789	2.364732
9.573460	2.398849
9.374762	2.524575
9.167850	2.583331
8.984631	2.329352
8.770770	2.218788
8.580285	2.171088
8.370847	2.189410
8.174359	2.215945
7.971871	2.217841
7.770962	2.124652
7.579845	2.075688
7.366616	2.025145
7.185292	2.041571
6.970168	2.079479
6.777787	2.017879
6.574351	1.952805
6.370914	1.900050
6.175691	1.876042
5.977309	1.840346
5.781138	1.863090
5.567277	1.792014
5.374897	1.721569
5.177146	1.718095
4.974342	1.647650
4.776276	1.626801
4.576630	1.608479
4.372561	1.548775
4.169757	1.491914
3.984642	1.466958
3.776151	1.407885
3.582508	1.352920
3.379703	1.312169
3.169633	1.236670
2.967460	1.217085
2.779502	1.144745
2.580804	1.068930
2.367891	0.990904
2.177406	0.883815
1.972074	0.812107
1.772429	0.698069
1.571203	0.558128
1.378823	0.397969
1.173175	0.233071
0.972582	0.034689
0.779254	-0.129244
0.571711	-0.344657
0.377435	-0.560385
0.180949	-0.734737
-0.021537	-0.931514
-0.228738	-1.115342
-0.422357	-1.281165
-0.625135	-1.374658
-0.836126	-1.482365
-1.017111	-1.561013
-1.221153	-1.622920
-1.422668	-1.715150
-1.625763	-1.777373
-1.823172	-1.857284
-2.029109	-1.925509
-2.232519	-2.017422
-2.415715	-2.061326
-2.630496	-2.135868
-2.825063	-2.224939
-3.028473	-2.267579
-3.223039	-2.343700
-3.432135	-2.398659
-3.619437	-2.472885
-3.821268	-2.519315
-4.034785	-2.607123
-4.219560	-2.669662
-4.425813	-2.705985
-4.630171	-2.773894
-4.822211	-2.834854
-5.021199	-2.911922
-5.226820	-2.977620
-5.427072	-3.060690
-5.614058	-3.093539
-5.838947	-3.159236
-6.024669	-3.240727
-6.223658	-3.278630
-6.428331	-3.359488
-6.629215	-3.408130
-6.826308	-3.476670
-7.027507	-3.506361
-7.237235	-3.610277
-7.414745	-3.665551
-7.619103	-3.737882
-7.830094	-3.810213
-8.023081	-3.843693
-8.225544	-3.924552
-8.429901	-3.973825
-8.621309	-4.068898
-8.808611	-4.100483
-9.028446	-4.160180
-9.196165	-4.191133
-9.234067	-4.198398
-9.255230	-4.214507
-9.248281	-4.224298
-9.257756	-4.230931
-9.261863	-4.211664
-9.272285	-4.192713
-9.247017	-4.183553
-9.195848	-4.181973
-9.028762	-4.156074
-8.821877	-4.089112
-8.616256	-4.026573
-8.426111	-3.959612
-8.232492	-3.922025
-8.024029	-3.851590
-7.831041	-3.821268
-7.621945	-3.759360
-7.418535	-3.672500
-7.229970	-3.614067
-7.028771	-3.544895
-6.814621	-3.507308
-6.624477	-3.424554
-6.428963	-3.375281
-6.211655	-3.293159
-6.029407	-3.217670
-5.827260	-3.170607
-5.625113	-3.108068
-5.420124	-3.061321
-5.219872	-2.979831
-5.025305	-2.937191
-4.819052	-2.836433
-4.633646	-2.798215
-4.423286	-2.736307
-4.225562	-2.662713
-4.024046	-2.600806
-3.823163	-2.520263
-3.615330	-2.465620
-3.424554	-2.384761
-3.229040	-2.347174
-3.014891	-2.262210
-2.834538	-2.198723
-2.620389	-2.132393
-2.426454	-2.046165
-2.226834	-1.995628
-2.021844	-1.912874
-1.828225	-1.876551
-1.617866	-1.769476
-1.430249	-1.713886
-1.220837	-1.642819
-1.025323	-1.547747
-0.826651	-1.482681
-0.626083	-1.384134
-0.424884	-1.298853
-0.217683	-1.102392
-0.025328	-0.950466
0.186951	-0.705047
0.368275	-0.527852
0.572659	-0.336128
0.775147	-0.116294
0.970055	0.082705
1.179493	0.283615
1.372189	0.405866
1.583207	0.621622
1.763583	0.707546
1.981235	0.849699
2.173931	0.935938
2.377052	0.952365
2.574802	1.013964
2.774448	1.096413
2.978832	1.240777
3.165526	1.279316
3.385389	1.339336
3.567029	1.315960
3.778679	1.354499
3.979588	1.469485
4.176391	1.545300
4.372878	1.620483
4.568417	1.591421
4.784173	1.606899
4.968024	1.629328
5.188203	1.723781
5.370474	1.834660
5.575174	1.846032
5.775136	1.835292
5.972255	1.836239
6.183589	1.890889
6.374389	1.948382
6.584144	2.023249
6.771785	2.019459
6.970799	1.997662
7.175183	2.027672
7.372934	2.048837
7.579845	2.134129
7.776964	2.182145
7.980716	2.160664
8.165515	2.166350
8.382535	2.191937
8.571440	2.220052
8.772665	2.263014
8.976418	2.328088
9.170693	2.280072
9.373498	2.343251
9.564930	2.355255
9.781003	2.352096
9.970856	2.418118
9.776264	2.356203
9.575039	2.346094
9.374129	2.346094
9.170377	2.319243
8.971363	2.252273
8.777719	2.260171
8.566070	2.215629
8.379060	2.226054
8.171201	2.226686
7.971871	2.171404
7.778227	2.099380
7.571948	2.063684
7.381779	2.065895
7.165075	2.065263
6.978381	2.053891
6.774312	1.984394
6.587618	1.922795
6.375968	1.893416
6.177902	1.905420
5.975098	1.919952
5.769450	1.865618
5.583704	1.779062
5.370159	1.706091
5.179042	1.662181
4.971815	1.686821
4.771853	1.683662
4.569680	1.635962
4.374457	1.521292
4.179865	1.435053
3.970427	1.402199
3.781206	1.409149
3.574610	1.407570
3.374965	1.324173
3.167737	1.222771
2.978200	1.132109
2.778239	1.122632
2.572275	1.097676
2.383686	1.039236
2.169825	0.940045
1.970495	0.766302
1.772429	0.650685
1.571835	0.541385
1.367767	0.424188
1.173491	0.233071
0.979848	0.066279
0.766302	-0.158302
0.580556	-0.348447
0.376488	-0.542382
0.179685	-0.778957
-0.025328	-0.952992
-0.223053	-1.131134
-0.424252	-1.245158
-0.627662	-1.390135
-0.818123	-1.469099
-1.026271	-1.551537
-1.222416	-1.648820
-1.420773	-1.694935
-1.625447	-1.781479
-1.832647	-1.850335
-2.022792	-1.940038
-2.223675	-1.986784
-2.431508	-2.076803
-2.620704	-2.143448
-2.823799	-2.181035
-3.021208	-2.282740
-3.223039	-2.335804
-3.426450	-2.412556
-3.625438	-2.456776
-3.824426	-2.542688
-4.016150	-2.578696
-4.226825	-2.643130
-4.426761	-2.738518
-4.624486	-2.788107
-4.826001	-2.864544
-5.026253	-2.914765
-5.225873	-2.979831
-5.422019	-3.031631
-5.629851	-3.122597
-5.821259	-3.189559
-6.019931	-3.235989
-6.225237	-3.305161
-6.424225	-3.356014
-6.624161	-3.434346
-6.828835	-3.498148
-7.027192	-3.574585
-7.214809	-3.603012
-7.432117	-3.663024
-7.627631	-3.716404
-7.823461	-3.770731
-8.029398	-3.861697
-8.228070	-3.923920
-8.420426	-3.988039
-8.623521	-4.028468
-8.826615	-4.112485
-9.017707	-4.175341
-9.169633	-4.229352
-9.209746	-4.234089
-9.239437	-4.226825
-9.250175	-4.220192
-9.271970	-4.219876
-9.253018	-4.219560
-9.236910	-4.217981
-9.235331	-4.214507
-9.186689	-4.196819
-9.022445	-4.134911
-8.818087	-4.084059
-8.625416	-4.026889
-8.425480	-3.988671
-8.229018	-3.904022
-8.028767	-3.862645
-7.809879	-3.780522
-7.625420	-3.723984
-7.429590	-3.672184
-7.226811	-3.597011
-7.029087	-3.555318
-6.824413	-3.469090
-6.625424	-3.427081
-6.418224	-3.326324
-6.233133	-3.286210
-6.017720	-3.227777
-5.825049	-3.141549
-5.626692	-3.099856
-5.419492	-3.022471
-5.223346	-2.981095
-5.019936	-2.889181
-4.827264	-2.871177
-4.620696	-2.780211
-4.433710	-2.720515
-4.224930	-2.681033
-4.018045	-2.589435
-3.825058	-2.534476
-3.619121	-2.459303
-3.434662	-2.414451
-3.219881	-2.320643
-3.035422	-2.276107
-2.820009	-2.194932
-2.627337	-2.124181
-2.427717	-2.069854
-2.227466	-1.994049
-2.033531	-1.935616
-1.821277	-1.843386
-1.634922	-1.788428
-1.415088	-1.694935
-1.226207	-1.628605
-1.026902	-1.586281
-0.821597	-1.483628
-0.633348	-1.384134
-0.423620	-1.249580
-0.229054	-1.121659
-0.019326	-0.942253
0.171156	-0.767270
0.378383	-0.551541
0.577081	-0.322231
0.769777	-0.146616
0.977004	0.059013
1.172860	0.240337
1.382298	0.425136
1.567097	0.546124
1.782221	0.681327
1.968915	0.804842
2.176458	0.888870
2.376104	1.016491
2.567852	1.070194
2.775396	1.123580
2.970619	1.185179
3.187007	1.257203
3.369594	1.307747
3.578401	1.383562
3.776467	1.419889
3.977061	1.452743
4.174180	1.508656
4.365296	1.521292
4.584843	1.580048
4.768062	1.624905
4.981923	1.648598
5.166090	1.699457
5.375844	1.741471
5.574227	1.755686
5.776084	1.784117
5.978572	1.835923
6.169057	1.837187
6.384182	1.931324
6.571192	1.943328
6.781578	1.925006
6.967956	1.951857
7.172340	1.983131
7.377040	2.067159
7.575423	2.105698
7.782018	2.145817
7.963658	2.085481
8.179730	2.098748
8.371478	2.145817
8.578390	2.243112
8.776456	2.316716
8.978312	2.290181
9.175748	2.251957
9.364968	2.227949
9.582621	2.333143
9.764260	2.431070
9.982544	2.480350
9.767735	2.420330
9.573144	2.287022
9.370338	2.231424
9.167218	2.281336
8.986210	2.352412
8.766979	2.326193
8.579969	2.257328
8.368320	2.114543
8.178150	2.077583
7.973135	2.169193
7.782018	2.198887
7.575423	2.194149
7.364720	2.080426
7.184344	1.960386
6.967640	1.969863
6.773365	2.048837
6.578773	2.086744
6.381339	2.028935
6.175691	1.945223
5.973834	1.824235
5.776084	1.866881
5.567277	1.948066
5.377740	1.778430
5.172724	1.739891
4.975605	1.604372
4.785120	1.546564
4.574735	1.527610
4.370982	1.567412
4.160596	1.517501
3.984642	1.447057
3.770465	1.357974
3.570820	1.304904
3.377492	1.303008
3.172160	1.288793
2.974725	1.264153
2.780450	1.159592
2.582700	1.094833
2.361889	1.003540
2.177722	0.946363
1.976497	0.888870
1.773692	0.745453
1.577521	0.594455
1.377560	0.439035
1.168753	0.229597
0.972898	0.035953
0.784940	-0.143457
0.570763	-0.345288
0.367643	-0.566071
0.177790	-0.732526
-0.024064	-0.948255
-0.224000	-1.122290
-0.420146	-1.284956
-0.627346	-1.383818
-0.832652	-1.498473
-1.024376	-1.565434
-1.225259	-1.621025
-1.425195	-1.718308
-1.624183	-1.787480
-1.816539	-1.869918
-2.028793	-1.935616
-2.228097	-2.015211
-2.418242	-2.043638
-2.633339	-2.133657
-2.820640	-2.223675
-3.020261	-2.263473
-3.224934	-2.342437
-3.430556	-2.401817
-3.619437	-2.468147
-3.824426	-2.523421
-4.033206	-2.619757
-4.220824	-2.669346
-4.430551	-2.722410
-4.624802	-2.801689
-4.818420	-2.855384
-5.016461	-2.929294
-5.219872	-2.990886
-5.421387	-3.077114
-5.619112	-3.101751
-5.841157	-3.183557
-6.024037	-3.253045
-6.213550	-3.290000
-6.428963	-3.371491
-6.621318	-3.416974
-6.822518	-3.482671
-7.027823	-3.522785
-7.237866	-3.607118
-7.415061	-3.656708
-7.623525	-3.706928
-7.830094	-3.792209
-8.028450	-3.836745
-8.228070	-3.915076
-8.425163	-3.955822
-8.620994	-4.045840
-8.816192	-4.071740
-9.036026	-4.149441
-9.193007	-4.200293
-9.219853	-4.214507
-9.249228	-4.217349
-9.252387	-4.223351
-9.262494	-4.226193
-9.258072	-4.216086
-9.259967	-4.208821
-9.233120	-4.196187
-9.199639	-4.179131
-9.028762	-4.146914
-8.816823	-4.081532
-8.623521	-4.036049
-8.426111	-3.963086
-8.232492	-3.899915
-8.018343	-3.810529
-7.831673	-3.774521
-7.620366	-3.730933
-7.415692	-3.640599
-7.232813	-3.607750
-7.028139	-3.524364
-6.828203	-3.477618
-6.627635	-3.400234
-6.429911	-3.373386
-6.217656	-3.291579
-6.024669	-3.217038
-5.831050	-3.175029
-5.622271	-3.091012
-5.426441	-3.044897
-5.222398	-2.986780
-5.018041	-2.940665
-4.819052	-2.842434
-4.634277	-2.793793
-4.424550	-2.722726
-4.219244	-2.655448
-4.025310	-2.611229
-3.820004	-2.531949
-3.620384	-2.469094
-3.422028	-2.383498
-3.225882	-2.339910
-3.018365	-2.254629
-2.827273	-2.194932
-2.623547	-2.136184
-2.422348	-2.048692
-2.226834	-1.979520
-2.032268	-1.899293
-1.829173	-1.857284
-1.616919	-1.775162
-1.430565	-1.724941
-1.219890	-1.641871
-1.021217	-1.552168
-0.824440	-1.483944
-0.620398	-1.390451
-0.423936	-1.288114
-0.221157	-1.111551
-0.031013	-0.963100
0.187582	-0.730947
0.368906	-0.543645
0.579924	-0.348447
0.771673	-0.135561
0.970371	0.048589
1.177914	0.253920
1.370294	0.393230
1.580680	0.561286
1.758529	0.652896
1.982183	0.793154
2.172352	0.921723
2.375788	0.999433
2.580173	1.073353
2.773816	1.080934
2.977569	1.158644
3.159208	1.225298
3.381914	1.357026
3.567029	1.391775
3.781522	1.394618
3.980220	1.392091
4.172284	1.434105
4.382670	1.556988
4.564626	1.626169
4.787332	1.679239
4.968972	1.641648
5.186624	1.604372
5.371422	1.672922
5.571700	1.766426
5.777663	1.865618
5.971307	1.859300
6.182325	1.840346
6.369651	1.783485
6.587303	1.891837
6.769258	2.018195
6.981540	2.048837
7.170129	2.081374
7.373566	1.977129
7.580477	1.984078
7.774436	2.067791
7.977557	2.190674
8.163303	2.234583
8.374321	2.217841
8.573651	2.155925
8.772981	2.136024
8.985894	2.254169
9.168797	2.343567
9.379816	2.387161
9.567142	2.344831
9.780371	2.283231
9.968328	2.339144
9.774369	2.367575
9.573144	2.423488
9.370971	2.402639
9.172904	2.324929
8.971679	2.255116
8.779931	2.257328
8.570808	2.284495
8.378428	2.332511
8.168989	2.293024
7.973766	2.216261
7.779807	2.205837
7.573211	2.168877
7.378620	2.209311
7.171709	2.070002
6.977433	1.989448
6.773365	1.971758
6.579721	1.927849
6.381023	1.908579
6.184220	1.894364
5.974466	1.880149
5.769134	1.791066
5.578649	1.783485
5.364788	1.751579
5.178410	1.681135
4.977185	1.673237
4.773748	1.615429
4.571259	1.570887
4.369719	1.538350
4.170073	1.502970
3.978324	1.407885
3.778679	1.380403
3.575558	1.338704
3.374017	1.293216
3.175951	1.276789
2.976621	1.188022
2.777291	1.122000
2.571643	1.047449
2.383370	0.991220
2.170772	0.921723
1.978392	0.820952
1.778115	0.690172
1.568992	0.540753
1.373769	0.397969
1.171280	0.223910
0.979532	0.068806
0.767566	-0.150406
0.581820	-0.354132
0.373645	-0.529431
0.180317	-0.748319
-0.022801	-0.939727
-0.222737	-1.152613
-0.424568	-1.267268
-0.635559	-1.404980
-0.822229	-1.458044
-1.026587	-1.550589
-1.224311	-1.650715
-1.416667	-1.694303
-1.628921	-1.793797
-1.826962	-1.851283
-2.020265	-1.931194
-2.223044	-1.988048
-2.428349	-2.080277
-2.616282	-2.145975
-2.820640	-2.192722
-3.033842	-2.280845
-3.224618	-2.322222
-3.425186	-2.418558
-3.620384	-2.467831
-3.826321	-2.547742
-4.015834	-2.579959
-4.229983	-2.648184
-4.426445	-2.734096
-4.618169	-2.782106
-4.826949	-2.873704
-5.019620	-2.923609
-5.229032	-2.993729
-5.422334	-3.031315
-5.633325	-3.115017
-5.822522	-3.179135
-6.021511	-3.223671
-6.224289	-3.314321
-6.420119	-3.346538
-6.626688	-3.410341
-6.822518	-3.463404
-7.026244	-3.544579
-7.219863	-3.598274
-7.428958	-3.663656
-7.622893	-3.732828
-7.819039	-3.751148
-8.032872	-3.843378
-8.226175	-3.905917
-8.428954	-3.980458
-8.617204	-4.026258
-8.828510	-4.079005
-9.019602	-4.123540
-9.195533	-4.182605
-9.228066	-4.211664
-9.229329	-4.232194
-9.239437	-4.231247
-9.260283	-4.228088
-9.258389	-4.222403
-9.236594	-4.217033
-9.214169	-4.224298
-9.176898	-4.216086
-9.025919	-4.147230
-8.821877	-4.086270
-8.624784	-4.014571
-8.426427	-3.967508
-8.221437	-3.917603
-8.026871	-3.874015
-7.819986	-3.784629
-7.626368	-3.720194
-7.426747	-3.681028
-7.223337	-3.610909
-7.030982	-3.566689
-6.826624	-3.487093
-6.628583	-3.435293
-6.415065	-3.342116
-6.229975	-3.296317
-6.016457	-3.234410
-5.824417	-3.153235
-5.627324	-3.112490
-5.423282	-3.031000
-5.230927	-2.988675
-5.023410	-2.891392
-4.830423	-2.869282
-4.620064	-2.777684
-4.425498	-2.737571
-4.225562	-2.685771
-4.019624	-2.594805
-3.827269	-2.545215
-3.619752	-2.464672
-3.434662	-2.417294
-3.221144	-2.321590
-3.037632	-2.278634
-2.817798	-2.200934
-2.624179	-2.115021
-2.426454	-2.070170
-2.223991	-1.993101
-2.030688	-1.929299
-1.820013	-1.838964
-1.631764	-1.798535
-1.413824	-1.697462
-1.227470	-1.626710
-1.020585	-1.565750
-0.821913	-1.476048
-0.637770	-1.396136
-0.422673	-1.270110
-0.227790	-1.105866
-0.017747	-0.901508
0.167365	-0.750845
0.379647	-0.558174
0.577713	-0.332654
0.765039	-0.151985
0.978584	0.053327
1.173491	0.221067
1.381350	0.419134
1.567728	0.568236
1.782853	0.725552
1.967020	0.813055
2.180881	0.858228
2.380843	0.985218
2.572275	1.087568
2.775396	1.197183
2.969987	1.247095
3.180373	1.284686
3.365172	1.302692
3.579981	1.378507
3.773309	1.528873
3.972322	1.612901
4.175759	1.534559
4.372246	1.497916
4.579157	1.544668
4.770589	1.576258
4.986030	1.669763
5.175251	1.728519
5.375844	1.707986
5.580229	1.740207
5.773241	1.757581
5.982363	1.810968
6.173480	1.878253
6.381023	1.924058
6.578773	1.911738
6.773996	1.937642
6.973326	1.968284
7.173288	1.981551
7.379883	2.042519
7.576370	2.057682
7.782650	2.069370
7.963026	2.108541
8.177203	2.136656
8.367056	2.169193
8.574599	2.207416
8.782774	2.215629
8.976102	2.239953
9.176379	2.293024
9.373498	2.268068
9.577566	2.312925
9.768998	2.351464
9.981596	2.358730
9.773421	2.399164
9.572196	2.388108
9.373814	2.334090
9.172588	2.276597
8.975154	2.256064
8.768874	2.232056
8.578390	2.266173
8.368951	2.252589
8.174992	2.147712
7.971871	2.116438
7.776648	2.068738
7.578581	2.100960
7.368827	2.110121
7.187187	2.069686
6.964165	1.976813
6.773996	1.890257
6.574983	1.910159
6.375653	1.916793
6.178218	1.942696
5.972570	1.854877
5.781138	1.777483
5.567277	1.681135
5.379635	1.689664
5.172092	1.739891
4.977501	1.690612
4.779750	1.649229
4.574735	1.502654
4.377300	1.457797
4.165650	1.476119
3.983063	1.478646
3.773940	1.469801
3.572083	1.356395
3.368331	1.257203
3.169949	1.179493
2.971251	1.217401
2.776659	1.187391
2.581436	1.136532
2.371682	1.022809
2.177722	0.866757
1.973970	0.815266
1.765479	0.717339
1.571203	0.625413
1.371873	0.444089
1.181705	0.235283
0.973530	0.033742
0.782097	-0.138088
0.571079	-0.340550
0.367959	-0.578389
0.177790	-0.742317
-0.030697	-0.944780
-0.221789	-1.093548
-0.425831	-1.261582
-0.626399	-1.382555
-0.831704	-1.485839
-1.019638	-1.567330
-1.219890	-1.609022
-1.425195	-1.713254
-1.623236	-1.772951
