# Configuration automatically generated by WRITE_CONFIG()
connection eth
ip 192.168.0.10
samplehz 1000.000000
settleus 10.000000
nsample 128

# Analog Inputs
aichannel 0
ainegative 199
airange 10.000000
airesolution 0

aichannel 1
ainegative 199
airange 10.000000
airesolution 0

# Analog Outputs
aochannel 0
aosignal triangle
aofrequency 5.000000
aoamplitude 2.000000
aooffset 2.500000
aoduty 0.500000

# Meta Parameters
int:periods 10
flt:plate_Thigh_C 594.847718
flt:plate_Tlow_C 439.051676
flt:plate_Q_kW 0.952462
flt:plate_Tpeak_C 1322.581130
flt:cool_Thigh_C 73.401804
flt:cool_Tlow_C 20.861943
flt:air_psig 80.000000
flt:water_gph 0.700000
flt:cool_Q_kW 0.000000
flt:standoff_in 0.228000
flt:oxygen_scfh 12.949562
flt:fuel_scfh 7.113188
flt:flow_scfh 20.062750
flt:ratio_fto 0.549299

## End Configuration ##
#: Mon Jul 25 16:13:55 2016
-7.031613	-3.576796
-9.245122	-4.246408
-9.246070	-4.230299
-9.241648	-4.223666
-9.227750	-4.218928
-9.176266	-4.206610
-9.032236	-4.152915
-8.814297	-4.092903
-8.631733	-4.041734
-8.420110	-3.965297
-8.232177	-3.931501
-8.017712	-3.873699
-7.830726	-3.812424
-7.620050	-3.752411
-7.425168	-3.673764
-7.224285	-3.621016
-7.030982	-3.558793
-6.826940	-3.500675
-6.619107	-3.440031
-6.426436	-3.371807
-6.224289	-3.327903
-6.017720	-3.221144
-5.834209	-3.199034
-5.619428	-3.104594
-5.432442	-3.065744
-5.222083	-2.982990
-5.020883	-2.949509
-4.825054	-2.861386
-4.631751	-2.827589
-4.422023	-2.737255
-4.228088	-2.666188
-4.019940	-2.602069
-3.827585	-2.550269
-3.622595	-2.475727
-3.429924	-2.420137
-3.228724	-2.323485
-3.023103	-2.260946
-2.825694	-2.180087
-2.624811	-2.143132
-2.419821	-2.047113
-2.231256	-2.003840
-2.025319	-1.893607
-1.825699	-1.844018
-1.625447	-1.764423
-1.421721	-1.703779
-1.224627	-1.621341
-1.022796	-1.542061
-0.826966	-1.448884
-0.627031	-1.368973
-0.434675	-1.260319
-0.218315	-1.106182
-0.030381	-0.933725
0.191689	-0.685464
0.364800	-0.482053
0.579608	-0.293804
0.769145	-0.087551
0.978584	0.053643
1.176650	0.230544
1.381350	0.309518
1.571519	0.397337
1.774956	0.452303
1.967968	0.518641
2.176458	0.539490
2.376104	0.553389
2.576382	0.560339
2.774132	0.574238
2.976937	0.608671
3.169633	0.628572
3.379071	0.678799
3.572715	0.646262
3.781522	0.670586
3.966952	0.674061
4.177022	0.693015
4.367191	0.734713
4.581052	0.739135
4.770589	0.721129
4.987294	0.735345
5.176515	0.733449
5.377108	0.770409
5.572331	0.790626
5.779243	0.796628
5.970359	0.776095
6.181693	0.800419
6.374074	0.790626
6.583196	0.824111
6.770206	0.826007
6.977433	0.860439
7.168234	0.820636
7.382095	0.856017
7.575738	0.856333
7.777279	0.867389
7.970292	0.880656
8.174359	0.881920
8.371478	0.875286
8.576494	0.900242
8.778667	0.891397
8.977997	0.914141
9.167534	0.899610
9.378236	0.919196
9.573460	0.897715
9.771210	0.949522
9.973383	0.905612
9.771210	0.941308
9.567142	0.899294
9.379499	0.921407
9.164691	0.902769
8.983684	0.917932
8.767611	0.869916
8.579021	0.886027
8.374005	0.862335
8.178467	0.872443
7.974714	0.883815
7.778227	0.874023
7.577318	0.833272
7.375777	0.846540
7.177079	0.813687
6.968588	0.832325
6.783473	0.843381
6.574035	0.820005
6.379759	0.787152
6.171585	0.789995
5.976046	0.775147
5.776084	0.801051
5.570120	0.797892
5.375213	0.771673
5.181253	0.734713
4.973710	0.713232
4.777539	0.722077
4.566837	0.737872
4.377300	0.728395
4.171652	0.708809
3.983063	0.654160
3.773309	0.644367
3.585035	0.648158
3.368331	0.657003
3.182900	0.652580
2.969039	0.610566
2.782029	0.556864
2.575750	0.554021
2.372945	0.555284
2.176458	0.550862
1.970179	0.522431
1.774640	0.457673
1.565833	0.393230
1.371558	0.291196
1.181073	0.221067
0.965948	0.055854
0.781150	-0.091025
0.566025	-0.302648
0.381542	-0.475104
0.171472	-0.709469
-0.014589	-0.907194
-0.228422	-1.128923
-0.423304	-1.244526
-0.637454	-1.369289
-0.823492	-1.454254
-1.024691	-1.537955
-1.211046	-1.630816
-1.428038	-1.704726
-1.626710	-1.769161
-1.826646	-1.860127
-2.027530	-1.900556
-2.231888	-2.003209
-2.421400	-2.042375
-2.629233	-2.147238
-2.814955	-2.188931
-3.024051	-2.269474
-3.223987	-2.316221
-3.428976	-2.410029
-3.622911	-2.465620
-3.826953	-2.556586
-4.022783	-2.606491
-4.224930	-2.677558
-4.422971	-2.725252
-4.624802	-2.807059
-4.827580	-2.861070
-5.022147	-2.935296
-5.231558	-2.986464
-5.421387	-3.054057
-5.626060	-3.087222
-5.832630	-3.200613
-6.013299	-3.244201
-6.229027	-3.345275
-6.421698	-3.375913
-6.622898	-3.452350
-6.829151	-3.494674
-7.026560	-3.581218
-7.226811	-3.647548
-7.423273	-3.711982
-7.625420	-3.757781
-7.821250	-3.809897
-8.032557	-3.872436
-8.219543	-3.932133
-8.432744	-4.022151
-8.615624	-4.061633
-8.837038	-4.108696
-9.018970	-4.167444
-9.182583	-4.210401
-9.208798	-4.228720
-9.220486	-4.245776
-9.226171	-4.247671
-9.252071	-4.236617
-9.248596	-4.226193
-9.244806	-4.223666
-9.206903	-4.230931
-9.176266	-4.233142
-9.024024	-4.186396
-8.827562	-4.110275
-8.618466	-4.031627
-8.434008	-3.991197
-8.215753	-3.928658
-8.029714	-3.910023
-7.817460	-3.824426
-7.633317	-3.754622
-7.421062	-3.689240
-7.230602	-3.617857
-7.024033	-3.570479
-6.827571	-3.505729
-6.621950	-3.421080
-6.421067	-3.353487
-6.219867	-3.280841
-6.026248	-3.245149
-5.821575	-3.164290
-5.631746	-3.131757
-5.416965	-3.034790
-5.222398	-2.994676
-5.022147	-2.902763
-4.827580	-2.886654
-4.621643	-2.797899
-4.434025	-2.757785
-4.215138	-2.670294
-4.024046	-2.614703
-3.823163	-2.543004
-3.627649	-2.477938
-3.428344	-2.411293
-3.225882	-2.346859
-3.024683	-2.270106
-2.823167	-2.204408
-2.622600	-2.131130
-2.422348	-2.077119
-2.221148	-1.998155
-2.024055	-1.946039
-1.827594	-1.840544
-1.624815	-1.783058
-1.426143	-1.694619
-1.225575	-1.638081
-1.017427	-1.537639
-0.833915	-1.480154
-0.622293	-1.371500
-0.422988	-1.272321
-0.227475	-1.087546
-0.019010	-0.891717
0.169892	-0.684516
0.378067	-0.497530
0.575818	-0.300753
0.773568	-0.118189
0.978584	0.080494
1.170016	0.193900
1.374717	0.325629
1.579732	0.408077
1.769585	0.491158
1.978708	0.522431
2.171404	0.539174
2.373577	0.514850
2.576698	0.558443
2.781398	0.594455
2.973778	0.639313
3.175003	0.656055
3.373069	0.636785
3.581560	0.632363
3.769834	0.646894
3.986538	0.716391
4.171968	0.742294
4.378248	0.738188
4.569048	0.713864
4.780066	0.691751
4.970867	0.716075
5.179674	0.792522
5.360682	0.801051
5.574227	0.787152
5.773241	0.769461
5.972255	0.737556
6.171268	0.788731
6.377548	0.849067
6.575298	0.846856
6.773681	0.847488
6.970483	0.800419
7.179606	0.814634
7.371038	0.834220
7.585847	0.898978
7.773489	0.890133
7.978189	0.889186
8.173728	0.834536
8.376217	0.856964
8.571756	0.874339
8.782142	0.938781
8.966941	0.926461
9.173852	0.916037
9.370971	0.873707
9.577882	0.892976
9.769315	0.915089
9.970856	0.975425
9.771842	0.945099
9.577566	0.923934
9.367812	0.868021
9.180170	0.904980
8.973575	0.909403
8.786565	0.928988
8.566385	0.893292
8.373374	0.876866
8.171201	0.840854
7.973135	0.854121
7.778543	0.862966
7.578266	0.884763
7.369775	0.851278
7.170129	0.826954
6.974274	0.819057
6.771785	0.813687
6.585723	0.820320
6.369967	0.837379
6.180746	0.789679
5.977625	0.799156
5.769766	0.753667
5.579597	0.784308
5.368263	0.762196
5.178094	0.784624
4.977817	0.727131
4.773117	0.731554
4.572207	0.704703
4.373193	0.696174
4.175127	0.690172
3.979904	0.675956
3.779310	0.652896
3.567345	0.648789
3.383494	0.647210
3.168685	0.610250
2.973778	0.607407
2.772868	0.593508
2.577645	0.557496
2.377368	0.564761
2.176458	0.526222
1.970179	0.505373
1.779062	0.463043
1.572783	0.398916
1.381034	0.329104
1.170016	0.204641
0.976689	0.066279
0.767250	-0.111872
0.579608	-0.285276
0.368275	-0.502900
0.188846	-0.697782
-0.028486	-0.925513
-0.215472	-1.073333
-0.433412	-1.256845
-0.615976	-1.373395
-0.831073	-1.461202
-1.018690	-1.558486
-1.223364	-1.627342
-1.423616	-1.711359
-1.627342	-1.786848
-1.825067	-1.859495
-2.026898	-1.929931
-2.224939	-1.993101
-2.423611	-2.075224
-2.620389	-2.133341
-2.832959	-2.223044
-3.031631	-2.260630
-3.233778	-2.350017
-3.430240	-2.381287
-3.624806	-2.482044
-3.824742	-2.519315
-4.032259	-2.618178
-4.220192	-2.663345
-4.428972	-2.740413
-4.623854	-2.789371
-4.825054	-2.865808
-5.019936	-2.926136
-5.223662	-2.987412
-5.425809	-3.044897
-5.626692	-3.131757
-5.821890	-3.171871
-6.024985	-3.263469
-6.219867	-3.299792
-6.424541	-3.371491
-6.624161	-3.401813
-6.827571	-3.482671
-7.026244	-3.521206
-7.228707	-3.599854
-7.418851	-3.648495
-7.623209	-3.729354
-7.826303	-3.790630
-8.024029	-3.874963
-8.230597	-3.940977
-8.416951	-3.998778
-8.629206	-4.060054
-8.816192	-4.094166
-9.027183	-4.160811
-9.171212	-4.222403
-9.203429	-4.236300
-9.218274	-4.241670
-9.246386	-4.234721
-9.253651	-4.229668
-9.244806	-4.235985
-9.223329	-4.238827
-9.203114	-4.237880
-9.175319	-4.230299
-9.022760	-4.166812
-8.821561	-4.109327
-8.622257	-4.060369
-8.423901	-4.008254
-8.235020	-3.964034
-8.023712	-3.865171
-7.831989	-3.809897
-7.610259	-3.740409
-7.422326	-3.691767
-7.223969	-3.646600
-7.032877	-3.569532
-6.823465	-3.486462
-6.629215	-3.416026
-6.425488	-3.338326
-6.228395	-3.302950
-6.018352	-3.239148
-5.831366	-3.171239
-5.626060	-3.107436
-5.428020	-3.048056
-5.219556	-2.974462
-5.027832	-2.946351
-4.816841	-2.865808
-4.632382	-2.832643
-4.424550	-2.724305
-4.232826	-2.669978
-4.020888	-2.602701
-3.829480	-2.546479
-3.615962	-2.485519
-3.433082	-2.419189
-3.228093	-2.327591
-3.028157	-2.264105
-2.824115	-2.192090
-2.629233	-2.137131
-2.420137	-2.061958
-2.228097	-1.998155
-2.031004	-1.900556
-1.820961	-1.858863
-1.629237	-1.765054
-1.423300	-1.716413
-1.217994	-1.616287
-1.029429	-1.568277
-0.816227	-1.447305
-0.634927	-1.388556
-0.420462	-1.235051
-0.223053	-1.107761
-0.018379	-0.896454
0.179369	-0.710416
0.374592	-0.486159
0.574554	-0.295699
0.776095	-0.092289
0.972582	0.070385
1.175387	0.228649
1.380087	0.323417
1.567412	0.411236
1.780642	0.464938
1.973022	0.498423
2.172984	0.518641
2.379579	0.555284
2.572907	0.572343
2.783925	0.614673
2.970935	0.610250
3.173424	0.621307
3.376860	0.631415
3.572715	0.639628
3.782470	0.681643
3.978009	0.708809
4.177022	0.690488
4.368455	0.709125
4.578209	0.711968
4.769958	0.722709
4.984135	0.769145
5.171776	0.761880
5.385637	0.751455
5.573911	0.764407
5.776400	0.749876
5.984259	0.792838
6.174428	0.818425
6.377864	0.847172
6.577826	0.813055
6.770206	0.799471
6.974274	0.813055
7.171077	0.841486
7.383042	0.897399
7.571316	0.889502
7.784545	0.868021
7.966185	0.818109
8.177519	0.856648
8.365477	0.873707
8.581233	0.949838
8.768243	0.909403
8.983999	0.892660
9.167850	0.852226
9.377604	0.885079
9.571248	0.950785
9.780686	0.974793
9.971487	0.958683
9.770262	0.913194
9.565562	0.848751
9.377289	0.891081
9.165955	0.928041
8.985579	0.953944
8.766664	0.909403
8.580916	0.880025
8.370214	0.813687
8.177203	0.864546
7.967133	0.883500
7.778859	0.904980
7.574159	0.871180
7.378304	0.822848
7.177079	0.770725
6.970168	0.823164
6.776840	0.853805
6.570560	0.849067
6.379444	0.811160
6.165898	0.789363
5.972255	0.736608
5.781138	0.801683
5.567909	0.788415
5.370790	0.818741
5.175567	0.751139
4.974974	0.732502
4.777539	0.692383
4.573787	0.735977
4.367191	0.732186
4.174180	0.719866
3.980220	0.679115
3.779626	0.650053
3.578401	0.632995
3.370858	0.641524
3.176267	0.661425
2.966512	0.628572
2.783609	0.590665
2.573854	0.558759
2.373893	0.527486
2.167297	0.548335
1.978392	0.514850
1.770533	0.480101
1.581628	0.401128
1.369662	0.312045
1.179809	0.197691
0.977004	0.060277
0.782097	-0.123242
0.572343	-0.296962
0.374592	-0.502900
0.174947	-0.711048
-0.014904	-0.896770
-0.229685	-1.109972
-0.417619	-1.248001
-0.628610	-1.378764
-0.825387	-1.463729
-1.024060	-1.535428
-1.223364	-1.629869
-1.427090	-1.702515
-1.618814	-1.789375
-1.825383	-1.860127
-2.026582	-1.923613
-2.231256	-2.001314
-2.423927	-2.066696
-2.627653	-2.160188
-2.817482	-2.215147
-3.023735	-2.300428
-3.224303	-2.328855
-3.430240	-2.430244
-3.619121	-2.455197
-3.829480	-2.566693
-4.014571	-2.602385
-4.235669	-2.672189
-4.420444	-2.729043
-4.634593	-2.801373
-4.815894	-2.861701
-5.023410	-2.946666
-5.217029	-3.005100
-5.425809	-3.067323
-5.626692	-3.129546
-5.829471	-3.196507
-6.024985	-3.253993
-6.223341	-3.341485
-6.429595	-3.377808
-6.624477	-3.452034
-6.828519	-3.494674
-7.024664	-3.582482
-7.217968	-3.625438
-7.431485	-3.719878
-7.617839	-3.741041
-7.825988	-3.805475
-8.018974	-3.867067
-8.229650	-3.952663
-8.430533	-4.004463
-8.620046	-4.067634
-8.825667	-4.112170
-9.024024	-4.177236
-9.175950	-4.216086
-9.216695	-4.233142
-9.226803	-4.242302
-9.229961	-4.245776
-9.244175	-4.250514
-9.231856	-4.244197
-9.224591	-4.240091
-9.206272	-4.239143
-9.170581	-4.227141
-9.027814	-4.181973
-8.823457	-4.111854
-8.620678	-4.052157
-8.431165	-3.993093
-8.223965	-3.930869
-8.034451	-3.876542
-7.820934	-3.794736
-7.630474	-3.738514
-7.411586	-3.678817
-7.230917	-3.615962
-7.016768	-3.558161
-6.838626	-3.488357
-6.616580	-3.405287
-6.440334	-3.351276
-6.215445	-3.290000
-6.025932	-3.206615
-5.826944	-3.167765
-5.627324	-3.088485
-5.417597	-3.052478
-5.226189	-2.990254
-5.024358	-2.928031
-4.823790	-2.875283
-4.627645	-2.794740
-4.430867	-2.732201
-4.217981	-2.662713
-4.035733	-2.606175
-3.815266	-2.541425
-3.633966	-2.488361
-3.422343	-2.390446
-3.233462	-2.339278
-3.019945	-2.255261
-2.827589	-2.212936
-2.617230	-2.137763
-2.424559	-2.061642
-2.227782	-1.981415
-2.026266	-1.913822
-1.827594	-1.837069
-1.621657	-1.788112
-1.423932	-1.696198
-1.222732	-1.644714
-1.013952	-1.522794
-0.834547	-1.470046
-0.609027	-1.368025
-0.428990	-1.272006
-0.219894	-1.091021
-0.030381	-0.911615
0.184424	-0.682621
0.364800	-0.495635
0.578029	-0.295699
0.770725	-0.101133
0.975741	0.078915
1.177598	0.203693
1.376296	0.320890
1.579732	0.400180
1.767374	0.476311
1.980919	0.509796
2.167613	0.544544
2.378631	0.523695
2.581120	0.580556
2.775396	0.562866
2.973462	0.638997
3.177846	0.624150
3.374017	0.648789
3.579033	0.637733
3.773309	0.680063
3.979272	0.671218
4.174811	0.711021
4.369719	0.734713
4.572523	0.727763
4.779119	0.734081
4.972763	0.741663
5.181253	0.748612
5.362261	0.764723
5.574859	0.771989
5.776400	0.777359
5.972570	0.781465
6.176323	0.806737
6.382918	0.793469
6.577510	0.826322
6.778735	0.833588
6.971431	0.820636
7.177079	0.856648
7.375145	0.850962
7.581425	0.851594
7.774121	0.868652
7.980716	0.872127
8.167410	0.864862
8.386326	0.911614
8.563542	0.874023
8.781510	0.872443
8.969152	0.897083
9.172588	0.878761
9.366232	0.922039
9.574091	0.937202
9.767735	0.928988
9.979069	0.928041
9.769946	0.924250
9.575039	0.909719
9.370338	0.928041
9.176064	0.941624
8.972311	0.889502
8.781826	0.891397
8.572388	0.857280
8.377796	0.887606
8.167094	0.884131
7.968396	0.907192
7.769066	0.837063
7.587111	0.832640
7.372302	0.817477
7.180870	0.834536
6.971747	0.853174
6.777787	0.848119
6.575930	0.799471
6.378180	0.790310
6.176007	0.771989
5.978257	0.816530
5.773241	0.802946
5.576122	0.809896
5.367631	0.743242
5.178410	0.730922
4.980344	0.704071
4.775012	0.765671
4.573155	0.749244
4.377616	0.747665
4.173548	0.667743
3.979272	0.645630
3.775520	0.653844
3.571136	0.667427
3.379387	0.669007
3.169633	0.637417
2.976937	0.602037
2.774132	0.561286
2.576382	0.551810
2.377052	0.585926
2.179933	0.540121
1.973338	0.520536
1.776535	0.446932
1.563306	0.390387
1.381982	0.308570
1.175387	0.223279
0.974793	0.062488
0.782413	-0.101133
0.568236	-0.300121
0.369854	-0.485528
0.183792	-0.699361
-0.025012	-0.928040
-0.219894	-1.104918
-0.427410	-1.259055
-0.624188	-1.361392
-0.831704	-1.451411
-1.020585	-1.541430
-1.228418	-1.625447
-1.414140	-1.705990
-1.633027	-1.778636
-1.817486	-1.832647
-2.031952	-1.921718
-2.217990	-1.996892
-2.428033	-2.066380
-2.622916	-2.138079
-2.827905	-2.190195
-3.018997	-2.248628
-3.230620	-2.327907
-3.417921	-2.393605
-3.625122	-2.487098
-3.814635	-2.529423
-4.035101	-2.615335
-4.217033	-2.658607
-4.430551	-2.718619
-4.621011	-2.802005
-4.826949	-2.880969
-5.011724	-2.931821
-5.231243	-3.000993
-5.421703	-3.063217
-5.624481	-3.134600
-5.826313	-3.199666
-6.027512	-3.277682
-6.214182	-3.318427
-6.421067	-3.380335
-6.622898	-3.418869
-6.826624	-3.504150
-7.029402	-3.554371
-7.232181	-3.644389
-7.415061	-3.661761
-7.631737	-3.736619
-7.813037	-3.775785
-8.030977	-3.881912
-8.222069	-3.927395
-8.429901	-4.024994
-8.620046	-4.050894
-8.828826	-4.113749
-9.020550	-4.164602
-9.179740	-4.221139
-9.197112	-4.242302
-9.207220	-4.249250
-9.239437	-4.248619
-9.241332	-4.244513
-9.237541	-4.241354
-9.223644	-4.243249
-9.198691	-4.243249
-9.172791	-4.228088
-9.022129	-4.153231
-8.827247	-4.115644
-8.623521	-4.040787
-8.426427	-4.000673
-8.229650	-3.946030
-8.022133	-3.872752
-7.830410	-3.795999
-7.620366	-3.734408
-7.424852	-3.667131
-7.223653	-3.628596
-7.027823	-3.560372
-6.814621	-3.491831
-6.632373	-3.430871
-6.415697	-3.358225
-6.226500	-3.303582
-6.019931	-3.259994
-5.824733	-3.168080
-5.623850	-3.121650
-5.425809	-3.042686
-5.222398	-2.998151
-5.019304	-2.938454
-4.819368	-2.885706
-4.627645	-2.819693
-4.422655	-2.732517
-4.229036	-2.683244
-4.018361	-2.606175
-3.827585	-2.556902
-3.618805	-2.475096
-3.440347	-2.419821
-3.218617	-2.315273
-3.033211	-2.274528
-2.814323	-2.182930
-2.622284	-2.124813
-2.418242	-2.063853
-2.229676	-1.982678
-2.026266	-1.908453
-1.828541	-1.837385
-1.621025	-1.754315
-1.424879	-1.703779
-1.223048	-1.617866
-1.028798	-1.550905
-0.822860	-1.465624
-0.631768	-1.390135
-0.423304	-1.259687
-0.226527	-1.098286
-0.023432	-0.873397
0.174947	-0.712627
0.382490	-0.497846
0.568552	-0.308333
0.779886	-0.097027
0.968791	0.064067
1.184864	0.198323
1.378507	0.315204
1.567412	0.428295
1.770849	0.482313
1.970179	0.514850
2.173300	0.499371
2.378000	0.538858
2.570696	0.557180
2.785820	0.637417
2.968092	0.616884
3.177214	0.657003
3.370858	0.606775
3.577769	0.648789
3.772361	0.669007
3.983379	0.728395
4.168809	0.729659
4.378248	0.723972
4.572523	0.693015
4.772485	0.704387
4.982871	0.760616
5.175883	0.784624
5.379635	0.796944
5.565382	0.777675
5.771029	0.732502
5.979836	0.777675
6.176323	0.807685
6.371862	0.859491
6.581932	0.843065
6.768942	0.823164
6.979012	0.813055
7.175183	0.835168
7.380515	0.867073
7.577318	0.907508
7.782018	0.882552
7.973451	0.856648
8.179414	0.851278
8.370847	0.872443
8.582497	0.923302
8.767295	0.920459
8.979893	0.902453
9.170061	0.891081
9.373498	0.869600
9.567457	0.915721
9.776896	0.936886
9.971171	0.955208
9.775632	0.924566
9.570617	0.904980
9.376341	0.904349
9.170061	0.910982
8.977997	0.926777
8.769822	0.917616
8.578390	0.897083
8.368951	0.856648
8.174359	0.887290
7.969028	0.839590
7.786440	0.888238
7.565630	0.849699
7.383042	0.832325
7.169813	0.842117
6.980592	0.837379
6.767679	0.805473
6.584459	0.832325
6.381023	0.803578
6.178850	0.800419
5.974782	0.800103
5.776716	0.787467
5.570120	0.766302
5.373002	0.777991
5.175883	0.737240
4.969287	0.751771
4.778803	0.729027
4.573787	0.730922
4.370350	0.686697
4.183024	0.694278
3.969795	0.661741
3.775204	0.682274
3.573663	0.656687
3.377492	0.646578
3.174687	0.616252
2.972514	0.616568
2.776343	0.579924
2.580488	0.590349
2.373261	0.563498
2.181829	0.534751
1.970495	0.481997
1.773060	0.466202
1.577205	0.398916
1.368083	0.333842
1.176018	0.198007
0.982691	0.071649
0.773252	-0.117557
0.577397	-0.295067
0.368590	-0.513007
0.177158	-0.718944
-0.022169	-0.920144
-0.229054	-1.086915
-0.426147	-1.240104
-0.630189	-1.373711
-0.821913	-1.470678
-1.029429	-1.539534
-1.213888	-1.648820
-1.434671	-1.714518
-1.615024	-1.779584
-1.832332	-1.860443
-2.018370	-1.914770
-2.231572	-1.987416
-2.421084	-2.085331
-2.621336	-2.130498
-2.834854	-2.215779
-3.027841	-2.258419
-3.222092	-2.337383
-3.431503	-2.396764
-3.622279	-2.458039
-3.828532	-2.529738
-4.018677	-2.582802
-4.230299	-2.660502
-4.423286	-2.724936
-4.634277	-2.791898
-4.816841	-2.845593
-5.031306	-2.915081
-5.216082	-2.965302
-5.431494	-3.058795
-5.622902	-3.117544
-5.829155	-3.185768
-6.018352	-3.260310
-6.231554	-3.307372
-6.423594	-3.362647
-6.623213	-3.447296
-6.826308	-3.493095
-7.025296	-3.576796
-7.221442	-3.611224
-7.431801	-3.691767
-7.614997	-3.734724
-7.836095	-3.819373
-8.016132	-3.875911
-8.231544	-3.956453
-8.424532	-3.985512
-8.623204	-4.054368
-8.818719	-4.094166
-9.022760	-4.172182
-9.173423	-4.218297
-9.220486	-4.223982
-9.250175	-4.220508
-9.262810	-4.209769
-9.275444	-4.215138
-9.252071	-4.223351
-9.236910	-4.227457
-9.216063	-4.228088
-9.183846	-4.203136
-9.033815	-4.165865
-8.815560	-4.086586
-8.625099	-4.071424
-8.428638	-3.992461
-8.224280	-3.951400
-8.021817	-3.849694
-7.826935	-3.814003
-7.615944	-3.742936
-7.430538	-3.711035
-7.227443	-3.643757
-7.028771	-3.574269
-6.830414	-3.489305
-6.623529	-3.417921
-6.429595	-3.365489
-6.216393	-3.320006
-6.022774	-3.236937
-5.828207	-3.184505
-5.628587	-3.089749
-5.428651	-3.051846
-5.225873	-2.983305
-5.018988	-2.935296
-4.822526	-2.868335
-4.626381	-2.796635
-4.426445	-2.718935
-4.221771	-2.656396
-4.032259	-2.596068
-3.814003	-2.547426
-3.630491	-2.477307
-3.422028	-2.385077
-3.231251	-2.331697
-3.014891	-2.244522
-2.831695	-2.195564
-2.616914	-2.138079
-2.422032	-2.050587
-2.228413	-2.005420
-2.028793	-1.909400
-1.820329	-1.855389
-1.628289	-1.785269
-1.419825	-1.717045
-1.219890	-1.635554
-1.020585	-1.553748
-0.829177	-1.471626
-0.620713	-1.372447
-0.432148	-1.262846
-0.221789	-1.089126
-0.024696	-0.918248
0.184108	-0.696519
0.366695	-0.521219
0.582136	-0.278327
0.767566	-0.095447
0.986165	0.071649
1.170964	0.214749
1.385141	0.338580
1.570256	0.403655
1.769585	0.460516
1.967968	0.490210
2.179302	0.530329
2.375788	0.541385
2.584595	0.591928
2.770025	0.588769
2.977569	0.608671
3.168369	0.596351
3.374017	0.647526
3.573347	0.662057
3.784365	0.708178
3.973270	0.693015
4.177970	0.696805
4.376984	0.693647
4.571891	0.712916
4.777223	0.757141
4.974342	0.788099
5.182833	0.769145
5.369527	0.764723
5.576438	0.743242
5.776084	0.785888
5.971623	0.809580
6.177587	0.859176
6.373442	0.797260
6.573719	0.807369
6.771785	0.784940
6.973958	0.854753
7.172340	0.868337
7.381147	0.924882
7.575107	0.869916
7.781702	0.829481
7.970292	0.831061
8.174044	0.899294
8.371162	0.934990
8.571124	0.924250
8.779614	0.914457
8.971995	0.853805
9.174168	0.858544
9.371919	0.949838
9.581357	0.957735
9.773737	0.971002
9.983175	0.935622
9.764576	0.868021
9.580409	0.882868
9.369707	0.943520
9.170693	0.959946
8.973890	0.945731
8.777719	0.890765
8.575231	0.838642
8.377796	0.868021
8.164251	0.897715
7.978505	0.925198
7.770962	0.892660
7.584899	0.850962
7.371986	0.806421
7.180238	0.811475
6.968904	0.863914
6.783473	0.864230
6.570876	0.829166
6.382287	0.793154
6.172216	0.765671
5.973834	0.785256
5.772609	0.812739
5.578333	0.816214
5.367631	0.772620
5.177463	0.742926
4.976237	0.707230
4.773748	0.735345
4.571259	0.724288
4.379827	0.746401
4.164071	0.684170
3.981168	0.666164
3.768254	0.645946
3.588510	0.671534
3.369278	0.643103
3.181321	0.661741
2.968724	0.598246
2.788031	0.581820
2.570064	0.561602
2.376736	0.560971
2.174879	0.542649
1.968284	0.521800
1.772113	0.452934
1.566149	0.400496
1.380403	0.305727
1.183600	0.216329
0.974161	0.053327
0.772304	-0.099869
0.564445	-0.302332
0.367327	-0.501005
0.171472	-0.719260
-0.023748	-0.911931
-0.220526	-1.119448
-0.424568	-1.254318
-0.632400	-1.379396
-0.826651	-1.446357
-1.019638	-1.556275
-1.220521	-1.625131
-1.422668	-1.716413
-1.631448	-1.780216
-1.824435	-1.855073
-2.034163	-1.922034
-2.225886	-2.021213
-2.418874	-2.073960
-2.631128	-2.175034
-2.821904	-2.199039
-3.030368	-2.289689
-3.224934	-2.338331
-3.426134	-2.418242
-3.623859	-2.481413
-3.823163	-2.549321
-4.029416	-2.611545
-4.222403	-2.672821
-4.435605	-2.728095
-4.621327	-2.802005
-4.830423	-2.883811
-5.014250	-2.934032
-5.238191	-3.009521
-5.410332	-3.059427
-5.638063	-3.115017
-5.827260	-3.212300
-6.019931	-3.253045
-6.219867	-3.328219
-6.427068	-3.356961
-6.616580	-3.431187
-6.829466	-3.492779
-7.024981	-3.551528
-7.229654	-3.630807
-7.417903	-3.675343
-7.626052	-3.730302
-7.817144	-3.786524
-8.025924	-3.865171
-8.225227	-3.931185
-8.438745	-4.010149
-8.616887	-4.043629
-8.827562	-4.122277
-9.018338	-4.180079
-9.178161	-4.226193
-9.208483	-4.232510
-9.231541	-4.230931
-9.252387	-4.233142
-9.261863	-4.229983
-9.246070	-4.227141
-9.235646	-4.229036
-9.214800	-4.221456
-9.188584	-4.208821
-9.020234	-4.153862
-8.831037	-4.119434
-8.615308	-4.039207
-8.434323	-4.017097
-8.231229	-3.911286
-8.030346	-3.880332
-7.818091	-3.790314
-7.626368	-3.737250
-7.421694	-3.691452
-7.231865	-3.631439
-7.027192	-3.559424
-6.827571	-3.497201
-6.629215	-3.432451
-6.419171	-3.371175
-6.224289	-3.302003
-6.013930	-3.249571
-5.823470	-3.149129
-5.632378	-3.109016
-5.423913	-3.021208
-5.225557	-2.997835
-5.026253	-2.908764
-4.814946	-2.864544
-4.629855	-2.785897
-4.428656	-2.751153
-4.222087	-2.669978
-4.028152	-2.623863
-3.824742	-2.540162
-3.622279	-2.482360
-3.426450	-2.404660
-3.224303	-2.342437
-3.029736	-2.278002
-2.820640	-2.207883
-2.622916	-2.119759
-2.427086	-2.060063
-2.219253	-1.962148
-2.023423	-1.926140
-1.821277	-1.846861
-1.626710	-1.785269
-1.428354	-1.702831
-1.220837	-1.623552
-1.022796	-1.543956
-0.824440	-1.475100
-0.627978	-1.389188
-0.417935	-1.258740
-0.229685	-1.101760
-0.014589	-0.881925
0.171788	-0.711048
0.382490	-0.488055
0.565709	-0.290961
0.781781	-0.112503
0.971002	0.082705
1.181073	0.193269
1.372505	0.324997
1.578469	0.409025
1.775587	0.471572
1.978708	0.509164
2.174563	0.521484
2.378315	0.542017
2.576698	0.569500
2.781082	0.600457
2.968092	0.627309
3.176267	0.641208
3.373701	0.612146
3.571767	0.665216
3.776467	0.653528
3.980852	0.705019
4.165334	0.713864
4.381407	0.718286
4.568417	0.717970
4.782909	0.744822
4.970551	0.724920
5.176515	0.764723
5.370474	0.767882
5.578018	0.778938
5.772609	0.775147
5.980152	0.812423
6.169373	0.778938
6.378496	0.829481
6.586355	0.797892
6.777472	0.825691
6.973642	0.822532
7.178342	0.856964
7.370407	0.821268
7.584268	0.856333
7.778543	0.839590
7.978189	0.869600
8.167410	0.884131
8.370214	0.883500
8.576494	0.871180
8.774244	0.881288
8.981472	0.876234
9.171640	0.922986
9.366864	0.912878
9.575670	0.919512
9.769946	0.901506
9.966433	0.917932
9.779739	0.900874
9.571880	0.940361
9.372550	0.921091
9.177643	0.916037
8.972311	0.861703
8.780878	0.879709
8.572072	0.869284
8.375901	0.906876
8.182257	0.902137
7.968712	0.858860
7.782966	0.824111
7.572579	0.820952
7.379568	0.831693
7.172024	0.874970
6.983119	0.848435
6.768626	0.816846
6.580353	0.789995
6.374074	0.774200
6.180746	0.805789
5.968464	0.826954
5.773557	0.808001
5.571383	0.781465
5.375213	0.719866
5.177463	0.717655
4.981291	0.762512
4.771853	0.755562
4.577578	0.746401
4.366560	0.687645
4.175443	0.645630
3.966636	0.657319
3.781838	0.687960
3.574610	0.690803
3.385389	0.669639
3.169001	0.612777
2.980412	0.570447
2.776659	0.573606
2.581120	0.587506
2.370734	0.578345
2.173931	0.546124
1.970495	0.490842
1.773376	0.437771
1.569308	0.385333
1.375032	0.340792
1.175387	0.200534
0.987745	0.083653
0.767250	-0.125769
0.577397	-0.284960
0.359114	-0.522483
0.185055	-0.713891
-0.025328	-0.950150
-0.222737	-1.084704
-0.428358	-1.251475
-0.621661	-1.348758
-0.830757	-1.469415
-1.021849	-1.551537
-1.223680	-1.637449
-1.422352	-1.701252
-1.621972	-1.780847
-1.827910	-1.842439
-2.018370	-1.939090
-2.227150	-1.997208
-2.423927	-2.092280
-2.624495	-2.122602
-2.834538	-2.208830
-3.020576	-2.248628
-3.226514	-2.353176
-3.424554	-2.400554
-3.625438	-2.475411
-3.822531	-2.513946
-4.026889	-2.584065
-4.226825	-2.645973
-4.422655	-2.730938
-4.629224	-2.798531
-4.816209	-2.869914
-5.024673	-2.933085
-5.216713	-2.988991
-5.436232	-3.067639
-5.626377	-3.151024
-5.828207	-3.190190
-6.028460	-3.286210
-6.220499	-3.306741
-6.422646	-3.394548
-6.624161	-3.435925
-6.825360	-3.518679
-7.026875	-3.584061
-7.223022	-3.642494
-7.425168	-3.682923
-7.614681	-3.741041
-7.831041	-3.802632
-8.021502	-3.878753
-8.234072	-3.961507
-8.423584	-4.007622
-8.630154	-4.073951
-8.815560	-4.103958
-9.031288	-4.175025
-9.160473	-4.237564
-9.193638	-4.250514
-9.228698	-4.240407
-9.252071	-4.227773
-9.250175	-4.232826
-9.242911	-4.235669
-9.219853	-4.240407
-9.210378	-4.233142
-9.181636	-4.211348
-9.035710	-4.165865
-8.819982	-4.101431
-8.623204	-4.070793
-8.420742	-4.001936
-8.228703	-3.959928
-8.021817	-3.870541
-7.831357	-3.822215
-7.620050	-3.748305
-7.422641	-3.692399
-7.227443	-3.633650
-7.029718	-3.570163
-6.819991	-3.484883
-6.625424	-3.433082
-6.428331	-3.366121
-6.221447	-3.315900
-6.025932	-3.240095
-5.832630	-3.207246
-5.621639	-3.088801
-5.433705	-3.067639
-5.219872	-2.974462
-5.025621	-2.949193
-4.821263	-2.848752
-4.631434	-2.815587
-4.413811	-2.732201
-4.230615	-2.685771
-4.019624	-2.608070
-3.829480	-2.543952
-3.621016	-2.466568
-3.427397	-2.406871
-3.228724	-2.337067
-3.024051	-2.277686
-2.826010	-2.203145
-2.624179	-2.144396
-2.417610	-2.048376
-2.225255	-2.001314
-2.023108	-1.905926
-1.823172	-1.857284
-1.631448	-1.770108
-1.423300	-1.698409
-1.226838	-1.605864
-1.025955	-1.561960
-0.829177	-1.464361
-0.628610	-1.392662
-0.422988	-1.237577
-0.219894	-1.065121
-0.026275	-0.890769
0.181896	-0.706626
0.367011	-0.510480
0.579608	-0.295699
0.771041	-0.089130
0.970371	0.039428
1.175703	0.221067
1.378507	0.329104
1.571203	0.429558
1.774640	0.476311
1.974285	0.481997
2.181829	0.484524
2.375472	0.542649
2.577013	0.591296
2.773816	0.613409
2.977569	0.623518
3.168685	0.597614
3.378755	0.627309
3.570188	0.638997
3.785312	0.715759
3.969479	0.704071
4.183024	0.700912
4.368455	0.688276
4.577578	0.686697
4.769958	0.735345
4.982239	0.780834
5.170513	0.777359
5.378372	0.765671
5.566645	0.743242
5.772925	0.761880
5.975098	0.798524
6.178218	0.835799
6.374389	0.835483
6.579089	0.827902
6.771153	0.808001
6.976170	0.836431
7.171392	0.842433
7.382095	0.891081
7.571000	0.870232
7.782334	0.848751
7.968712	0.845276
8.175307	0.877497
8.371162	0.877813
8.570808	0.918880
8.775508	0.889817
8.979893	0.898347
9.170061	0.877497
9.380132	0.904033
9.570932	0.898347
9.770262	0.958367
9.974962	0.910667
9.774685	0.928357
9.571564	0.898978
9.377604	0.931516
9.166903	0.906244
8.984947	0.938149
8.772665	0.889817
8.577758	0.895504
8.371795	0.882552
8.177203	0.875602
7.975977	0.876550
7.778227	0.872127
7.572896	0.848751
7.374513	0.857596
7.172972	0.832956
6.969851	0.835168
6.784105	0.826322
6.572772	0.821268
6.388605	0.802946
6.173480	0.821584
5.975729	0.780202
5.779243	0.782729
5.571700	0.764091
5.378056	0.769461
5.176199	0.751455
4.973394	0.759984
4.771221	0.741031
4.569996	0.713864
4.377616	0.703439
4.168493	0.693015
3.978009	0.677220
3.770465	0.685433
3.579033	0.648789
3.372437	0.622886
3.179110	0.627940
2.964933	0.601405
2.782977	0.610882
2.571643	0.600142
2.377368	0.559075
2.173931	0.519272
1.973022	0.506953
1.771481	0.449144
1.572467	0.425767
1.370926	0.314572
1.180125	0.215065
0.964685	0.044798
0.781781	-0.094500
0.564761	-0.303280
0.380594	-0.509848
0.165786	-0.720523
-0.015852	-0.894559
-0.231896	-1.086283
-0.417935	-1.232524
-0.629557	-1.372447
-0.826019	-1.478890
-1.020901	-1.555327
-1.217994	-1.630500
-1.423932	-1.714202
-1.624499	-1.770740
-1.825383	-1.861706
-2.029425	-1.920455
-2.226834	-2.009210
-2.416347	-2.046481
-2.633970	-2.142501
-2.822536	-2.186404
-3.034158	-2.290637
-3.223039	-2.330118
-3.430240	-2.423295
-3.619437	-2.455197
-3.828848	-2.543320
-4.016466	-2.599542
-4.228404	-2.679138
-4.424234	-2.729990
-4.627328	-2.816218
-4.820632	-2.858859
-5.025305	-2.917608
-5.233138	-2.982990
-5.423913	-3.064796
-5.626060	-3.103014
-5.830102	-3.200929
-6.018036	-3.223355
-6.231870	-3.306741
-6.418856	-3.362647
-6.624793	-3.458351
-6.826940	-3.512362
-7.025928	-3.577744
-7.230602	-3.616594
-7.420430	-3.681660
-7.625420	-3.750516
-7.821881	-3.824426
-8.032241	-3.880332
-8.219227	-3.927079
-8.432428	-3.998462
-8.620994	-4.044577
-8.831985	-4.118171
-9.017707	-4.204399
-9.164895	-4.234089
-9.212274	-4.235985
-9.233436	-4.229352
-9.238489	-4.229668
-9.247017	-4.242933
-9.231541	-4.245144
-9.232172	-4.236300
-9.220486	-4.221139
-9.190479	-4.197134
-9.021497	-4.149441
-8.826299	-4.101747
-8.612782	-4.037944
-8.432428	-3.993724
-8.217963	-3.907496
-8.036346	-3.868646
-7.818091	-3.802948
-7.631737	-3.766625
-7.418220	-3.706928
-7.228707	-3.629860
-7.030034	-3.560372
-6.824728	-3.491515
-6.618792	-3.430871
-6.425173	-3.391706
-6.212918	-3.329482
-6.028775	-3.256835
-5.820627	-3.172187
-5.630798	-3.121018
-5.423282	-3.055005
-5.229032	-3.010469
-5.012987	-2.929926
-4.822843	-2.877178
-4.620696	-2.776105
-4.429604	-2.748626
-4.222403	-2.674716
-4.024678	-2.609018
-3.822531	-2.542057
-3.621648	-2.465620
-3.427081	-2.391710
-3.223671	-2.326960
-3.028789	-2.259367
-2.820956	-2.211041
-2.620704	-2.124813
-2.433403	-2.079330
-2.217674	-1.974150
-2.034478	-1.939722
-1.821592	-1.834227
-1.621657	-1.791270
-1.428669	-1.695882
-1.228102	-1.656401
-1.019322	-1.541114
-0.829493	-1.482049
-0.619134	-1.374027
-0.427726	-1.257792
-0.222421	-1.091653
-0.022169	-0.919196
0.177790	-0.714522
0.376804	-0.491213
0.571711	-0.290014
0.779254	-0.112819
0.975425	0.083337
1.176966	0.198323
1.381666	0.339844
1.570256	0.406814
1.770533	0.456725
1.978392	0.485156
2.175195	0.534751
2.379263	0.582136
2.580488	0.596035
2.777291	0.580556
2.974410	0.583083
3.181005	0.613093
3.368015	0.649421
3.581244	0.705651
3.770781	0.683538
3.982747	0.681327
4.163755	0.674693
4.368139	0.683222
4.571891	0.749876
4.775644	0.769461
4.981291	0.766618
5.179990	0.741031
5.370159	0.728711
5.574859	0.758089
5.775768	0.802946
5.974466	0.826638
6.177270	0.813687
6.384814	0.797892
6.572455	0.756826
6.774312	0.828218
6.972063	0.849699
7.183712	0.900242
7.366300	0.869600
7.585531	0.833904
7.773805	0.811791
7.982927	0.861703
8.168042	0.907823
8.381903	0.927093
8.567966	0.898663
8.779931	0.869284
8.971679	0.837063
9.171957	0.914141
9.367180	0.951417
9.572512	0.965632
9.769946	0.926145
9.977174	0.901506
9.773106	0.869284
9.576934	0.941308
9.367496	0.943204
9.177011	0.947942
8.975786	0.908455
8.777404	0.860439
8.569545	0.856648
8.384114	0.901506
8.175940	0.910982
7.973766	0.902453
7.780123	0.859807
7.576370	0.832009
7.375461	0.807369
7.181817	0.872759
6.970168	0.856017
6.775260	0.865493
6.582248	0.794417
6.378812	0.792522
6.174112	0.767882
5.978572	0.823479
5.766607	0.804210
5.582124	0.797260
5.368895	0.736608
5.176831	0.733449
4.977817	0.722393
4.778171	0.740715
4.575682	0.744822
4.373193	0.706282
4.175759	0.675325
3.979272	0.669007
3.778047	0.651632
3.569240	0.671534
3.383178	0.666164
3.161735	0.622570
2.980727	0.602985
2.775396	0.590033
2.578909	0.560023
2.377368	0.571711
2.174879	0.543912
1.974285	0.508848
1.773692	0.456725
1.570256	0.402391
1.382930	0.319943
1.170016	0.207168
0.977004	0.058381
0.771673	-0.112819
0.575818	-0.313071
0.362588	-0.505427
0.181580	-0.700625
-0.029750	-0.922039
-0.217999	-1.090389
-0.429306	-1.253054
-0.623240	-1.377501
-0.828862	-1.470362
-1.020585	-1.562592
-1.225575	-1.639029
-1.422036	-1.706306
-1.624499	-1.783058
-1.823803	-1.838964
-2.026582	-1.943196
-2.221464	-1.984573
-2.428981	-2.086910
-2.615967	-2.131446
-2.837065	-2.207883
-3.014891	-2.263157
-3.234410	-2.350965
-3.424554	-2.399922
-3.631755	-2.490257
-3.818109	-2.527843
-4.028784	-2.597331
-4.224614	-2.666188
-4.430867	-2.730938
-4.627328	-2.805795
-4.820000	-2.873388
-5.023094	-2.934980
-5.216397	-3.013312
-5.423598	-3.060058
-5.629851	-3.151972
-5.826313	-3.195876
-6.032249	-3.276734
-6.219552	-3.318743
-6.428647	-3.397391
-6.622898	-3.430871
-6.825676	-3.514257
-7.025928	-3.549633
-7.228707	-3.629228
-7.416008	-3.671553
-7.631105	-3.747042
-7.823777	-3.784944
-8.026555	-3.860749
-8.228703	-3.895809
-8.426111	-3.979195
-8.630785	-4.030679
-8.821245	-4.109959
-9.022129	-4.152599
-9.181319	-4.214822
-9.217327	-4.214507
-9.243543	-4.220508
-9.253966	-4.228088
-9.258389	-4.231247
-9.242279	-4.235669
-9.232804	-4.228088
-9.224591	-4.216402
-9.181319	-4.209453
-9.027814	-4.168076
-8.823140	-4.109327
-8.629837	-4.045525
-8.423584	-3.980143
-8.237862	-3.918551
-8.016448	-3.857591
-7.834516	-3.795683
-7.620682	-3.751780
-7.419167	-3.663972
-7.230286	-3.627649
-7.023401	-3.532892
-6.824097	-3.499096
-6.627319	-3.432135
-6.416645	-3.384125
-6.229343	-3.305793
-6.017720	-3.227777
-5.831050	-3.160816
-5.623534	-3.113754
-5.420755	-3.057531
-5.218608	-2.991518
-5.026253	-2.936875
-4.813999	-2.838328
-4.634593	-2.805480
-4.417917	-2.737886
-4.227457	-2.676611
-4.027521	-2.616914
-3.832323	-2.533213
-3.620068	-2.462146
-3.431819	-2.415399
-3.227461	-2.342437
-3.029104	-2.292216
-2.821272	-2.193038
-2.628917	-2.135236
-2.407503	-2.038584
-2.232835	-1.991206
-2.018054	-1.914770
-1.832647	-1.873393
-1.620393	-1.767581
-1.427090	-1.718940
-1.212309	-1.614708
-1.022796	-1.554064
-0.823176	-1.488682
-0.626715	-1.391399
-0.417619	-1.258424
-0.224316	-1.085967
-0.022485	-0.900876
0.176526	-0.705047
0.368906	-0.504163
0.572027	-0.310228
0.778938	-0.080286
0.967844	0.055222
1.178546	0.228649
1.373769	0.308254
1.576258	0.427663
1.770849	0.461780
1.976813	0.511059
2.170772	0.524643
2.382738	0.560339
2.574170	0.553389
2.783925	0.604880
2.968408	0.593508
3.164894	0.629836
3.378124	0.646894
3.573031	0.666795
3.779942	0.661109
3.974534	0.711968
4.171021	0.692383
4.373825	0.725868
4.574419	0.717970
4.774380	0.741031
4.977817	0.732502
5.171776	0.759037
5.378372	0.752403
5.575806	0.786204
5.775136	0.789679
5.977309	0.796944
6.174744	0.791890
6.376600	0.801367
6.583512	0.814634
6.768311	0.831377
6.980276	0.863282
7.167286	0.829166
7.383674	0.829797
7.577002	0.856964
7.777279	0.841170
7.971555	0.904349
8.177519	0.894556
8.367372	0.867389
8.577758	0.864862
8.772981	0.888238
8.977681	0.905928
9.171640	0.938465
9.374762	0.920459
9.572512	0.893608
9.781319	0.905296
9.971171	0.904033
9.776896	0.961526
9.568721	0.955840
9.377604	0.942256
9.161532	0.897399
8.987790	0.871811
8.768874	0.883815
8.582180	0.920459
8.374321	0.922355
8.177519	0.889186
7.970607	0.834220
7.781386	0.822532
7.567841	0.841170
7.381147	0.881920
7.168866	0.873707
6.973958	0.850646
6.770206	0.780518
6.583827	0.783361
6.375021	0.797892
6.176955	0.858544
5.963409	0.819373
5.780506	0.808001
5.566329	0.741663
5.374581	0.728079
5.177778	0.754930
4.977501	0.778938
4.776907	0.752403
4.573155	0.725868
4.379511	0.655739
4.174180	0.657950
3.974849	0.671850
3.782154	0.714496
3.575874	0.662057
3.370542	0.656687
3.174687	0.580872
2.974725	0.593192
2.775712	0.590033
2.582700	0.623202
2.370102	0.576134
2.183092	0.534119
1.962913	0.472204
1.768638	0.457673
1.571519	0.403023
1.377244	0.330999
1.176966	0.208747
0.972266	0.059329
0.772936	-0.119768
0.570132	-0.292541
0.374277	-0.525957
0.173999	-0.719576
-0.017747	-0.923302
-0.230949	-1.076492
-0.419514	-1.235366
-0.628926	-1.358234
-0.826019	-1.483312
-1.017743	-1.556906
-1.224311	-1.633975
-1.426143	-1.698725
-1.622920	-1.760317
-1.834858	-1.855389
-2.022160	-1.923613
-2.233783	-2.011737
-2.416031	-2.071749
-2.622916	-2.132393
-2.813060	-2.219253
-3.024051	-2.271685
-3.226829	-2.348438
-3.434978	-2.413188
-3.616278	-2.468778
-3.827269	-2.529738
-4.022783	-2.604912
-4.224614	-2.679138
-4.430867	-2.753679
-4.628592	-2.814008
-4.820947	-2.871809
-5.022462	-2.938770
-5.223662	-2.989938
-5.431810	-3.089433
-5.622902	-3.128915
-5.842421	-3.213879
-6.017720	-3.242938
-6.231238	-3.302634
-6.410959	-3.370227
-6.632373	-3.459930
-6.817464	-3.505413
-7.030350	-3.588167
-7.223337	-3.615330
-7.429590	-3.669657
-7.621314	-3.742304
-7.823777	-3.815582
-8.023396	-3.882859
-8.224280	-3.951400
-8.434008	-3.990882
-8.623204	-4.068898
-8.822509	-4.116276
-9.029078	-4.208505
-9.158894	-4.242302
-9.201850	-4.244513
-9.219853	-4.240407
-9.247965	-4.243565
-9.238173	-4.247040
-9.228066	-4.250830
-9.219222	-4.245776
-9.216063	-4.226193
-9.181952	-4.205347
-9.024655	-4.172182
-8.826299	-4.092903
-8.624468	-4.065107
-8.430849	-3.984249
-8.224280	-3.929922
-8.025291	-3.846536
-7.824092	-3.814950
-7.615944	-3.729670
-7.430222	-3.696821
-7.223022	-3.613751
-7.033824	-3.568584
-6.822518	-3.483303
-6.627319	-3.448559
-6.424225	-3.374649
-6.223658	-3.310215
-6.024985	-3.244201
-5.825681	-3.185768
-5.626060	-3.109016
-5.422650	-3.062901
-5.225873	-2.995624
-5.020252	-2.918871
-4.830739	-2.861070
-4.617853	-2.786844
-4.431183	-2.717988
-4.226193	-2.679769
-4.024362	-2.584381
-3.829796	-2.549637
-3.623227	-2.450459
-3.424870	-2.403081
-3.233146	-2.330750
-3.021524	-2.254313
-2.828221	-2.187668
-2.620389	-2.121338
-2.424243	-2.051219
-2.228097	-1.995628
-2.030372	-1.926140
-1.825383	-1.844650
-1.629237	-1.777689
-1.421089	-1.685459
-1.229997	-1.628605
-1.014584	-1.555643
-0.829809	-1.468151
-0.631453	-1.379080
-0.422357	-1.228102
-0.223368	-1.079018
-0.023432	-0.929935
0.180317	-0.713575
0.373013	-0.514270
0.576134	-0.290961
0.767566	-0.110608
0.978900	0.069122
1.167489	0.216329
1.387036	0.349005
1.564254	0.409973
1.783801	0.472204
1.968915	0.459252
2.183408	0.530329
2.371366	0.571711
2.581752	0.596983
2.774132	0.613409
2.976621	0.598562
3.174687	0.603932
3.380019	0.639944
3.578717	0.675956
3.770149	0.707546
3.979588	0.689224
4.171336	0.694278
4.367191	0.679747
4.581052	0.735977
4.770589	0.749876
4.979712	0.790310
5.180937	0.744506
5.368579	0.758405
5.574227	0.723341
5.778611	0.790310
5.971939	0.814318
6.179798	0.833904
6.380075	0.795365
6.578142	0.805473
6.778103	0.801683
6.973011	0.851594
7.174551	0.863598
7.376409	0.885395
7.567841	0.832640
7.782966	0.862966
7.969975	0.855069
8.175940	0.890449
8.370531	0.900242
8.576810	0.903717
8.770138	0.869284
8.975786	0.892976
9.174168	0.899610
9.367812	0.919196
9.576934	0.939413
9.771842	0.929620
9.982860	0.922986
9.766788	0.911614
9.581988	0.917300
9.371602	0.919827
9.171009	0.921091
8.977681	0.922671
8.778035	0.877182
8.574915	0.919827
8.376848	0.866441
8.167094	0.890765
7.981664	0.868337
7.778227	0.866125
7.578266	0.856017
7.371986	0.876234
7.176763	0.827586
6.971431	0.835483
6.779999	0.836431
6.577826	0.806737
6.381971	0.832009
6.171900	0.805158
5.982995	0.797892
5.772609	0.798208
5.578333	0.764723
5.369211	0.774200
5.183465	0.790626
4.970235	0.751771
4.777539	0.729975
4.575998	0.702492
4.380459	0.702176
4.166914	0.695858
3.983379	0.703439
3.774256	0.668375
3.587562	0.654160
3.371806	0.615620
3.175319	0.632995
2.962090	0.609303
2.786768	0.622886
2.569748	0.575818
2.381474	0.542017
2.165718	0.523695
1.976497	0.492737
1.767690	0.475679
1.570887	0.418818
1.379771	0.322154
1.175071	0.202745
0.975425	0.041955
0.777675	-0.102396
0.566025	-0.327916
0.375540	-0.502268
0.175578	-0.711364
-0.022485	-0.874660
-0.221789	-1.092916
-0.425199	-1.240736
-0.631453	-1.395820
-0.823176	-1.458044
-1.031956	-1.560065
-1.214836	-1.618498
-1.427722	-1.706306
-1.620709	-1.778952
-1.826330	-1.863601
-2.024055	-1.926140
-2.226202	-2.007631
-2.422664	-2.049955
-2.624495	-2.135236
-2.819061	-2.198091
-3.029736	-2.282108
-3.229356	-2.338962
-3.426450	-2.406871
-3.626701	-2.460566
-3.821268	-2.550269
-4.026258	-2.603333
-4.227141	-2.693983
-4.425813	-2.744519
-4.631751	-2.803584
-4.826317	-2.841487
-5.023094	-2.917608
-5.225557	-2.982990
-5.423913	-3.052794
-5.627324	-3.112174
-5.826313	-3.184821
-6.024353	-3.208826
-6.222078	-3.310215
-6.422962	-3.357909
-6.620687	-3.434978
-6.829782	-3.488041
-7.023085	-3.555318
-7.231549	-3.605223
-7.426116	-3.690820
-7.620998	-3.750832
-7.825988	-3.830112
-8.020238	-3.875911
-8.224280	-3.928658
-8.430533	-3.996251
-8.619730	-4.051210
-8.834827	-4.153547
-9.016443	-4.187659
-9.172791	-4.225877
-9.222696	-4.216718
-9.255546	-4.216086
-9.238173	-4.229352
-9.249228	-4.244513
-9.224908	-4.243881
-9.242911	-4.229352
-9.224591	-4.209769
-9.185741	-4.204715
-9.021497	-4.176604
-8.827562	-4.114381
-8.620994	-4.063844
-8.431480	-3.990250
-8.222069	-3.912234
-8.025924	-3.876858
-7.816828	-3.806738
-7.633317	-3.774521
-7.415061	-3.684819
-7.235024	-3.622911
-7.024033	-3.552475
-6.830098	-3.511098
-6.623845	-3.445717
-6.429595	-3.396443
-6.220815	-3.307372
-6.024353	-3.246097
-5.827576	-3.181346
-5.631430	-3.132389
-5.422650	-3.064480
-5.227452	-3.022787
-5.020883	-2.921714
-4.820632	-2.874020
-4.624486	-2.777368
-4.431815	-2.759365
-4.217665	-2.674716
-4.034153	-2.626706
-3.810213	-2.529423
-3.627017	-2.473516
-3.424870	-2.379392
-3.229672	-2.343700
-3.020576	-2.253681
-2.825694	-2.205356
-2.626390	-2.124813
-2.423295	-2.053430
-2.227466	-1.986153
-2.025319	-1.922350
-1.826014	-1.848440
-1.610917	-1.792218
-1.434039	-1.707253
-1.222732	-1.647872
-1.025639	-1.542061
-0.832652	-1.494683
-0.621345	-1.359181
-0.427410	-1.262214
-0.217051	-1.094811
-0.018063	-0.939411
0.171788	-0.689570
0.373329	-0.496583
0.572975	-0.283065
0.775463	-0.102396
0.980795	0.075756
1.174123	0.208432
1.376612	0.328788
1.579417	0.384701
1.764531	0.448196
1.980288	0.499055
2.173300	0.560339
2.377684	0.559707
2.578277	0.585926
2.773184	0.565077
2.976621	0.597930
3.171212	0.626993
3.373701	0.673429
3.585351	0.681327
3.776151	0.661741
3.978324	0.655107
4.162175	0.664584
4.378248	0.723972
4.563994	0.761248
4.781646	0.775779
4.967076	0.730922
5.186939	0.730922
5.361629	0.733133
5.582440	0.796628
5.768818	0.832009
5.972255	0.810528
6.176639	0.794733
6.378180	0.745137
6.576878	0.789363
6.772733	0.855069
6.973011	0.874339
7.177395	0.880656
7.373566	0.833272
7.577002	0.809264
7.769382	0.849067
7.982927	0.909403
8.168989	0.910667
8.374953	0.927093
8.578390	0.849383
8.782458	0.860439
8.971047	0.892029
9.178906	0.960578
9.365601	0.960578
9.577566	0.947942
9.773421	0.887606
9.976542	0.897399
9.771210	0.915405
9.573775	0.968475
9.370655	0.934990
9.180801	0.929620
8.969152	0.864862
8.783090	0.869600
8.565122	0.883815
8.377796	0.926461
8.170253	0.893608
7.980400	0.877182
7.771594	0.823795
7.579213	0.837063
7.370090	0.854121
7.173920	0.874339
6.978697	0.861703
6.772101	0.820320
6.584775	0.805789
6.375021	0.798208
6.183589	0.809264
5.975729	0.833588
5.772925	0.781465
5.577070	0.779886
5.365420	0.740715
5.179990	0.771673
4.976237	0.743558
4.774380	0.770093
4.578525	0.700912
4.375405	0.711021
4.166598	0.675641
3.979904	0.682274
3.777415	0.664900
3.577453	0.681643
3.374965	0.636785
3.173424	0.632363
2.979148	0.617200
2.774764	0.585926
2.580804	0.576765
2.373261	0.576134
2.171720	0.513270
1.971127	0.514850
1.778746	0.458621
1.569940	0.403339
1.382930	0.324049
1.170964	0.209379
0.978584	0.050484
0.773568	-0.106186
0.576134	-0.314335
0.368275	-0.503847
0.185371	-0.708521
-0.028802	-0.922986
-0.216104	-1.084704
-0.433096	-1.265688
-0.621029	-1.370868
-0.832336	-1.460255
-1.017111	-1.575858
-1.226207	-1.620393
-1.418246	-1.714518
-1.625447	-1.770740
-1.822540	-1.849388
-2.027845	-1.924877
-2.228413	-2.001945
-2.426454	-2.063537
-2.625126	-2.130814
-2.826957	-2.209778
-3.018049	-2.265052
-3.227461	-2.360756
-3.423291	-2.397079
-3.626070	-2.489941
-3.819373	-2.527527
-4.039839	-2.620073
-4.216718	-2.666188
-4.432446	-2.733780
-4.624802	-2.814955
-4.830739	-2.868335
-5.018988	-2.922346
-5.229979	-3.006995
-5.424230	-3.056268
-5.628587	-3.128283
-5.821259	-3.180083
-6.027512	-3.256204
-6.214498	-3.305161
-6.425173	-3.396443
-6.618792	-3.438452
-6.830414	-3.514889
-7.025612	-3.544895
-7.233445	-3.636177
-7.414429	-3.676606
-7.621314	-3.762203
-7.827567	-3.816846
-8.030346	-3.881280
-8.226175	-3.933712
-8.425796	-3.999726
-8.625099	-4.048051
-8.823457	-4.106800
-9.025288	-4.147861
-9.191111	-4.196819
-9.226171	-4.210401
-9.249544	-4.223666
-9.241332	-4.228088
-9.242279	-4.239143
-9.246386	-4.234406
-9.240384	-4.219244
-9.215748	-4.217033
-9.188900	-4.209137
-9.017391	-4.164286
-8.830090	-4.116908
-8.621625	-4.041418
-8.428322	-3.993093
-8.225860	-3.936870
-8.019922	-3.882859
-7.827251	-3.825058
-7.619735	-3.761887
-7.426747	-3.670289
-7.226180	-3.620384
-7.034772	-3.553107
-6.819359	-3.510783
-6.631110	-3.450770
-6.415381	-3.375597
-6.221762	-3.298213
-6.016773	-3.248307
-5.830102	-3.173134
-5.635221	-3.139653
-5.424230	-3.055952
-5.222398	-2.988991
-5.028148	-2.905289
-4.820000	-2.844014
-4.633014	-2.806743
-4.412548	-2.741993
-4.230615	-2.668083
-4.020888	-2.603648
-3.832323	-2.515525
-3.621964	-2.471305
-3.433398	-2.401186
-3.222092	-2.332013
-3.030052	-2.268211
-2.820640	-2.191142
-2.624179	-2.112179
-2.423611	-2.062905
-2.228413	-1.998787
-2.024055	-1.930246
-1.827594	-1.862969
-1.622288	-1.769161
-1.422036	-1.707569
-1.218626	-1.622604
-1.035430	-1.578069
-0.825071	-1.475732
-0.641244	-1.384450
-0.419514	-1.247053
-0.227475	-1.104287
-0.015852	-0.895823
0.170840	-0.715154
0.375856	-0.489318
0.568236	-0.291909
0.778306	-0.099869
0.975425	0.067226
1.174123	0.204957
1.371558	0.330999
1.573415	0.416606
1.774640	0.455146
1.970179	0.508848
2.174247	0.527486
2.382422	0.558128
2.571959	0.564761
2.780450	0.601721
2.966828	0.594455
3.175635	0.646894
3.371490	0.631415
3.580612	0.660793
3.775520	0.664900
3.981799	0.686065
4.170073	0.695542
4.375089	0.732502
4.572839	0.720814
4.774696	0.732186
4.977501	0.723341
5.175883	0.749560
5.376476	0.759984
5.574543	0.807685
5.770713	0.763459
5.982995	0.780834
6.171900	0.776411
6.379128	0.807053
6.574983	0.829481
6.776524	0.866757
6.974590	0.829166
7.174551	0.833588
7.376409	0.834852
7.575423	0.867073
7.781386	0.905612
7.966501	0.909087
8.177203	0.872759
8.369583	0.854753
8.577127	0.866125
8.766347	0.901821
8.973890	0.927725
9.177958	0.949206
9.367496	0.887922
9.579145	0.902137
9.769630	0.884447
9.975594	0.956471
9.776264	0.967212
9.567773	0.949838
9.374762	0.887922
9.172904	0.850331
8.977050	0.874654
8.775508	0.924566
8.586603	0.930568
8.371162	0.907508
8.180677	0.866757
7.974398	0.808316
7.781386	0.847172
7.571000	0.894556
7.376409	0.879393
7.170761	0.874970
6.982172	0.808948
6.773049	0.779570
6.581616	0.822532
6.376600	0.834852
6.180114	0.850962
5.969728	0.813371
5.779874	0.767566
5.569804	0.720498
5.380899	0.749876
5.165774	0.772304
4.983187	0.783677
4.768062	0.730290
4.582316	0.702492
4.367823	0.663321
4.177654	0.683538
3.975165	0.724604
3.770465	0.697437
3.572083	0.666164
3.373069	0.618779
3.174371	0.600773
2.972830	0.625729
2.779818	0.615936
2.577013	0.600773
2.371366	0.539806
2.180249	0.530013
1.971442	0.472836
1.778115	0.488631
1.566781	0.403023
1.379455	0.353112
1.177282	0.186951
0.977636	0.067226
0.773884	-0.124506
0.577713	-0.295067
0.365116	-0.518061
0.180001	-0.706942
-0.024064	-0.911615
-0.221789	-1.079018
-0.423304	-1.245158
-0.626083	-1.376869
-0.829809	-1.495946
-1.016479	-1.548378
-1.223364	-1.643450
-1.412245	-1.695882
-1.622920	-1.794429
