# Configuration automatically generated by WRITE_CONFIG()
connection eth
ip 192.168.0.10
samplehz 1000.000000
settleus 10.000000
nsample 128

# Analog Inputs
aichannel 0
ainegative 199
airange 10.000000
airesolution 0

aichannel 1
ainegative 199
airange 10.000000
airesolution 0

# Analog Outputs
aochannel 0
aosignal triangle
aofrequency 5.000000
aoamplitude 2.000000
aooffset 2.500000
aoduty 0.500000

# Meta Parameters
int:periods 10
flt:plate_Thigh_C 418.945006
flt:plate_Tlow_C 239.839926
flt:plate_Q_kW 1.094962
flt:plate_Tpeak_C 1294.462676
flt:cool_Thigh_C 96.632295
flt:cool_Tlow_C 84.467424
flt:air_psig 60.000000
flt:water_gph 1.600000
flt:cool_Q_kW 0.000000
flt:standoff_in 0.288000
flt:oxygen_scfh 15.254250
flt:fuel_scfh 10.746000
flt:flow_scfh 26.000250
flt:ratio_fto 0.704459

## End Configuration ##
#: Mon Oct  3 16:07:18 2016
-7.613418	-1.226838
-10.034443	-1.505738
-9.817766	-1.395189
-9.635518	-1.350338
-9.418527	-1.289062
-9.233436	-1.292220
-9.018023	-1.368341
-8.826299	-1.461202
-8.622257	-1.440040
-8.427059	-1.410034
-8.221753	-1.300117
-8.025608	-1.221153
-7.817144	-1.136504
-7.626368	-1.146611
-7.422326	-1.099865
-7.224916	-1.073333
-7.029087	-1.017743
-6.819359	-1.026587
-6.629530	-1.093548
-6.421382	-1.143769
-6.221762	-1.106182
-6.020247	-1.072701
-5.822838	-0.977945
-5.626060	-0.903403
-5.417597	-0.882557
-5.210396	-0.837074
-5.027832	-0.828230
-4.810524	-0.790011
-4.627013	-0.796329
-4.421707	-0.802014
-4.220192	-0.832652
-4.019624	-0.847497
-3.820636	-0.851919
-3.615962	-0.766954
-3.422028	-0.728736
-3.220512	-0.657353
-3.022787	-0.651351
-2.814008	-0.602078
-2.620073	-0.602710
-2.420768	-0.574283
-2.215147	-0.595129
-2.031320	-0.597972
-1.809590	-0.610922
-1.625131	-0.572388
-1.410350	-0.528800
-1.216099	-0.469103
-1.011425	-0.435939
-0.822860	-0.407512
-0.615344	-0.386981
-0.424884	-0.362976
-0.204101	-0.311492
-0.023432	-0.313071
0.195796	-0.275800
0.374277	-0.281170
0.584979	-0.216735
0.781781	-0.107766
0.989640	0.040375
1.182020	0.133564
1.389879	0.259291
1.582891	0.320258
1.784433	0.415027
1.986290	0.449460
2.189726	0.505057
2.387792	0.513902
2.588070	0.531908
2.793402	0.544860
2.976305	0.594771
3.188902	0.615305
3.388864	0.633626
3.591669	0.632679
3.784049	0.604564
3.989697	0.589085
4.178286	0.640576
4.387409	0.702492
4.578209	0.738504
4.795229	0.765671
4.985398	0.744822
5.192626	0.733449
5.377108	0.720498
5.592549	0.798840
5.777979	0.793469
5.999106	0.823479
6.182325	0.782097
6.398081	0.778938
6.596148	0.766302
6.786316	0.835168
6.991648	0.853805
7.188451	0.898347
7.386833	0.865493
7.597851	0.872127
7.783597	0.835168
7.988929	0.879393
8.190786	0.884763
8.386642	0.901506
8.597659	0.880656
8.791303	0.870548
9.003268	0.887606
9.187119	0.902769
9.392767	0.895504
9.587991	0.961526
9.798061	0.967844
9.992969	0.953944
9.789216	0.958683
9.593992	0.913510
9.395294	0.901190
9.181749	0.879393
9.001689	0.886974
8.784038	0.875602
8.594816	0.913510
8.387589	0.902137
8.187943	0.886658
7.994931	0.889502
7.791179	0.906876
7.589638	0.871495
7.395362	0.892976
7.189399	0.837379
6.983751	0.805789
6.792634	0.772936
6.588250	0.756194
6.398397	0.805158
6.180746	0.822532
5.998158	0.810844
5.784929	0.809580
5.590969	0.761248
5.378372	0.740083
5.190098	0.744190
4.985082	0.742294
4.785752	0.756826
4.580105	0.709441
4.394674	0.681643
4.183972	0.633311
3.994119	0.660162
3.789419	0.656371
3.590405	0.656055
3.389812	0.631731
3.181953	0.614673
2.980412	0.559707
2.794981	0.567288
2.581752	0.523063
2.382106	0.529381
2.178354	0.478522
1.979340	0.439351
1.787591	0.393546
1.575310	0.318995
1.394934	0.256764
1.177598	0.145884
0.988061	0.019842
0.780518	-0.091657
0.583715	-0.217051
0.376172	-0.297594
0.190110	-0.322863
-0.015536	-0.358238
-0.217683	-0.339919
-0.422041	-0.382875
-0.603657	-0.382559
-0.821281	-0.419514
-1.005424	-0.427095
-1.212309	-0.478579
-1.419194	-0.537012
-1.610286	-0.625767
-1.819697	-0.645034
-2.020581	-0.667144
-2.214831	-0.604605
-2.421400	-0.633348
-2.614703	-0.610290
-2.820640	-0.642823
-3.025946	-0.647245
-3.215143	-0.679147
-3.433082	-0.711995
-3.610277	-0.770428
-3.818109	-0.835810
-4.015518	-0.934041
-4.216086	-0.925513
-4.420128	-0.930251
-4.620380	-0.873397
-4.813683	-0.822229
-5.022147	-0.860447
-5.216713	-0.837390
-5.427072	-0.877187
-5.620375	-0.893296
-5.825365	-0.913195
-6.018036	-0.948255
-6.220183	-1.034167
-6.424541	-1.089757
-6.615317	-1.151033
-6.825992	-1.160193
-7.022138	-1.178197
-7.225232	-1.123238
-7.420115	-1.132082
-7.623525	-1.114710
-7.824724	-1.134293
-8.030029	-1.143769
-8.221437	-1.192094
-8.434323	-1.284640
-8.616571	-1.366130
-8.825983	-1.410982
-9.024024	-1.444778
-9.228382	-1.435618
-9.420737	-1.413508
-9.634255	-1.416351
-9.817451	-1.343389
-10.035074	-1.338335
-9.813661	-1.251159
-9.631728	-1.289693
-9.423265	-1.363287
-9.228066	-1.504159
-9.022445	-1.567645
-8.830721	-1.562276
-8.619099	-1.407507
-8.430849	-1.321911
-8.222069	-1.212625
-8.029714	-1.216099
-7.823145	-1.191778
-7.619103	-1.174407
-7.419167	-1.116605
-7.228075	-1.113762
-7.027192	-1.123870
-6.821886	-1.142505
-6.628583	-1.126081
-6.422330	-1.067648
-6.221131	-0.994054
-6.015825	-0.935936
-5.831682	-0.941938
-5.617217	-0.946044
-5.431179	-0.958362
-5.212291	-0.926776
-5.025621	-0.917617
-4.820632	-0.872450
-4.625117	-0.901824
-4.422339	-0.925513
-4.225562	-0.950781
-4.014886	-0.874976
-3.822215	-0.845918
-3.615015	-0.735369
-3.423923	-0.709469
-3.218617	-0.644403
-3.025314	-0.634611
-2.819377	-0.605868
-2.620389	-0.639033
-2.408766	-0.612817
-2.225570	-0.633032
-2.019949	-0.605868
-1.814960	-0.578705
-1.616919	-0.555647
-1.411929	-0.531958
-1.221785	-0.475420
-1.012689	-0.446678
-0.820649	-0.393614
-0.615660	-0.381612
-0.420146	-0.362029
-0.209787	-0.355396
-0.013957	-0.357922
0.192637	-0.347183
0.382174	-0.307386
0.587506	-0.201890
0.777359	-0.110608
0.990272	0.021422
1.183916	0.128826
1.389564	0.258343
1.580364	0.330367
1.783485	0.405550
1.993871	0.448828
2.179302	0.492737
2.384317	0.503162
2.587122	0.565709
2.786136	0.564761
2.983571	0.603301
3.188271	0.593508
3.380967	0.598878
3.592300	0.612462
3.780890	0.611514
3.996646	0.648158
4.184288	0.699964
4.388672	0.699649
4.586422	0.709441
4.793018	0.722077
4.981607	0.713864
5.193257	0.772936
5.381531	0.771357
5.590337	0.800735
5.779243	0.777359
5.998474	0.753351
6.185484	0.731238
6.394922	0.793469
6.587934	0.825375
6.787896	0.860439
6.990701	0.861071
7.192242	0.869284
7.381463	0.806737
7.591849	0.859176
7.786125	0.860755
7.998722	0.889186
8.189838	0.929620
8.386326	0.874654
8.590394	0.865493
8.782774	0.877497
8.994740	0.892976
9.185856	0.965948
9.388660	0.977004
9.589254	0.958051
9.790795	0.946363
9.989809	0.908771
9.796481	0.908139
9.583884	0.895188
9.396242	0.926145
9.178591	0.886027
8.996319	0.897083
8.788144	0.904980
8.592605	0.877182
8.391696	0.877497
8.185101	0.922671
7.991772	0.890133
7.795918	0.921091
7.586479	0.864546
7.399785	0.828534
7.187503	0.774832
6.987542	0.786520
6.794530	0.800735
6.585723	0.821584
6.394922	0.844644
6.184852	0.811791
5.993735	0.745137
5.788720	0.761880
5.585599	0.763775
5.379319	0.771041
5.194521	0.783677
4.990137	0.724288
4.796177	0.689540
4.578209	0.623202
4.395938	0.652580
4.183024	0.684486
3.993487	0.690488
3.784681	0.671534
3.589142	0.654791
3.387285	0.596667
3.184796	0.591296
2.984518	0.572027
2.788979	0.577397
2.579857	0.535067
2.388740	0.503478
2.185303	0.432717
1.980603	0.413132
1.788855	0.399232
1.570887	0.338896
1.395250	0.275401
1.179809	0.169576
0.987429	0.024896
0.779570	-0.099869
0.587506	-0.213577
0.373645	-0.298858
0.202745	-0.310228
-0.019326	-0.354448
-0.204417	-0.339603
-0.428674	-0.377821
-0.612501	-0.398352
-0.820649	-0.432464
-1.009530	-0.475420
-1.218626	-0.547435
-1.412877	-0.583127
-1.617235	-0.623240
-1.814960	-0.591971
-2.023108	-0.609343
-2.217990	-0.604605
-2.416978	-0.644087
-2.623231	-0.655773
-2.817166	-0.661459
-3.027841	-0.654826
-3.209457	-0.693360
-3.425186	-0.745792
-3.617226	-0.826966
-3.821268	-0.901824
-4.018677	-0.929935
-4.222403	-0.910352
-4.418865	-0.882873
-4.629224	-0.891085
-4.812735	-0.889822
-5.023094	-0.934041
-5.220503	-0.912247
-5.424230	-0.936252
-5.624166	-0.946675
-5.826944	-1.014900
-6.014246	-1.043011
-6.222394	-1.103655
-6.411591	-1.062594
-6.627635	-1.019954
-6.823465	-0.957730
-7.024664	-0.977313
-7.225548	-0.979208
-7.422009	-1.023428
-7.626052	-1.050591
-7.818723	-1.140610
-8.024029	-1.193042
-8.223017	-1.332334
-8.431480	-1.419825
-8.624784	-1.454569
-8.819350	-1.440040
-9.017076	-1.428669
-9.233436	-1.418562
-9.422001	-1.412561
-9.637730	-1.390135
-9.816187	-1.351917
-10.024967	-1.367394
-9.820609	-1.355391
-9.631728	-1.406875
-9.428002	-1.457096
-9.228066	-1.509212
-9.018655	-1.431828
-8.828826	-1.376553
-8.613097	-1.311803
-8.424532	-1.290957
-8.223017	-1.240736
-8.022765	-1.187356
-7.824092	-1.090073
-7.621314	-1.066068
-7.420115	-1.028798
-7.226811	-1.110920
-7.027192	-1.172511
-6.819359	-1.223048
-6.627004	-1.193989
-6.416960	-1.114710
-6.225868	-1.076492
-6.005718	-1.040484
-5.825996	-0.998160
-5.620375	-0.952677
-5.424545	-0.893612
-5.216397	-0.835810
-5.022462	-0.827598
-4.814630	-0.859184
-4.627328	-0.931198
-4.420760	-0.908457
-4.229668	-0.890769
-4.010780	-0.810542
-3.828217	-0.766638
-3.614699	-0.708521
-3.426134	-0.698098
-3.220512	-0.673461
-3.018365	-0.654510
-2.818429	-0.620082
-2.622600	-0.638085
-2.412241	-0.628610
-2.223044	-0.670934
-2.007631	-0.626715
-1.816855	-0.590076
-1.619761	-0.542066
-1.413193	-0.473209
-1.221469	-0.454574
-1.008583	-0.431201
-0.820334	-0.401510
-0.615028	-0.401826
-0.419514	-0.387613
-0.212945	-0.381296
-0.015852	-0.389192
0.186635	-0.334865
0.372381	-0.319388
0.592244	-0.186098
0.777359	-0.100185
0.993747	0.035005
1.187707	0.123772
1.394934	0.243812
1.588578	0.325629
1.777799	0.402391
1.987237	0.452619
2.187831	0.532540
2.381159	0.516113
2.592176	0.569500
2.785504	0.551178
2.986729	0.554021
3.191430	0.567288
3.381914	0.584031
3.598619	0.623518
3.782785	0.666164
3.993171	0.667427
4.185552	0.685433
4.387724	0.682274
4.590845	0.713548
4.789543	0.725236
4.984450	0.744506
5.199891	0.769777
5.380899	0.736924
5.594128	0.734081
5.789983	0.728711
5.993420	0.766934
6.200015	0.806737
6.393343	0.842749
6.597727	0.823795
6.786633	0.833272
6.986910	0.801999
7.189399	0.847488
7.385254	0.865493
7.592165	0.892660
7.791811	0.886343
7.983875	0.844644
8.193629	0.815898
8.383799	0.820952
8.600819	0.909087
8.785301	0.945415
8.996951	0.949206
9.185856	0.963105
9.387713	0.915405
9.586095	0.898978
9.798061	0.946363
9.986335	0.932147
9.796798	0.957103
9.580725	0.880025
9.392767	0.870864
9.185856	0.875286
8.996319	0.910351
8.786249	0.919512
8.590394	0.952049
8.390748	0.922986
8.189207	0.908771
7.986718	0.857596
7.797813	0.856648
7.583952	0.827270
7.394731	0.840222
7.187819	0.808316
6.985014	0.811791
6.791055	0.834536
6.583196	0.809896
6.393659	0.814950
6.189275	0.834536
5.992788	0.801999
5.784613	0.801683
5.591917	0.789047
5.383110	0.743558
5.197996	0.733449
4.982555	0.689540
4.789227	0.697437
4.584211	0.695226
4.386461	0.709441
4.184288	0.685117
3.992540	0.677852
3.789419	0.622254
3.586930	0.644051
3.388232	0.611514
3.184480	0.631731
2.987993	0.584347
2.788663	0.560339
2.588386	0.499687
2.383686	0.479470
2.193201	0.460516
1.975549	0.465570
1.792014	0.415659
1.574362	0.354691
1.394618	0.255816
1.186443	0.143673
0.987745	0.028055
0.778306	-0.098606
0.591612	-0.204101
0.376488	-0.278959
0.194216	-0.305806
-0.017747	-0.368977
-0.214209	-0.378137
-0.419830	-0.411618
-0.617239	-0.438149
-0.824124	-0.494372
-1.007635	-0.516481
-1.216731	-0.568913
-1.416667	-0.543013
-1.622920	-0.552805
-1.811485	-0.551225
-2.015843	-0.566386
-2.222412	-0.586285
-2.413820	-0.581863
-2.620389	-0.564807
-2.814639	-0.610922
-3.026578	-0.638401
-3.216090	-0.707889
-3.428029	-0.778957
-3.617857	-0.797592
-3.825690	-0.808015
-4.008885	-0.784958
-4.228720	-0.788116
-4.412548	-0.802962
-4.633646	-0.865185
-4.808313	-0.877187
-5.022779	-0.900245
-5.219872	-0.899613
-5.426756	-0.976366
-5.616269	-1.015847
-5.835156	-1.130187
-6.006350	-1.116289
-6.231870	-1.108077
-6.416960	-1.064489
-6.625424	-1.042379
-6.826308	-1.041432
-7.022769	-1.066700
-7.226180	-1.083440
-7.421694	-1.143769
-7.617208	-1.157982
-7.817775	-1.256529
-8.030346	-1.346231
-8.222385	-1.432460
-8.428954	-1.449200
-8.619414	-1.394241
-8.829457	-1.350338
-9.020234	-1.291273
-9.231225	-1.287167
-9.422001	-1.304223
-9.632676	-1.298221
-9.825347	-1.318120
-10.010122	-1.402769
-9.825663	-1.414140
-9.620042	-1.478259
-9.416947	-1.456465
-9.225539	-1.436566
-9.023393	-1.372447
-8.818719	-1.352233
-8.622257	-1.313067
-8.421373	-1.284956
-8.235651	-1.249264
-8.017712	-1.211993
-7.831357	-1.181355
-7.623525	-1.224627
-7.417588	-1.218310
-7.225232	-1.265373
-7.021822	-1.193674
-6.825992	-1.143769
-6.628267	-1.092916
-6.416645	-1.014584
-6.226184	-1.005740
-6.022458	-0.995633
-5.824733	-0.968153
-5.620691	-0.966890
-5.430547	-0.963100
-5.215450	-0.968785
-5.019620	-1.022796
-4.813999	-1.021849
-4.622275	-0.988684
-4.415074	-0.872134
-4.227457	-0.801698
-4.018677	-0.762216
-3.821899	-0.759689
-3.618489	-0.762532
-3.417921	-0.743897
-3.227145	-0.722419
-3.015207	-0.713891
-2.816534	-0.688622
-2.623863	-0.725261
-2.411925	-0.705047
-2.216727	-0.663354
-2.024687	-0.599551
-1.810853	-0.527220
-1.615655	-0.534485
-1.408139	-0.475104
-1.220521	-0.475736
-1.012689	-0.467208
-0.822860	-0.437834
-0.618187	-0.414145
-0.420777	-0.417619
-0.211050	-0.380980
-0.012693	-0.379401
0.189162	-0.293804
0.375856	-0.282433
0.591928	-0.184202
0.780202	-0.105871
0.985850	0.017631
1.182336	0.126615
1.390827	0.258027
1.586682	0.347110
1.779378	0.450091
1.984394	0.466518
2.194149	0.512007
2.386529	0.511691
2.589333	0.542333
2.790559	0.563498
2.979464	0.583399
3.185112	0.589717
3.381914	0.594140
3.592616	0.634258
3.786260	0.643419
3.990012	0.659214
4.183024	0.684170
4.388041	0.716391
4.579789	0.716707
4.790807	0.750508
4.988241	0.715127
5.193889	0.734081
5.383426	0.720814
5.589074	0.740399
5.787140	0.775147
5.989313	0.834852
6.192433	0.821268
6.387341	0.820636
6.594884	0.790310
6.792318	0.825059
6.988173	0.835799
7.187187	0.881604
7.386517	0.870548
7.591218	0.851910
7.794654	0.797260
7.978821	0.806737
8.199315	0.884131
8.379060	0.926777
8.596711	0.949522
8.787828	0.952049
8.996951	0.923302
9.182382	0.873075
9.395926	0.914141
9.581673	0.946047
9.798377	0.980795
9.985703	0.938781
9.797745	0.897083
9.581988	0.849383
9.388660	0.874970
9.187752	0.919827
8.997898	0.965316
8.788144	0.950785
8.592605	0.932779
8.389800	0.871180
8.185732	0.847488
7.988297	0.859807
7.789916	0.878761
7.596903	0.859176
7.384938	0.849067
7.196980	0.822216
6.983119	0.820952
6.789791	0.817793
6.593620	0.828850
6.398081	0.850962
6.184852	0.807369
5.997211	0.811160
5.770082	0.761248
5.600130	0.715759
5.375844	0.708809
5.195153	0.738188
4.984135	0.703439
4.788911	0.735977
4.584843	0.710073
4.390252	0.695858
4.177654	0.661741
3.990960	0.705651
3.781522	0.653212
3.589458	0.674061
3.387600	0.626677
3.179110	0.595719
2.986729	0.529381
2.785504	0.524959
2.585859	0.499687
2.390635	0.532540
2.184356	0.487367
1.980288	0.467466
1.782853	0.392283
1.581944	0.325945
1.390195	0.265609
1.181705	0.140830
0.990588	0.042903
0.776411	-0.096395
0.585926	-0.197152
0.379647	-0.268536
0.186003	-0.288750
-0.012062	-0.322863
-0.220526	-0.350974
-0.421409	-0.401195
-0.612501	-0.415408
-0.826019	-0.504479
-1.009530	-0.523746
-1.221469	-0.548383
-1.418246	-0.543329
-1.615024	-0.523430
-1.825383	-0.523430
-2.006367	-0.525957
-2.223675	-0.553752
-2.412241	-0.609027
-2.614072	-0.616607
-2.818745	-0.723682
-3.021524	-0.768533
-3.219881	-0.816859
-3.431187	-0.847813
-3.608382	-0.835810
-3.828217	-0.828230
-4.010465	-0.807383
-4.225562	-0.809594
-4.420128	-0.824440
-4.628908	-0.795065
-4.815578	-0.790959
-5.015514	-0.809279
-5.221451	-0.857920
-5.422650	-1.004793
-5.616585	-1.050591
-5.829471	-1.115026
-6.018036	-1.114078
-6.220815	-1.127028
-6.421382	-1.124186
-6.613422	-1.150401
-6.831362	-1.169353
-7.018979	-1.151981
-7.228391	-1.113447
-7.419483	-1.172827
-7.623525	-1.229365
-7.827883	-1.344020
-8.029714	-1.426143
-8.220806	-1.387924
-8.430849	-1.321595
-8.612466	-1.228102
-8.830090	-1.222100
-9.019602	-1.232840
-9.230593	-1.234103
-9.422317	-1.273269
-9.631728	-1.319700
-9.821240	-1.352864
-10.023072	-1.478574
-9.819978	-1.566382
-9.634887	-1.647241
-9.417579	-1.569225
-9.233751	-1.503211
-9.020865	-1.353812
-8.816192	-1.322226
-8.621625	-1.264109
-8.423901	-1.251475
-8.231861	-1.227470
-8.021502	-1.235682
-7.823145	-1.234419
-7.623841	-1.300117
-7.419483	-1.321279
-7.221758	-1.290009
-7.027192	-1.221153
-6.825360	-1.167142
-6.632373	-1.108709
-6.404642	-1.067963
-6.221131	-0.992474
-6.018668	-0.926461
-5.823154	-0.895507
-5.621323	-0.900876
-5.425809	-0.969417
-5.218608	-1.019638
-5.020883	-1.049328
-4.816209	-0.976997
-4.627328	-0.932146
-4.417601	-0.848445
-4.224298	-0.810542
-4.015834	-0.761585
-3.819373	-0.737264
-3.621648	-0.667144
-3.415395	-0.685464
-3.229356	-0.672829
-3.018365	-0.711364
-2.819693	-0.728420
-2.615651	-0.747371
-2.416347	-0.699361
-2.227466	-0.644718
-2.028477	-0.595761
-1.809906	-0.556911
-1.624499	-0.546488
-1.412245	-0.507006
-1.219258	-0.484580
-1.015847	-0.460575
-0.823808	-0.448573
-0.614396	-0.421409
-0.423620	-0.439729
-0.211366	-0.391403
-0.021221	-0.379716
0.192321	-0.297278
0.374908	-0.276116
0.584663	-0.195573
0.783045	-0.113135
0.991852	0.024265
1.176966	0.131353
1.383246	0.280456
1.582260	0.349953
1.782853	0.420713
1.986290	0.443142
2.184040	0.483892
2.387792	0.521168
2.582384	0.557496
2.796876	0.560655
2.975041	0.566025
3.192693	0.584031
3.388864	0.591928
3.593248	0.637417
3.789419	0.668691
4.002964	0.700596
4.173548	0.685749
4.390883	0.705651
4.580737	0.677536
4.793018	0.715759
4.987609	0.720814
5.190730	0.744822
5.386585	0.729659
5.589390	0.783361
5.784297	0.761564
5.997211	0.797892
6.181061	0.801999
6.394290	0.850962
6.589514	0.829481
6.790739	0.854753
6.990069	0.841170
7.179606	0.820005
7.393783	0.807053
7.589638	0.834536
7.793074	0.837695
7.984191	0.905296
8.192050	0.895819
8.388221	0.895819
8.595132	0.901190
8.788144	0.900242
8.999478	0.936886
9.175431	0.952996
9.399402	0.966580
9.582305	0.932147
9.792059	0.906244
9.994864	0.850331
9.794902	0.891081
9.595256	0.934043
9.394663	0.980163
9.188383	0.936886
8.998846	0.952681
8.790356	0.867705
8.590077	0.896767
8.392643	0.900874
8.183205	0.905296
7.996511	0.893608
7.785493	0.854753
7.593112	0.775147
7.392835	0.811160
7.190346	0.840222
6.983119	0.864546
6.793582	0.875286
6.583827	0.850331
6.398713	0.822532
6.181377	0.761880
5.997842	0.767250
5.785876	0.786204
5.590653	0.766934
5.374581	0.753035
5.188203	0.738504
4.989505	0.719550
4.792070	0.719550
4.587370	0.693647
4.394358	0.719550
4.182393	0.699333
3.995383	0.678168
3.787208	0.662373
3.585667	0.631415
3.390128	0.608987
3.179741	0.575502
2.989257	0.554021
2.787400	0.556548
2.588386	0.523063
2.388740	0.517693
2.188147	0.473783
1.981235	0.451671
1.786012	0.422293
1.582576	0.345214
1.392722	0.293723
1.177282	0.147780
0.991220	0.029003
0.779254	-0.095447
0.583083	-0.193046
0.383122	-0.275484
0.189478	-0.298226
-0.010482	-0.340866
-0.213261	-0.354764
-0.425199	-0.455206
-0.608395	-0.482685
-0.827914	-0.538275
-1.008267	-0.525957
-1.218626	-0.527852
-1.419510	-0.492161
-1.613444	-0.507322
-1.824751	-0.531011
-2.018054	-0.570493
-2.215779	-0.582495
-2.419505	-0.650088
-2.620704	-0.688622
-2.819377	-0.749898
-3.027525	-0.794749
-3.215459	-0.810542
-3.433714	-0.834547
-3.605223	-0.794749
-3.826005	-0.782115
-4.020888	-0.796013
-4.222403	-0.776430
-4.418549	-0.775798
-4.623222	-0.802014
-4.819368	-0.820334
-5.015198	-0.924565
-5.219556	-0.987736
-5.425177	-1.090073
-5.619428	-1.090705
-5.826944	-1.097338
-6.019300	-1.052802
-6.216077	-1.053434
-6.431490	-1.021217
-6.620371	-1.012057
-6.828835	-0.984894
-7.023085	-1.025955
-7.225864	-1.035746
-7.422326	-1.174091
-7.623841	-1.343073
-7.823145	-1.410982
-8.024976	-1.389819
-8.220174	-1.317173
-8.436851	-1.270110
-8.615940	-1.218942
-8.827247	-1.248316
-9.022129	-1.291589
-9.229646	-1.323490
-9.419474	-1.345916
-9.637730	-1.401190
-9.819661	-1.446673
-10.025914	-1.544588
-9.817135	-1.495315
-9.633939	-1.417930
-9.425475	-1.295379
-9.229329	-1.242947
-9.024972	-1.247369
-8.819350	-1.265688
-8.619730	-1.231892
-8.422637	-1.223364
-8.222701	-1.202202
-8.024660	-1.225575
-7.829146	-1.247685
-7.620366	-1.247369
-7.425484	-1.218626
-7.216704	-1.198096
-7.032561	-1.133345
-6.821254	-1.071122
-6.629847	-1.036062
-6.422014	-0.988684
-6.223973	-0.962784
-6.016457	-0.929935
-5.831998	-0.973839
-5.611847	-1.006688
-5.422019	-1.079966
-5.214186	-1.044906
-5.025621	-1.005424
-4.814314	-0.922355
-4.627960	-0.880030
-4.420128	-0.807068
-4.230299	-0.790959
-4.014571	-0.703467
-3.826321	-0.704415
-3.615962	-0.654194
-3.424554	-0.720208
-3.221460	-0.751161
-3.019945	-0.776114
-2.816534	-0.702520
-2.619125	-0.649140
-2.418558	-0.599551
-2.214515	-0.569861
-2.020265	-0.576178
-1.814644	-0.557543
-1.624499	-0.513007
-1.415088	-0.475104
-1.220205	-0.466261
-1.009846	-0.446993
-0.825071	-0.488370
-0.617871	-0.479211
-0.420146	-0.453942
-0.211366	-0.386349
-0.016484	-0.357291
0.180949	-0.312439
0.385649	-0.281801
0.583715	-0.187677
0.782729	-0.120084
0.991852	0.035953
1.182652	0.134512
1.389879	0.265293
1.591421	0.329419
1.780326	0.409973
1.989448	0.481049
2.178354	0.514218
2.390319	0.510111
2.587122	0.536331
2.788663	0.508532
2.980096	0.569816
3.189218	0.611830
3.386021	0.623518
3.591353	0.672482
3.776151	0.652264
3.999489	0.661425
4.179550	0.679115
4.396254	0.688592
4.584843	0.717655
4.792070	0.722077
4.987294	0.706914
5.191678	0.716391
5.384690	0.726816
5.593812	0.777991
5.782402	0.796312
5.993735	0.849699
6.192118	0.841801
6.394607	0.827586
6.601202	0.829481
6.781262	0.802314
6.998598	0.818741
7.188135	0.839906
7.395994	0.804526
7.592481	0.860755
7.784545	0.871811
7.985455	0.881288
8.194893	0.898663
8.386957	0.900242
8.595132	0.948258
8.781195	0.924882
8.999478	0.951417
9.182382	0.924250
9.393084	0.893292
9.588622	0.878129
9.790480	0.897715
9.998339	0.923618
9.786689	0.987429
9.587675	0.946363
9.394347	0.960262
9.177643	0.904349
8.998530	0.909087
8.786249	0.913194
8.590077	0.933095
8.392327	0.917616
8.175307	0.879709
7.994299	0.813687
7.786757	0.814950
7.585531	0.838958
7.394099	0.896451
7.190031	0.896135
6.983119	0.880025
6.793582	0.856333
6.587934	0.778938
6.399977	0.808316
6.184852	0.809580
5.992472	0.808632
5.786192	0.790626
5.589390	0.743874
5.384690	0.709757
5.186307	0.730922
4.994559	0.719550
4.788911	0.766302
4.578841	0.734713
4.388988	0.733765
4.181761	0.679115
3.988433	0.663637
3.792578	0.620991
3.580612	0.625729
3.392971	0.614989
3.172160	0.590981
2.989573	0.554021
2.787084	0.557496
2.593124	0.504109
2.384949	0.514534
2.189410	0.505373
1.976497	0.461464
1.787591	0.436192
1.573730	0.339528
1.395566	0.267820
1.181073	0.138303
0.989956	0.011629
0.787467	-0.108081
0.590981	-0.187677
0.377435	-0.276116
0.184424	-0.286855
-0.014904	-0.368661
-0.212313	-0.404985
-0.417303	-0.478263
-0.618502	-0.494687
-0.819702	-0.500689
-1.019322	-0.466261
-1.214836	-0.493740
-1.420773	-0.496898
-1.611233	-0.522483
-1.826646	-0.533853
-2.017738	-0.545224
-2.223359	-0.553121
-2.406871	-0.595761
-2.623231	-0.664301
-2.809270	-0.741686
-3.023103	-0.790011
-3.216722	-0.745476
-3.434346	-0.743265
-3.613120	-0.704415
-3.823163	-0.710416
-4.020572	-0.698098
-4.225245	-0.736000
-4.406546	-0.753688
-4.632382	-0.832020
-4.815262	-0.888242
-5.019620	-1.031956
-5.223030	-1.074596
-5.416649	-1.121659
-5.619428	-1.096075
-5.819995	-1.094811
-6.011719	-1.023112
-6.224289	-1.029745
-6.423277	-0.999739
-6.621634	-1.021849
-6.820622	-1.066384
-7.024664	-1.134925
-7.227443	-1.196516
-7.416324	-1.266636
-7.625420	-1.269479
-7.826303	-1.247369
-8.030662	-1.192726
-8.218911	-1.176618
-8.423268	-1.216731
-8.621309	-1.248001
-8.824404	-1.249896
-9.018970	-1.231576
-9.233751	-1.279586
-9.422632	-1.342125
-9.631728	-1.515213
-9.822188	-1.648188
-10.016123	-1.697146
-9.825031	-1.574910
-9.620358	-1.462466
-9.425475	-1.362972
-9.233436	-1.370552
-9.016443	-1.319700
-8.828194	-1.309908
-8.622573	-1.247053
-8.423268	-1.237893
-8.231229	-1.267899
-8.018343	-1.308961
-7.830094	-1.317173
-7.617208	-1.278007
-7.421378	-1.129555
-7.220810	-1.076807
-7.029718	-1.005740
-6.817148	-1.005424
-6.624161	-1.008583
-6.423277	-0.966574
-6.222394	-1.003845
-6.008876	-1.012373
-5.831366	-1.079650
-5.613742	-1.104287
-5.430231	-1.055645
-5.219240	-0.979524
-5.019620	-0.900876
-4.819052	-0.841812
-4.620064	-0.834547
-4.418549	-0.795381
-4.224930	-0.813701
-4.013307	-0.787800
-3.818741	-0.788748
-3.618489	-0.792538
-3.424554	-0.804225
-3.224934	-0.814964
-3.013628	-0.755583
-2.826642	-0.695571
-2.607754	-0.659879
-2.413820	-0.591971
-2.216727	-0.578705
-2.023739	-0.554700
-1.818750	-0.513323
-1.620077	-0.526273
-1.411297	-0.492476
-1.222732	-0.535117
-1.005108	-0.509848
-0.825703	-0.511744
-0.615344	-0.454890
-0.420777	-0.402458
-0.212945	-0.332654
-0.013957	-0.312439
0.185055	-0.265377
0.379647	-0.268220
0.580556	-0.175674
0.776411	-0.105555
0.989640	0.029951
1.195604	0.137039
1.378823	0.257079
1.586050	0.368275
1.775272	0.416606
1.991976	0.469993
2.179302	0.493685
2.385897	0.477574
2.583647	0.500951
2.793086	0.556548
2.983571	0.591612
3.190166	0.636154
3.381598	0.629204
3.592300	0.646262
3.775204	0.603932
3.994751	0.657319
4.186499	0.687645
4.387724	0.727447
4.582316	0.713232
4.787648	0.706914
4.996770	0.676904
5.192941	0.708178
5.389112	0.752087
5.593812	0.821900
5.784929	0.820636
5.988681	0.830429
6.189907	0.795365
6.385761	0.789995
6.601834	0.814318
6.780946	0.830113
6.993860	0.831377
7.187187	0.819689
7.386833	0.824111
7.590270	0.842117
7.796865	0.867705
7.985455	0.898978
8.197104	0.948890
8.387273	0.907508
8.595764	0.930884
8.788775	0.903401
8.994424	0.874654
9.186804	0.891081
9.385818	0.924250
9.593992	0.915721
9.788268	0.988377
9.996443	0.967844
9.790480	0.940677
9.580409	0.910035
9.392451	0.928673
9.192806	0.915405
8.989369	0.943835
8.792251	0.920459
8.585655	0.880972
8.395170	0.870548
8.183520	0.834852
7.992720	0.856017
7.787704	0.881288
7.596272	0.900874
7.383674	0.870864
7.201403	0.864546
6.978065	0.820636
6.794846	0.841801
6.584775	0.828850
6.393343	0.830745
6.190854	0.793785
5.993420	0.763775
5.784613	0.690803
5.591601	0.732818
5.381215	0.734081
5.195468	0.786520
4.987926	0.741663
4.789859	0.756510
4.585475	0.706914
4.386461	0.702807
4.186815	0.676588
3.989381	0.696490
3.797948	0.632679
3.586298	0.625413
3.386653	0.569184
3.181637	0.577713
2.985782	0.578661
2.784241	0.569816
2.592492	0.563182
2.381790	0.529697
2.191305	0.498423
1.977129	0.446301
1.784433	0.404287
1.578785	0.328788
1.386405	0.244444
1.179809	0.116190
0.989956	0.027740
0.778938	-0.118821
0.589401	-0.179149
0.380279	-0.294752
0.188214	-0.330127
-0.010482	-0.413829
-0.216104	-0.466576
-0.412565	-0.484264
-0.624820	-0.470367
-0.820334	-0.489002
-1.011425	-0.452995
-1.212309	-0.518061
-1.416983	-0.506690
-1.618498	-0.524062
-1.822540	-0.535117
-2.014895	-0.541434
-2.231888	-0.603341
-2.407503	-0.675040
-2.622916	-0.705994
-2.814639	-0.740106
-3.026262	-0.717681
-3.224934	-0.693676
-3.422659	-0.705047
-3.615330	-0.718628
-3.818741	-0.748635
-4.016782	-0.746108
-4.227773	-0.792854
-4.419496	-0.831704
-4.619116	-0.910984
-4.817789	-0.972575
-5.017093	-1.022480
-5.227136	-1.028482
-5.416333	-1.020269
-5.625113	-0.974786
-5.825049	-0.999107
-6.020563	-0.982999
-6.222078	-1.005108
-6.424225	-0.991211
-6.614369	-1.016479
-6.830414	-1.123554
-7.017716	-1.205676
-7.235655	-1.300432
-7.414113	-1.300432
-7.620998	-1.281797
-7.820302	-1.257476
-8.028450	-1.256845
-8.225860	-1.267268
-8.421373	-1.280534
-8.619099	-1.222416
-8.827562	-1.274217
-9.014864	-1.268847
-9.233120	-1.361708
-9.422632	-1.457096
-9.622252	-1.495315
-9.820609	-1.433407
-10.018334	-1.393925
-9.826926	-1.313067
-9.628570	-1.298221
-9.420737	-1.269163
-9.230908	-1.276428
-9.028131	-1.197148
-8.826931	-1.175354
-8.626047	-1.233155
-8.425163	-1.318436
-8.230282	-1.441619
-8.016448	-1.451727
-7.830094	-1.394557
-7.619735	-1.320015
-7.422009	-1.225891
-7.232497	-1.162720
-7.028455	-1.126081
-6.823781	-1.070174
-6.624161	-1.052487
-6.420119	-0.984262
-6.223341	-0.997528
-6.013299	-0.996896
-5.829471	-1.042063
-5.622902	-1.009846
-5.422019	-0.981735
-5.227452	-0.887295
-5.013935	-0.808647
-4.821895	-0.740422
-4.616273	-0.756847
-4.414443	-0.749898
-4.219244	-0.820649
-4.023730	-0.814648
-3.812424	-0.852867
-3.622279	-0.859184
-3.414447	-0.838969
-3.229672	-0.805488
-3.011732	-0.737580
-2.824115	-0.667460
-2.614703	-0.651035
-2.413820	-0.610290
-2.217358	-0.574915
-2.032583	-0.562912
-1.813696	-0.518692
-1.622920	-0.534169
-1.411929	-0.506690
-1.214836	-0.535433
-1.009530	-0.497214
-0.821597	-0.459943
-0.615660	-0.402458
-0.415724	-0.372136
-0.217999	-0.343393
-0.013641	-0.338339
0.184108	-0.295383
0.384385	-0.261271
0.582136	-0.190204
0.789047	-0.102712
0.984902	0.025212
1.194656	0.150307
1.377560	0.271295
1.588578	0.363220
1.776851	0.397969
1.990080	0.449775
2.181197	0.468413
2.392215	0.514218
2.580804	0.545492
2.794665	0.584979
2.975041	0.573606
3.197432	0.621307
3.387600	0.597614
3.589773	0.660793
3.784997	0.658898
3.992856	0.682274
4.180497	0.662057
4.391831	0.674061
4.585159	0.638681
4.789543	0.709441
4.992348	0.722393
5.190730	0.787783
5.382794	0.783677
5.587810	0.797892
5.790299	0.783361
5.988365	0.803262
6.196540	0.803894
6.381023	0.830429
6.594252	0.817793
6.785369	0.799471
6.993860	0.794733
7.185292	0.813687
7.398837	0.861071
7.582057	0.879077
7.794338	0.914141
7.982612	0.904033
8.189838	0.895504
8.386326	0.907192
8.589130	0.912878
8.796673	0.898663
8.995687	0.933095
9.186488	0.878761
9.393399	0.931200
9.588939	0.914773
9.787637	0.967212
9.998022	0.946363
9.792059	0.964685
9.598100	0.953628
9.388977	0.944783
9.189647	0.924566
8.988106	0.929936
8.791619	0.868968
8.586919	0.870232
8.396750	0.833588
8.186364	0.866757
7.989877	0.902769
7.787388	0.888870
7.595640	0.884447
7.380831	0.878761
7.200139	0.836747
6.981224	0.846540
6.787896	0.852858
6.590461	0.835483
6.389236	0.813055
6.190538	0.754298
5.993735	0.737872
5.779559	0.738504
5.588758	0.787783
5.379319	0.772936
5.187887	0.776411
4.996139	0.744190
4.783857	0.703123
4.597479	0.695858
4.375089	0.709441
4.184604	0.679431
3.989065	0.685117
3.788787	0.619411
3.585983	0.591296
3.391075	0.589401
3.175635	0.571395
2.990520	0.601405
2.779502	0.572343
2.597231	0.553389
2.381159	0.520220
2.188462	0.474731
1.981551	0.436508
1.786328	0.403971
1.583207	0.327208
1.388300	0.270979
1.180757	0.134196
0.993115	0.045430
0.775147	-0.103660
0.586242	-0.182623
0.377120	-0.277380
0.184108	-0.335813
-0.003534	-0.385718
-0.219894	-0.394246
-0.411934	-0.411934
-0.615976	-0.404985
-0.823808	-0.438465
-1.012057	-0.441308
-1.218626	-0.469419
-1.417930	-0.481422
-1.615339	-0.487739
-1.826330	-0.542697
-2.013000	-0.568597
-2.229361	-0.639033
-2.410661	-0.663985
-2.619757	-0.658300
-2.818114	-0.639349
-3.020576	-0.615976
-3.224303	-0.635874
-3.421396	-0.687990
-3.616910	-0.702520
-3.828217	-0.789696
-4.010780	-0.790643
-4.223351	-0.858236
-4.417917	-0.910352
-4.626697	-0.974155
-4.818737	-1.000055
-5.012039	-1.009530
-5.228084	-0.992474
-5.419807	-0.974786
-5.627956	-0.953308
-5.829155	-1.010162
-6.015193	-1.018374
-6.215445	-1.051539
-6.427383	-1.093864
-6.615633	-1.102076
-6.837047	-1.168089
-7.015189	-1.190515
-7.231865	-1.215783
-7.416324	-1.233155
-7.623841	-1.221785
-7.825988	-1.202833
-8.020238	-1.219890
-8.223965	-1.167458
-8.434008	-1.187988
-8.611202	-1.189567
-8.834827	-1.299169
-9.018655	-1.406244
-9.223644	-1.535112
-9.431477	-1.524689
-9.627306	-1.462150
-9.830716	-1.403085
-10.014228	-1.421405
-9.828506	-1.416351
-9.624147	-1.407823
-9.427686	-1.324437
-9.228382	-1.284956
-9.016759	-1.280534
-8.823772	-1.312435
-8.632364	-1.327912
-8.419794	-1.371184
-8.235651	-1.402138
-8.019607	-1.338019
-7.826935	-1.268215
-7.618787	-1.206939
-7.427063	-1.208203
-7.219231	-1.174407
-7.031298	-1.167773
-6.814937	-1.098917
-6.632689	-1.101760
-6.416013	-1.111236
-6.224605	-1.193674
-6.017720	-1.203149
-5.828207	-1.171564
-5.619428	-1.034799
-5.426756	-0.949518
-5.223030	-0.848760
-5.017409	-0.840548
-4.818737	-0.810542
-4.624486	-0.821597
-4.421075	-0.821281
-4.217349	-0.834231
-4.029732	-0.844023
-3.812740	-0.894559
-3.624806	-0.899613
-3.417290	-0.838969
-3.227461	-0.778957
-3.014575	-0.710416
-2.820009	-0.671882
-2.615335	-0.618818
-2.426454	-0.610922
-2.214831	-0.568913
-2.025950	-0.593866
-1.813380	-0.560069
-1.622604	-0.588496
-1.416351	-0.548699
-1.217363	-0.542066
-1.013321	-0.477631
-0.824440	-0.484580
-0.614396	-0.401195
-0.418567	-0.398036
-0.215472	-0.339603
-0.015220	-0.333602
0.180949	-0.281486
0.382806	-0.263166
0.578345	-0.195257
0.787783	-0.109661
0.978900	0.038796
1.186127	0.147780
1.377560	0.273506
1.585734	0.346794
1.779694	0.394810
1.986921	0.441878
2.179933	0.482313
2.390951	0.541069
2.581120	0.559707
2.792454	0.578661
2.981359	0.570132
3.187323	0.601089
3.386653	0.619727
3.586930	0.673429
3.791314	0.676588
3.995699	0.684170
4.179865	0.625413
4.394990	0.648158
4.584527	0.678168
4.787648	0.745137
4.989189	0.775147
5.184728	0.787783
5.396062	0.787152
5.582124	0.760616
5.789351	0.756510
5.992156	0.821900
6.190854	0.814950
6.388288	0.832009
6.594252	0.804210
6.786001	0.777043
6.994175	0.811475
7.182765	0.820320
7.397573	0.889186
7.586479	0.916669
7.802235	0.901190
7.977873	0.886343
8.192050	0.882236
8.388536	0.861703
8.590394	0.917616
8.789408	0.906876
9.000110	0.910667
9.183329	0.894556
9.394347	0.909087
9.589886	0.898978
9.788268	0.953312
9.989493	0.987745
9.785425	0.969423
9.595572	0.961842
9.386450	0.951101
9.183961	0.862019
8.992212	0.858860
8.788460	0.874970
8.588498	0.875602
8.389800	0.920775
8.185416	0.910351
7.994931	0.914457
7.785493	0.844329
7.592481	0.871495
7.388729	0.868652
7.189714	0.887290
6.989121	0.858544
6.789791	0.840854
6.601518	0.770409
6.394922	0.764407
6.186748	0.746717
5.998474	0.804210
5.787456	0.791258
5.590337	0.788415
5.389744	0.747980
5.187571	0.720498
4.993296	0.716707
4.780698	0.737240
4.590529	0.732186
4.386777	0.730290
4.182709	0.660478
3.992540	0.628256
3.795105	0.600773
3.579981	0.619727
3.389812	0.635206
3.177530	0.611198
2.987361	0.603301
2.784557	0.556232
2.592492	0.524959
2.382422	0.509796
2.186251	0.481365
1.983446	0.443142
1.780958	0.399548
1.582576	0.316468
1.389879	0.251393
1.190234	0.128194
0.990272	0.026476
0.781465	-0.105555
0.584663	-0.214524
0.387860	-0.310228
0.177158	-0.352553
-0.007008	-0.374979
-0.230949	-0.391087
-0.411934	-0.411934
-0.621029	-0.411934
-0.817175	-0.433096
-1.019954	-0.437518
-1.213572	-0.461523
-1.420141	-0.496898
-1.611233	-0.530063
-1.823172	-0.613765
-2.015843	-0.642507
-2.226518	-0.678831
-2.412872	-0.676304
-2.619757	-0.679778
-2.811481	-0.672198
-3.021840	-0.717049
-3.212932	-0.695887
-3.426134	-0.724314
-3.616278	-0.701572
-3.823163	-0.760321
-4.016782	-0.826651
-4.223666	-0.920459
-4.421707	-0.959625
-4.628276	-0.993106
-4.822211	-0.952677
-5.016146	-0.925513
-5.220819	-0.905298
-5.421071	-0.926776
-5.630798	-0.911300
-5.822206	-0.902140
-6.024669	-0.900245
-6.217340	-0.928672
-6.432753	-1.037957
-6.616896	-1.143137
-6.835783	-1.267268
-7.018663	-1.289378
-7.231234	-1.268847
-7.415692	-1.176302
-7.629210	-1.169984
-7.823461	-1.163352
-8.024660	-1.202202
-8.221122	-1.177249
-8.427375	-1.270426
-8.619730	-1.311803
-8.829142	-1.404664
-9.017076	-1.440988
-9.223012	-1.462150
-9.413789	-1.367078
-9.631097	-1.340546
-9.826295	-1.300748
-10.018019	-1.374974
-9.825663	-1.341809
-9.624147	-1.316857
-9.427370	-1.305486
-9.224908	-1.334229
-9.025288	-1.390451
-8.819350	-1.492156
-8.631101	-1.472257
-8.425480	-1.349390
-8.229018	-1.265057
-8.024344	-1.166510
-7.823777	-1.163352
-7.617839	-1.167773
-7.432117	-1.170616
-7.217968	-1.105550
-7.029087	-1.075228
-6.821886	-1.043643
-6.627004	-1.077439
-6.426120	-1.128608
-6.220183	-1.164299
-6.019615	-1.099233
-5.830734	-1.050591
-5.620375	-0.941306
-5.424861	-0.932146
-5.219556	-0.878135
-5.015830	-0.851603
-4.820632	-0.824755
-4.617221	-0.774219
-4.426129	-0.767586
-4.217349	-0.816227
-4.024046	-0.835810
-3.813687	-0.857288
-3.624490	-0.823808
-3.416658	-0.758426
-3.222092	-0.692097
-3.017734	-0.622924
-2.824747	-0.607448
-2.610281	-0.574915
-2.422664	-0.577441
-2.219253	-0.592918
-2.030372	-0.593234
-1.815591	-0.604605
-1.612813	-0.591655
-1.419825	-0.536380
-1.218626	-0.495319
-1.013005	-0.432780
-0.824124	-0.439413
-0.614712	-0.397088
-0.423304	-0.382559
-0.216104	-0.350342
-0.012062	-0.330443
0.181580	-0.343077
0.390703	-0.305806
0.573606	-0.226527
0.784940	-0.109029
0.984902	0.031846
1.186443	0.150307
1.381666	0.249498
1.583523	0.350584
1.780326	0.391019
1.991028	0.478522
2.175511	0.469993
2.393478	0.522747
2.581120	0.548019
2.798456	0.583715
2.984202	0.589401
3.183216	0.622254
3.392023	0.617832
3.585667	0.635206
3.785312	0.591296
3.996962	0.637733
4.181761	0.641840
4.391831	0.713864
4.585791	0.731238
4.784489	0.737240
4.995507	0.754298
5.183780	0.753351
5.390060	0.763459
5.588126	0.798840
5.787772	0.782097
5.988681	0.792838
6.191170	0.780518
6.389552	0.753667
6.597411	0.794733
6.783473	0.820952
6.988805	0.872443
7.184344	0.863598
7.391888	0.873391
7.589006	0.849383
7.792442	0.877182
7.994931	0.883815
8.186680	0.900558
8.397382	0.894556
8.579654	0.898978
8.788460	0.855385
8.995055	0.903401
9.188699	0.923302
9.385502	0.958367
9.593677	0.959946
9.783214	0.963105
10.002130	0.950469
9.781634	0.940361
9.592729	0.924250
9.387397	0.929620
9.189647	0.901506
8.992212	0.879393
8.802991	0.883184
8.582497	0.876550
8.398013	0.911930
8.181941	0.872443
7.993984	0.905612
7.788020	0.883815
7.594692	0.874654
7.389360	0.874023
7.194137	0.868652
6.984699	0.827902
6.791371	0.816214
6.589829	0.762512
6.397134	0.793469
6.187379	0.805473
5.987418	0.804210
5.788088	0.779886
5.584651	0.778938
5.387217	0.739767
5.185044	0.751455
4.995823	0.754614
4.784489	0.746717
4.591477	0.718286
4.384881	0.675009
4.191238	0.636470
3.982431	0.644367
3.792894	0.663321
3.578717	0.643419
3.393918	0.652580
3.177530	0.604564
2.989888	0.578345
2.788031	0.535699
2.592808	0.542333
2.379579	0.504109
2.196676	0.500319
1.970811	0.428926
1.787276	0.421345
1.580996	0.317731
1.390511	0.252657
1.186127	0.139251
0.984586	0.030267
0.783993	-0.109977
0.584347	-0.201890
0.385333	-0.306438
0.185687	-0.327285
-0.015852	-0.366766
-0.218315	-0.371820
-0.418567	-0.386981
-0.620398	-0.410986
-0.812753	-0.409723
-1.021849	-0.407196
-1.204413	-0.445730
-1.426143	-0.481422
-1.615971	-0.528168
-1.822224	-0.561649
-2.018686	-0.555016
-2.223991	-0.565439
-2.409082	-0.536064
-2.625126	-0.580600
-2.808322	-0.590076
-3.021840	-0.643139
-3.223039	-0.655142
-3.424238	-0.696203
-3.621648	-0.748635
-3.814319	-0.835810
-4.020256	-0.896770
-4.222403	-0.970049
-4.407494	-0.945096
-4.623538	-0.946991
-4.820316	-0.877503
-5.018356	-0.895823
-5.224926	-0.906878
-5.421387	-0.893928
-5.632694	-0.909405
-5.818732	-0.924250
-6.024985	-0.927724
-6.216709	-1.012373
-6.427068	-1.074281
-6.626056	-1.105866
-6.821254	-1.106498
-7.024981	-1.071438
-7.225232	-1.081545
-7.414429	-1.068279
-7.627631	-1.107129
-7.820618	-1.128923
-8.025291	-1.171248
-8.230597	-1.241052
-8.422953	-1.352548
-8.627626	-1.433723
-8.819350	-1.447621
-9.024972	-1.416983
-9.231856	-1.394241
-9.420422	-1.328544
-9.629833	-1.341493
-9.824716	-1.372763
-10.015176	-1.353812
-9.827242	-1.315593
-9.622568	-1.254634
-9.437477	-1.269163
-9.223329	-1.354444
-9.030341	-1.419825
-8.822193	-1.416351
-8.627311	-1.363919
-8.427691	-1.275480
-8.226175	-1.230313
-8.020870	-1.189883
-7.837674	-1.220837
-7.613418	-1.136504
-7.423273	-1.073965
-7.221758	-1.040484
-7.029402	-1.054066
-6.826624	-1.138715
-6.618792	-1.254002
-6.425173	-1.255265
-6.221762	-1.223680
-6.014562	-1.120711
-5.830734	-1.051223
-5.620059	-0.984578
-5.419176	-0.957099
-5.225873	-0.923302
-5.011408	-0.866764
-4.829791	-0.866448
-4.614378	-0.876871
-4.423286	-0.921723
-4.218613	-0.962468
-4.023730	-0.930251
-3.813371	-0.860447
-3.622911	-0.803909
-3.426450	-0.713259
-3.222723	-0.702520
-3.016786	-0.629873
-2.821904	-0.634295
-2.617230	-0.594498
-2.418558	-0.599235
-2.218622	-0.586285
-2.020265	-0.604605
-1.823488	-0.575546
-1.608706	-0.549014
-1.416667	-0.512059
-1.217363	-0.513007
-1.013005	-0.453626
-0.826019	-0.452995
-0.620398	-0.404353
-0.410038	-0.387929
-0.224632	-0.370872
-0.005429	-0.348131
0.178422	-0.345604
0.386281	-0.300753
0.578977	-0.207576
0.783993	-0.102712
0.983638	0.016051
1.183916	0.153782
1.387668	0.237810
1.585103	0.350584
1.782221	0.405234
1.991660	0.463359
2.191937	0.473783
2.391267	0.507900
2.589017	0.531908
2.792454	0.578977
2.989257	0.576449
3.186059	0.612777
3.387285	0.595087
3.588826	0.602669
3.788156	0.606144
3.983695	0.651317
4.187763	0.687960
4.386145	0.719550
4.588634	0.709757
4.780066	0.704703
4.999298	0.721761
5.182833	0.759353
5.384058	0.792838
5.583388	0.798840
5.794405	0.793469
5.982048	0.752403
6.200647	0.737872
6.383866	0.762828
6.596464	0.856333
6.778419	0.854753
6.993228	0.898663
7.188451	0.870864
7.393467	0.828218
7.586795	0.818109
7.804762	0.891713
7.982927	0.891397
8.195841	0.914141
8.391379	0.864546
8.596395	0.834220
8.798569	0.872127
8.986842	0.921091
9.192174	0.945099
9.389608	0.985218
9.590202	0.963105
9.785741	0.934675
9.992969	0.911298
9.795534	0.897399
9.592097	0.940045
9.376972	0.917932
9.197860	0.907823
8.980524	0.890765
8.799200	0.886974
8.585024	0.846856
8.391696	0.900874
8.188259	0.922986
7.986718	0.917616
7.794338	0.886974
7.595956	0.903085
7.382411	0.820636
7.196980	0.828850
6.986594	0.797892
6.788844	0.801683
6.595832	0.809896
6.386709	0.812423
6.196540	0.799471
5.986786	0.794417
5.788404	0.779570
5.588126	0.788415
5.383426	0.770409
5.188203	0.757457
4.994559	0.716391
4.786068	0.682274
4.588950	0.674693
4.376036	0.660478
4.190922	0.682906
3.980852	0.687960
3.796369	0.658266
3.585351	0.638049
3.385705	0.608671
3.192377	0.575502
2.981359	0.593824
2.789611	0.557812
2.594704	0.553705
2.383370	0.499371
2.191305	0.459252
1.985342	0.420081
1.780010	0.391967
1.587946	0.346162
1.381034	0.245075
1.192445	0.138303
0.982375	0.036901
0.782413	-0.105555
0.585294	-0.190520
0.384701	-0.274853
0.183160	-0.332970
-0.001954	-0.340866
-0.223368	-0.402774
-0.407512	-0.397404
-0.630821	-0.445414
-0.813069	-0.468156
-1.013952	-0.487107
-1.212309	-0.530063
-1.417930	-0.575230
-1.619130	-0.591339
-1.816223	-0.608079
-2.017738	-0.567650
-2.224307	-0.591971
-2.409398	-0.579652
-2.626390	-0.616607
-2.818114	-0.645982
-3.016786	-0.653246
-3.221460	-0.686411
-3.415710	-0.723366
-3.632703	-0.818123
-3.818741	-0.907194
-4.021520	-0.925513
-4.219244	-0.930567
-4.419812	-0.900876
-4.624486	-0.877187
-4.825054	-0.899297
-5.015830	-0.877819
-5.225557	-0.918248
-5.416018	-0.895191
-5.628903	-0.941622
-5.820627	-0.979840
-6.024037	-1.056277
-6.216393	-1.113762
-6.420119	-1.146927
-6.626372	-1.084072
-6.819359	-1.096706
-7.026875	-1.060383
-7.231865	-1.118816
-7.416008	-1.098917
-7.629842	-1.134293
-7.821250	-1.156719
-8.022765	-1.232524
-8.229650	-1.302643
-8.420742	-1.409402
-8.631101	-1.466572
-8.821877	-1.501000
-9.021813	-1.416667
-9.227434	-1.387292
-9.430529	-1.362656
-9.624147	-1.342125
-9.828821	-1.314330
-10.017702	-1.282745
-9.824083	-1.254002
-9.627306	-1.254634
-9.431477	-1.284956
-9.226171	-1.352864
-9.026551	-1.385081
-8.812402	-1.373079
-8.626047	-1.353812
-8.427691	-1.240420
-8.223017	-1.204728
-8.023081	-1.118184
-7.828830	-1.078071
-7.614049	-1.055013
-7.421062	-1.075544
-7.229654	-1.115342
-7.028771	-1.240104
-6.830730	-1.263477
-6.620371	-1.229365
-6.427700	-1.166194
-6.217656	-1.060067
-6.022458	-0.990895
-5.820311	-0.928040
-5.623534	-0.868028
-5.418228	-0.818754
-5.230295	-0.792222
-5.006986	-0.793170
-4.827264	-0.868028
-4.618484	-0.963416
-4.422339	-1.005740
-4.213559	-0.964679
-4.026889	-0.865185
-3.817162	-0.736948
-3.620700	-0.708205
-3.422659	-0.671882
-3.223671	-0.673145
-3.019945	-0.643139
-2.818745	-0.626083
-2.623547	-0.607132
-2.418558	-0.636506
-2.228097	-0.631453
-2.012053	-0.642823
-1.815275	-0.599551
-1.615339	-0.549646
-1.419510	-0.506690
-1.212941	-0.474789
-1.019954	-0.469419
-0.810542	-0.451731
-0.624504	-0.429621
-0.412249	-0.412565
-0.227475	-0.402774
-0.007956	-0.371188
0.183792	-0.359502
0.384385	-0.286223
0.576134	-0.222421
0.790626	-0.092920
0.974793	0.003732
1.198447	0.148727
1.378507	0.226753
1.585103	0.339528
1.780010	0.395126
1.983762	0.471888
2.184672	0.507268
2.391267	0.566025
2.584279	0.551494
2.791822	0.595087
2.984518	0.555284
3.187955	0.587190
3.388864	0.599510
3.581560	0.597299
3.791630	0.638681
3.986538	0.660793
4.184288	0.673429
4.382670	0.708494
4.595268	0.724604
4.786384	0.735029
4.989189	0.763143
5.191362	0.763775
5.387848	0.766302
5.583072	0.729659
5.796617	0.748612
5.983943	0.746717
6.192750	0.810528
6.389868	0.834852
6.587618	0.841170
6.790107	0.841486
6.984067	0.847172
7.190346	0.819373
7.395362	0.873707
7.585531	0.853174
7.799077	0.889186
7.985770	0.858860
8.185732	0.834852
8.398330	0.861703
8.589762	0.874339
8.802675	0.934675
8.988737	0.958367
9.189962	0.938781
9.386765	0.931831
9.594309	0.893924
9.789532	0.924250
9.996759	0.950785
9.787952	0.941940
9.596519	0.942572
9.378868	0.873391
9.192174	0.887290
8.990001	0.894240
8.794462	0.917932
8.590710	0.921091
8.387905	0.937202
8.190154	0.903401
7.985770	0.898663
7.791811	0.857280
7.596903	0.860755
7.385885	0.844329
7.189083	0.839274
6.994175	0.826954
6.779051	0.826954
6.598990	0.849699
6.381023	0.795365
6.202226	0.804526
5.984259	0.820636
5.789035	0.786204
5.588442	0.792838
5.387533	0.777675
5.185676	0.727447
4.993611	0.712284
4.792070	0.651317
4.588002	0.712284
4.385513	0.694910
4.189974	0.708809
3.987801	0.682590
3.793842	0.662057
3.585667	0.609934
3.383494	0.627940
3.188902	0.600457
2.983886	0.616568
2.781082	0.553073
2.585859	0.526222
2.383370	0.466518
2.176142	0.461780
1.986921	0.454514
1.777483	0.414711
1.590789	0.362588
1.382298	0.261186
1.188970	0.148096
0.985850	0.016999
0.787783	-0.094184
0.579608	-0.207260
0.394178	-0.264114
0.181896	-0.323494
-0.010798	-0.316230
-0.220842	-0.368030
-0.414145	-0.373399
-0.623556	-0.419514
-0.815596	-0.457417
-1.015847	-0.527536
-1.207571	-0.543961
-1.425195	-0.589444
-1.621657	-0.552805
-1.814960	-0.569229
-2.019949	-0.554068
-2.220517	-0.597340
-2.416347	-0.593550
-2.618494	-0.616291
-2.818429	-0.621029
-3.014891	-0.664933
-3.227145	-0.715470
-3.417921	-0.805488
-3.622279	-0.846549
-3.815582	-0.858552
-4.023415	-0.838337
-4.217033	-0.794118
-4.422339	-0.790959
-4.622275	-0.826966
-4.825054	-0.859815
-5.012039	-0.830125
-5.223662	-0.838021
-5.415386	-0.868343
-5.621007	-0.950150
-5.823786	-1.055329
-6.021194	-1.145348
-6.210076	-1.153876
-6.423594	-1.134609
-6.625109	-1.097654
-6.827256	-1.101444
-7.032877	-1.111236
-7.222390	-1.117553
-7.424221	-1.112815
-7.615313	-1.150086
-7.830726	-1.173775
-8.024029	-1.321911
-8.231229	-1.432144
-8.421373	-1.449832
-8.632680	-1.383502
-8.812717	-1.294431
-9.030025	-1.238209
-9.219853	-1.256213
-9.435899	-1.317173
-9.620673	-1.354444
-9.825663	-1.381607
-10.020861	-1.377185
-9.823136	-1.380028
-9.625411	-1.415719
-9.430213	-1.509528
-9.224908	-1.515213
-9.033184	-1.512055
-8.819982	-1.418878
-8.621625	-1.365498
-8.425480	-1.266636
-8.229650	-1.199043
-8.026871	-1.151665
-7.820618	-1.147875
-7.622262	-1.151665
-7.420746	-1.225891
-7.223653	-1.239473
-7.025296	-1.244210
-6.828835	-1.179460
-6.623213	-1.104603
-6.423277	-1.035746
-6.219235	-0.960889
-6.029407	-0.965627
-5.814310	-0.926461
-5.627324	-0.900876
-5.419492	-0.880662
-5.225241	-0.887295
-5.018988	-0.924881
-4.820632	-1.015532
-4.620696	-0.963731
-4.429919	-0.938463
-4.210401	-0.830757
-4.033838	-0.790327
-3.814319	-0.725893
-3.614699	-0.719892
-3.425818	-0.687359
-3.206299	-0.670303
-3.023103	-0.663670
-2.814323	-0.680410
-2.617862	-0.643771
-2.418242	-0.683253
-2.216727	-0.640612
-2.021213	-0.606816
-1.822540	-0.551225
-1.614076	-0.507006
-1.422984	-0.484264
-1.206308	-0.438465
-1.016163	-0.433096
-0.815596	-0.447625
-0.615660	-0.422673
-0.417619	-0.414460
-0.215156	-0.403090
-0.018695	-0.374347
0.190741	-0.346552
0.383753	-0.269167
0.578029	-0.226211
0.788415	-0.094816
0.986481	0.010365
1.186759	0.143989
1.393038	0.246655
1.575310	0.346162
1.787591	0.425767
1.976497	0.485472
2.188462	0.489578
2.388108	0.532224
2.582068	0.515798
2.792454	0.564761
2.987993	0.584663
3.173424	0.580872
3.394234	0.613409
3.582508	0.605512
3.798580	0.635838
3.990960	0.653844
4.194396	0.682274
4.388672	0.725236
4.589266	0.732186
4.779435	0.735977
4.993611	0.748612
5.187255	0.698385
5.391324	0.754930
5.581176	0.738188
5.789667	0.768198
5.988050	0.811791
6.192118	0.834852
6.392079	0.804842
6.586355	0.813371
6.794214	0.839590
6.983119	0.865493
7.190346	0.860123
7.392203	0.879709
7.595008	0.842433
7.792127	0.826322
8.000934	0.827586
8.182573	0.858544
8.397382	0.933727
8.583444	0.927409
8.798569	0.931200
8.984315	0.904665
9.192806	0.898978
9.384554	0.921723
9.598415	0.977952
9.782267	0.955524
9.993916	0.974793
9.789532	0.874023
9.598100	0.848751
9.383923	0.873075
9.190279	0.928988
8.994108	0.941308
8.789723	0.965316
8.588498	0.911298
8.386642	0.898978
8.187628	0.865178
7.993036	0.888870
7.794970	0.876234
7.599115	0.874970
7.391888	0.816214
7.191926	0.789047
6.997334	0.799156
6.778419	0.821584
6.595832	0.843697
6.390816	0.850962
6.190538	0.831061
5.989629	0.797260
5.794090	0.781465
5.585599	0.727763
5.389744	0.761880
5.185676	0.724288
4.991716	0.726500
4.782909	0.709125
4.586422	0.716391
4.385197	0.682274
4.187763	0.687013
3.988433	0.662689
3.787208	0.676272
3.586930	0.628572
3.381283	0.629836
3.192061	0.589717
2.979464	0.564761
2.793086	0.533804
2.586490	0.522747
2.390003	0.502214
2.186251	0.507584
1.985974	0.461780
1.781905	0.397653
1.590473	0.338580
1.380087	0.252025
1.189286	0.158204
0.978900	0.015736
0.790942	-0.090709
0.574554	-0.194941
0.389124	-0.250532
0.180317	-0.304543
-0.009851	-0.320652
-0.218315	-0.361713
-0.418251	-0.385086
-0.616923	-0.433412
-0.816227	-0.472578
-1.018690	-0.549014
-1.209150	-0.552173
-1.419194	-0.583758
-1.618498	-0.567966
