# Configuration automatically generated by WRITE_CONFIG()
connection eth
ip 192.168.0.10
samplehz 1000.000000
settleus 10.000000
nsample 128

# Analog Inputs
aichannel 0
ainegative 199
airange 10.000000
airesolution 0

aichannel 1
ainegative 199
airange 10.000000
airesolution 0

# Analog Outputs
aochannel 0
aosignal triangle
aofrequency 5.000000
aoamplitude 2.000000
aooffset 2.500000
aoduty 0.500000

# Meta Parameters
int:periods 10
flt:plate_Thigh_C 387.668286
flt:plate_Tlow_C 203.096979
flt:plate_Q_kW 1.128380
flt:plate_Tpeak_C 1247.885162
flt:cool_Thigh_C 79.140935
flt:cool_Tlow_C 23.000685
flt:air_psig 80.000000
flt:water_gph 1.400000
flt:cool_Q_kW 0.000000
flt:standoff_in 0.228000
flt:oxygen_scfh 12.930031
flt:fuel_scfh 7.148344
flt:flow_scfh 20.078375
flt:ratio_fto 0.552848

## End Configuration ##
#: Mon Jul 25 16:27:00 2016
-7.025296	-3.635545
-9.173423	-4.321265
-9.155419	-4.320950
-9.165526	-4.311474
-9.136784	-4.299471
-9.121939	-4.297260
-9.022760	-4.289996
-8.815560	-4.225562
-8.625416	-4.163023
-8.427691	-4.064476
-8.228703	-4.004779
-8.027819	-3.927711
-7.829462	-3.896441
-7.620050	-3.831375
-7.425484	-3.749253
-7.237866	-3.707244
-7.026560	-3.603644
-6.841469	-3.552160
-6.620055	-3.500675
-6.428963	-3.452034
-6.217656	-3.390758
-6.021511	-3.311794
-5.826944	-3.260626
-5.624797	-3.203772
-5.428336	-3.149761
-5.214186	-3.076798
-5.025305	-3.023419
-4.812103	-2.946035
-4.640594	-2.900867
-4.424866	-2.845909
-4.224614	-2.765682
-4.028784	-2.711987
-3.814950	-2.625758
-3.625438	-2.558797
-3.424238	-2.486782
-3.226829	-2.429297
-3.025630	-2.346227
-2.831695	-2.279897
-2.620704	-2.208830
-2.416347	-2.109968
-2.238836	-2.070170
-2.020581	-1.993733
-1.833911	-1.912559
-1.622920	-1.864549
-1.428354	-1.762528
-1.211677	-1.729679
-1.020585	-1.627974
-0.834231	-1.567330
-0.621029	-1.481101
-0.428358	-1.345916
-0.224000	-1.194621
-0.021221	-1.024691
0.181580	-0.831704
0.372065	-0.593234
0.567288	-0.385402
0.781465	-0.133350
0.968791	0.042271
1.176334	0.191689
1.379455	0.351216
1.566149	0.404602
1.775587	0.442826
1.971758	0.434613
2.170141	0.454514
2.371682	0.490210
2.580173	0.532224
2.773500	0.547387
2.982307	0.516113
3.176267	0.533488
3.373069	0.515482
3.579033	0.594771
3.769202	0.590981
3.983063	0.615620
4.168493	0.604564
4.378563	0.565077
4.578209	0.603301
4.775959	0.627624
4.975289	0.670270
5.178094	0.651948
5.375844	0.651632
5.564118	0.617200
5.779874	0.632995
5.975414	0.681011
6.165583	0.668691
6.387657	0.689224
6.573719	0.661109
6.780946	0.659214
6.971747	0.682274
7.175815	0.700280
7.380515	0.729027
7.577002	0.703439
7.779807	0.697753
7.971555	0.689540
8.177519	0.715127
8.365160	0.724920
8.583444	0.756510
8.766979	0.724920
8.981472	0.705651
9.175116	0.741663
9.365601	0.719866
9.577250	0.741663
9.771842	0.758089
9.984123	0.741663
9.768998	0.735661
9.574408	0.754930
9.370655	0.737556
9.174168	0.741031
8.983051	0.763775
8.769191	0.709757
8.580285	0.717655
8.370214	0.724604
8.176887	0.690803
7.973766	0.734081
7.773489	0.698701
7.582688	0.707230
7.370722	0.703755
7.174236	0.676904
6.973958	0.676588
6.765783	0.680379
6.574983	0.685749
6.378812	0.667111
6.173796	0.696805
5.972570	0.645630
5.777347	0.656055
5.570436	0.667111
5.367315	0.620991
5.179358	0.643735
4.972446	0.630468
4.778487	0.618464
4.574103	0.591612
4.377300	0.595719
4.171021	0.588769
3.985274	0.601405
3.774256	0.589085
3.578085	0.540753
3.381598	0.550230
3.173424	0.523379
2.977569	0.546755
2.772552	0.522431
2.582700	0.524643
2.376104	0.493685
2.176774	0.459884
1.977129	0.450723
1.770533	0.424504
1.573730	0.404918
1.378191	0.307307
1.179177	0.215381
0.970371	0.030898
0.778306	-0.157987
0.576449	-0.355711
0.368275	-0.631453
0.191689	-0.814016
-0.025643	-1.023428
-0.214840	-1.198411
-0.432780	-1.348127
-0.623556	-1.465624
-0.826651	-1.543009
-1.022796	-1.636818
-1.218942	-1.696830
-1.423932	-1.780216
-1.615971	-1.846861
-1.831384	-1.930878
-2.019633	-1.998787
-2.233467	-2.071749
-2.423295	-2.164611
-2.618494	-2.204724
-2.822851	-2.286846
-3.024683	-2.362335
-3.228409	-2.423295
-3.428976	-2.497205
-3.625122	-2.547742
-3.820636	-2.594173
-4.026258	-2.655764
-4.225877	-2.743256
-4.417285	-2.800426
-4.635225	-2.874967
-4.820632	-2.947298
-5.029096	-2.998466
-5.217345	-3.088485
-5.422650	-3.130178
-5.630167	-3.215775
-5.825365	-3.255572
-6.027196	-3.328535
-6.217972	-3.398023
-6.427700	-3.461509
-6.625424	-3.538262
-6.829782	-3.582482
-7.020875	-3.654181
-7.229654	-3.678185
-7.434644	-3.784944
-7.616260	-3.823795
-7.825988	-3.874647
-8.025291	-3.963086
-8.221122	-3.990566
-8.431480	-4.080900
-8.619099	-4.133648
-8.823457	-4.208821
-9.015496	-4.259042
-9.135837	-4.281152
-9.158578	-4.284310
-9.162368	-4.300419
-9.169002	-4.313053
-9.163947	-4.318738
-9.169949	-4.319370
-9.158578	-4.308000
-9.151629	-4.301998
-9.111516	-4.302630
-9.026235	-4.276730
-8.825352	-4.209453
-8.617204	-4.129226
-8.429901	-4.056263
-8.225544	-3.984249
-8.026239	-3.949505
-7.818723	-3.883807
-7.628263	-3.853169
-7.420746	-3.789366
-7.225232	-3.689872
-7.034456	-3.653865
-6.823149	-3.591010
-6.633636	-3.549949
-6.415381	-3.476670
-6.228395	-3.399918
-6.020247	-3.332009
-5.826944	-3.251150
-5.631114	-3.229356
-5.422334	-3.153867
-5.226189	-3.094171
-5.015830	-2.994992
-4.830739	-2.932453
-4.613747	-2.884127
-4.436868	-2.812744
-4.232826	-2.779895
-4.018045	-2.689877
-3.822531	-2.613124
-3.628912	-2.551532
-3.431819	-2.477622
-3.223671	-2.430876
-3.027525	-2.360440
-2.825378	-2.293795
-2.630496	-2.207251
-2.425190	-2.145343
-2.220833	-2.067011
-2.035426	-2.008578
-1.823803	-1.945723
-1.620077	-1.851283
-1.422352	-1.790323
-1.221469	-1.697462
-1.024060	-1.644714
-0.823492	-1.550273
-0.627346	-1.473205
-0.421725	-1.356023
-0.226843	-1.202518
-0.017115	-1.038589
0.174947	-0.816227
0.377120	-0.600183
0.582767	-0.350026
0.766618	-0.159566
0.982375	0.049536
1.176966	0.226438
1.374085	0.310150
1.577837	0.396073
1.770849	0.411236
1.976813	0.465570
2.172668	0.469993
2.377368	0.516745
2.573539	0.512323
2.777607	0.502214
2.975357	0.524011
3.168369	0.516113
3.383178	0.567604
3.572715	0.578345
3.784365	0.597614
3.972954	0.589401
4.172284	0.567920
4.379195	0.599826
4.571576	0.624781
4.777855	0.650685
4.978765	0.635206
5.176199	0.626045
5.370474	0.603932
5.579281	0.644999
5.769134	0.677852
5.971307	0.671534
6.182325	0.695226
6.370914	0.648789
6.584144	0.639944
6.765783	0.668375
6.976801	0.724920
7.168550	0.732502
7.377672	0.717023
7.577634	0.689856
7.776648	0.646894
7.975662	0.732502
8.159513	0.744822
8.377165	0.752403
8.565122	0.737872
8.789723	0.698701
8.979893	0.709441
9.165639	0.722709
9.380763	0.775779
9.564614	0.783993
9.774685	0.747665
9.975278	0.710705
9.774053	0.691119
9.566194	0.757457
9.373182	0.786836
9.172904	0.783993
8.971995	0.744190
8.776456	0.704387
8.576179	0.695226
8.374953	0.719234
8.174676	0.753667
7.970923	0.717339
7.787388	0.704703
7.575423	0.660793
7.380831	0.669323
7.173920	0.704703
6.973642	0.717655
6.768311	0.701860
6.587618	0.663952
6.375337	0.643735
6.171585	0.629836
5.979520	0.687960
5.769766	0.672482
5.578018	0.663005
5.373317	0.650369
5.171776	0.611514
4.978765	0.622886
4.771221	0.621938
4.574419	0.638365
4.370350	0.606144
4.180497	0.583083
3.972638	0.565393
3.776151	0.552441
3.578085	0.600773
3.364540	0.555916
3.181321	0.559391
2.965564	0.500319
2.788031	0.513270
2.573223	0.511059
2.364416	0.489262
2.175827	0.500635
1.968599	0.457041
1.776535	0.427031
1.568676	0.378383
1.373137	0.317415
1.171596	0.186003
0.984902	0.045430
0.769461	-0.151354
0.571711	-0.388876
0.379647	-0.588496
0.169576	-0.827282
-0.025012	-1.044274
-0.229054	-1.218626
-0.424568	-1.358234
-0.629242	-1.468151
-0.823492	-1.565750
-1.017427	-1.648188
-1.222732	-1.726520
-1.415088	-1.772635
-1.634922	-1.853178
-1.814328	-1.923613
-2.037005	-2.020265
-2.223044	-2.096702
-2.421716	-2.144080
-2.631128	-2.231888
-2.824115	-2.285583
-3.031631	-2.352228
-3.221776	-2.440667
-3.426134	-2.496890
-3.621016	-2.565430
-3.826321	-2.603333
-4.022467	-2.686402
-4.223035	-2.741677
-4.434025	-2.837065
-4.621959	-2.901815
-4.821579	-2.946351
-5.025937	-3.024051
-5.223030	-3.063848
-5.425177	-3.174082
-5.621639	-3.220828
-5.833577	-3.277682
-6.022774	-3.339589
-6.223658	-3.385704
-6.426436	-3.443821
-6.622266	-3.528786
-6.826624	-3.592589
-7.023401	-3.637440
-7.231549	-3.717351
-7.414429	-3.747989
-7.625736	-3.829480
-7.824409	-3.917603
-8.022133	-3.957085
-8.231861	-4.026889
-8.424216	-4.054684
-8.627311	-4.115328
-8.827562	-4.171866
-9.030341	-4.254936
-9.131414	-4.277362
-9.170581	-4.281152
-9.196796	-4.270413
-9.213221	-4.260305
-9.247017	-4.262516
-9.203114	-4.269149
-9.197744	-4.272940
-9.172160	-4.271992
-9.148471	-4.264411
-9.026235	-4.247987
-8.818402	-4.189238
-8.624152	-4.144703
-8.424532	-4.074899
-8.223332	-4.017413
-8.021502	-3.948873
-7.831673	-3.903390
-7.621630	-3.842746
-7.426432	-3.766941
-7.234392	-3.721458
-7.019611	-3.624490
-6.830414	-3.565425
-6.614686	-3.500360
-6.427068	-3.450139
-6.222078	-3.400865
-6.023406	-3.325376
-5.831050	-3.265995
-5.626377	-3.199982
-5.427388	-3.153867
-5.213871	-3.082484
-5.028464	-3.033211
-4.813051	-2.938770
-4.633014	-2.883180
-4.422971	-2.826957
-4.223035	-2.737571
-4.030679	-2.705038
-3.816530	-2.623863
-3.623227	-2.552796
-3.425502	-2.495310
-3.226514	-2.421400
-3.023103	-2.346859
-2.826010	-2.263473
-2.620704	-2.213884
-2.416662	-2.116285
-2.236941	-2.071433
-2.019949	-2.017107
-1.823803	-1.921718
-1.621657	-1.882236
-1.427090	-1.766318
-1.226522	-1.729995
-1.016163	-1.627974
-0.827598	-1.570804
-0.631768	-1.487103
-0.423304	-1.356970
-0.224632	-1.202202
-0.025328	-1.001318
0.180001	-0.813069
0.371118	-0.591971
0.571395	-0.378769
0.781465	-0.139351
0.972266	0.048589
1.176334	0.191373
1.378507	0.324049
1.570256	0.393546
1.775587	0.445985
1.975549	0.456093
2.174247	0.466518
2.368523	0.475995
2.584911	0.504741
2.771289	0.534751
2.968724	0.537278
3.181321	0.554653
3.371490	0.523063
3.581560	0.569816
3.768570	0.556864
3.985590	0.599194
4.170704	0.622886
4.371930	0.591296
4.580737	0.621938
4.771537	0.620359
4.979712	0.624781
5.174619	0.631099
5.380267	0.659846
5.565066	0.637417
5.782718	0.633626
5.982679	0.668691
6.168109	0.644051
6.387341	0.693647
6.577826	0.675325
6.780314	0.672797
6.970483	0.697121
7.174868	0.675641
7.377040	0.699649
7.576055	0.717970
7.778859	0.714812
7.966185	0.710705
8.175940	0.741031
8.368004	0.699964
8.580285	0.713232
8.771086	0.727763
8.977365	0.703755
9.172588	0.758721
9.363073	0.747665
9.577250	0.729027
9.768998	0.747349
9.971487	0.741979
9.770578	0.742294
9.575039	0.763459
9.368759	0.755562
9.171957	0.711337
8.988737	0.743242
8.767927	0.729659
8.577758	0.718918
8.376533	0.760932
8.177519	0.712600
7.975346	0.706914
7.771909	0.672482
7.582057	0.703123
7.365668	0.707862
7.174868	0.714180
6.977433	0.697437
6.766099	0.661425
6.578142	0.668059
6.381339	0.648474
6.176323	0.694910
5.970043	0.672482
5.788088	0.658266
5.573595	0.651317
5.367631	0.606459
5.181569	0.638681
4.973394	0.641208
4.775012	0.652896
4.575682	0.620043
4.371614	0.576134
4.169125	0.552441
3.979588	0.578977
3.769202	0.602669
3.571451	0.579608
3.377492	0.574554
3.165210	0.512955
2.980412	0.519904
2.770973	0.509164
2.582384	0.528433
2.378000	0.515482
2.171088	0.476311
1.979340	0.445985
1.767690	0.403971
1.571835	0.398916
1.377244	0.322470
1.180441	0.216961
0.971634	0.032478
0.782097	-0.174727
0.578029	-0.346868
0.366695	-0.622924
0.182528	-0.836758
-0.031645	-1.055013
-0.219894	-1.219258
-0.425199	-1.335492
-0.627346	-1.465624
-0.819702	-1.551853
-1.025323	-1.638713
-1.219258	-1.705042
-1.422352	-1.786533
-1.621657	-1.844018
-1.833279	-1.921087
-2.018686	-2.005736
-2.226202	-2.072065
-2.423295	-2.165558
-2.615967	-2.216727
-2.830116	-2.286215
-3.025314	-2.363283
-3.229672	-2.428033
-3.428976	-2.493415
-3.626070	-2.544584
-3.820952	-2.603017
-4.026573	-2.674084
-4.226825	-2.761260
-4.419496	-2.811796
-4.636804	-2.886022
-4.820947	-2.952668
-5.021831	-2.984569
-5.231243	-3.080273
-5.420439	-3.130810
-5.633009	-3.231883
-5.819995	-3.277682
-6.024669	-3.346222
-6.222394	-3.417921
-6.427383	-3.475407
-6.634268	-3.540789
-6.830098	-3.568268
-7.024033	-3.639967
-7.221126	-3.662077
-7.428011	-3.758097
-7.615944	-3.830743
-7.823145	-3.881912
-8.034136	-3.976036
-8.220490	-4.000357
-8.429585	-4.067950
-8.620994	-4.112485
-8.826615	-4.194608
-9.018655	-4.263464
-9.124466	-4.295050
-9.145944	-4.301367
-9.161736	-4.305473
-9.161736	-4.321265
-9.148787	-4.337058
-9.146259	-4.336426
-9.148155	-4.321265
-9.160157	-4.295997
-9.135521	-4.277362
-9.021497	-4.246092
-8.826615	-4.202504
-8.617204	-4.143124
-8.432744	-4.076478
-8.219543	-3.988671
-8.030029	-3.938766
-7.820934	-3.864856
-7.629210	-3.836113
-7.418851	-3.795368
-7.220494	-3.688925
-7.033508	-3.649759
-6.816516	-3.578691
-6.624161	-3.522469
-6.416329	-3.468458
-6.226184	-3.391074
-6.023406	-3.325692
-5.823470	-3.241675
-5.631114	-3.189874
-5.419492	-3.148498
-5.228084	-3.094802
-5.016461	-3.023735
-4.822526	-2.948246
-4.624486	-2.878126
-4.425498	-2.800426
-4.232510	-2.773262
-4.019309	-2.701247
-3.826953	-2.627653
-3.623859	-2.569536
-3.426765	-2.485203
-3.220512	-2.435930
-3.028157	-2.355703
-2.823167	-2.281161
-2.624495	-2.190195
-2.425190	-2.130498
-2.217990	-2.052798
-2.032583	-1.997208
-1.823172	-1.949514
-1.629237	-1.854757
-1.422036	-1.801062
-1.221469	-1.692408
-1.030693	-1.639976
-0.823492	-1.556906
-0.631453	-1.462466
-0.423304	-1.357918
-0.224632	-1.198096
-0.018379	-1.028798
0.176842	-0.826019
0.376804	-0.623556
0.578345	-0.355396
0.764723	-0.166199
0.984270	0.031530
1.176966	0.220436
1.371558	0.311098
1.579732	0.415027
1.768006	0.420081
1.974285	0.443773
2.170772	0.452303
2.378631	0.495264
2.577013	0.535383
2.778871	0.526222
2.975041	0.542017
3.165842	0.504741
3.379387	0.538858
3.569872	0.566657
3.783733	0.616252
3.973270	0.610882
4.171336	0.593192
4.375405	0.581820
4.573155	0.594771
4.775644	0.646578
4.977185	0.669323
5.180305	0.664584
5.372685	0.626361
5.584020	0.608355
5.768187	0.628572
5.975729	0.668059
6.184536	0.715443
6.370598	0.686065
6.589829	0.672797
6.770522	0.655423
6.980592	0.665216
7.172972	0.723972
7.371038	0.724604
7.580793	0.746085
7.772857	0.685433
7.980084	0.680063
8.168989	0.708178
8.381587	0.763459
8.569545	0.760932
8.784038	0.726500
8.979893	0.723341
9.164060	0.674377
9.372866	0.717970
9.572827	0.777675
9.767103	0.772620
9.977805	0.770725
9.773737	0.716391
9.571564	0.717655
9.373814	0.733449
9.171640	0.761564
8.970732	0.751771
8.783722	0.730922
8.573336	0.708809
8.375585	0.684486
8.172780	0.727447
7.974398	0.721445
7.778859	0.748296
7.571316	0.687645
7.377357	0.663952
7.169497	0.672166
6.973958	0.685749
6.773681	0.700596
6.579721	0.688592
6.376600	0.684170
6.173796	0.643735
5.982679	0.667427
5.765975	0.648158
5.574227	0.662689
5.378056	0.670270
5.168617	0.616884
4.986662	0.624781
4.769958	0.605196
4.580737	0.618779
4.371930	0.614357
4.177970	0.587506
3.972638	0.579608
3.778679	0.553073
3.581244	0.570132
3.366751	0.545808
3.182269	0.560655
2.965564	0.524327
2.785504	0.518325
2.569116	0.516113
2.370102	0.470625
2.179302	0.485156
1.971758	0.466518
1.772744	0.433665
1.571203	0.393546
1.375980	0.322154
1.179493	0.187898
0.980163	0.048589
0.765671	-0.147247
0.567920	-0.374663
0.373961	-0.597656
0.169892	-0.820649
-0.012693	-1.018374
-0.228106	-1.207887
-0.421725	-1.365498
-0.628610	-1.460571
-0.820649	-1.567961
-1.020269	-1.637765
-1.227470	-1.722098
-1.418562	-1.780531
-1.626394	-1.859811
-1.819381	-1.928667
-2.034478	-2.015211
-2.225886	-2.096702
-2.419189	-2.141237
-2.637445	-2.233467
-2.816850	-2.298533
-3.032263	-2.332645
-3.226198	-2.435930
-3.421712	-2.485835
-3.623227	-2.564798
-3.819373	-2.607439
-4.025310	-2.682928
-4.221139	-2.746415
-4.430235	-2.821904
-4.630171	-2.898341
-4.823158	-2.941297
-5.022462	-3.023735
-5.219872	-3.060690
-5.424861	-3.162395
-5.621954	-3.207562
-5.831682	-3.281788
-6.024669	-3.339905
-6.222394	-3.392969
-6.422646	-3.458035
-6.625424	-3.517100
-6.817464	-3.591641
-7.026244	-3.636177
-7.228707	-3.708192
-7.415377	-3.730302
-7.631737	-3.803896
-7.824092	-3.879385
-8.015184	-3.924868
-8.231229	-4.023730
-8.422953	-4.066055
-8.627942	-4.132384
-8.818719	-4.191449
-9.030972	-4.274835
-9.115622	-4.299788
-9.146576	-4.309263
-9.163631	-4.306736
-9.173739	-4.301998
-9.200586	-4.303262
-9.175950	-4.296945
-9.176266	-4.293470
-9.153840	-4.290944
-9.134573	-4.279889
-9.028131	-4.261253
-8.820614	-4.175972
-8.627626	-4.112485
-8.420426	-4.060369
-8.225860	-3.981722
-8.018974	-3.921394
-7.825356	-3.859170
-7.620366	-3.815582
-7.423589	-3.744199
-7.232813	-3.708508
-7.018663	-3.632387
-6.828203	-3.584693
-6.617844	-3.531313
-6.428331	-3.456140
-6.223026	-3.400865
-6.018668	-3.320954
-5.828207	-3.259047
-5.628587	-3.190506
-5.431494	-3.144075
-5.221135	-3.067639
-5.028780	-3.003836
-4.810524	-2.935611
-4.633646	-2.875915
-4.421391	-2.832011
-4.221456	-2.737886
-4.034470	-2.703143
-3.819057	-2.622916
-3.623859	-2.531002
-3.426765	-2.503838
-3.228724	-2.414767
-3.027209	-2.372759
-2.826957	-2.283688
-2.625442	-2.224623
-2.417294	-2.130814
-2.234414	-2.063537
-2.023739	-2.011421
-1.826330	-1.923929
-1.626078	-1.877183
-1.420141	-1.769792
-1.232208	-1.715781
-1.013952	-1.621341
-0.834231	-1.547747
-0.627662	-1.475100
-0.422988	-1.352233
-0.224000	-1.220205
-0.027223	-1.029113
0.179053	-0.818123
0.373329	-0.582811
0.572659	-0.372136
0.781150	-0.134613
0.969739	0.047957
1.174123	0.190741
1.383246	0.334474
1.566465	0.378383
1.775272	0.446932
1.972706	0.459884
2.175827	0.476942
2.371366	0.488315
2.579225	0.503162
2.777607	0.516745
2.974725	0.520220
3.174687	0.560971
3.371490	0.536963
3.583140	0.583399
3.767306	0.572027
3.986222	0.576765
4.173863	0.621622
4.361505	0.597614
4.580105	0.620043
4.770905	0.638365
4.986346	0.627940
5.177778	0.630783
5.374581	0.636785
5.572963	0.643735
5.775136	0.642156
5.979204	0.687645
6.169057	0.652896
6.385129	0.664900
6.577510	0.675641
6.781578	0.673429
6.967956	0.704703
7.171392	0.699333
7.378936	0.701228
7.574791	0.693015
7.778543	0.692699
7.969975	0.709125
8.175623	0.742294
8.372742	0.746085
8.578074	0.718286
8.767611	0.715127
8.973890	0.707546
9.175116	0.738504
9.364968	0.755246
9.580725	0.754930
9.776896	0.748296
9.974962	0.715443
9.774685	0.735345
9.569669	0.735661
9.371919	0.782097
9.174484	0.747349
8.983051	0.729027
8.770770	0.696805
8.576494	0.695542
8.375269	0.750192
8.169306	0.736608
7.979768	0.755562
7.772857	0.670270
7.586163	0.665216
7.370722	0.684170
7.174236	0.692699
6.978065	0.717970
6.767679	0.691751
6.578142	0.655739
6.379444	0.625413
6.177587	0.660478
5.966885	0.679431
5.778927	0.684801
5.573595	0.674061
5.367947	0.614357
5.187571	0.596667
4.968656	0.611830
4.777539	0.649737
4.568417	0.639313
4.375089	0.614041
4.170389	0.581188
3.979904	0.548335
3.776783	0.571079
3.575558	0.578345
3.378124	0.598246
3.169949	0.543596
2.977253	0.527802
2.770025	0.489262
2.580804	0.502530
2.378947	0.531592
2.169825	0.479786
1.981235	0.469361
1.766742	0.409025
1.576573	0.356902
1.377875	0.315520
1.182336	0.217593
0.972266	0.045430
0.776411	-0.164619
0.577713	-0.352869
0.368275	-0.594813
0.183476	-0.826335
-0.027854	-1.037326
-0.219894	-1.224627
-0.425831	-1.350969
-0.628926	-1.480470
-0.824755	-1.553432
-1.027218	-1.640608
-1.222732	-1.723993
-1.423300	-1.789059
-1.624815	-1.857600
-1.829805	-1.926772
-2.025003	-2.005104
-2.232519	-2.076803
-2.427086	-2.152924
-2.619441	-2.187352
-2.830116	-2.258103
-3.025630	-2.359493
-3.223355	-2.418242
-3.434662	-2.505733
-3.620700	-2.558481
-3.827901	-2.616598
-4.023730	-2.667767
-4.223982	-2.759996
-4.420444	-2.824747
-4.631119	-2.898341
-4.825685	-2.975409
-5.018988	-2.996256
-5.227452	-3.098593
-5.420755	-3.136179
-5.641222	-3.242306
-5.820627	-3.296633
-6.023090	-3.337379
-6.229027	-3.404971
-6.422014	-3.449823
-6.627951	-3.530681
-6.830098	-3.590694
-7.032561	-3.662393
-7.222390	-3.682923
-7.424852	-3.746410
-7.617208	-3.819688
-7.823145	-3.874963
-8.032557	-3.972562
-8.219227	-4.029732
-8.438430	-4.097956
-8.619730	-4.135859
-8.824404	-4.212612
-9.018338	-4.292523
-9.104883	-4.315896
-9.139627	-4.314001
-9.175319	-4.296629
-9.197744	-4.286837
-9.192059	-4.299788
-9.172791	-4.312106
-9.148471	-4.313369
-9.154788	-4.303262
-9.133942	-4.281152
-9.020865	-4.235037
-8.830090	-4.204399
-8.619730	-4.156074
-8.432113	-4.096693
-8.225860	-4.015518
-8.027187	-3.939397
-7.817460	-3.866435
-7.630474	-3.821268
-7.422957	-3.784944
-7.221758	-3.695558
-7.033508	-3.648811
-6.821254	-3.580586
-6.629847	-3.515205
-6.418540	-3.483935
-6.227764	-3.394864
-6.026880	-3.356330
-5.821890	-3.248307
-5.626060	-3.179451
-5.426125	-3.131441
-5.225873	-3.065744
-5.016461	-3.017734
-4.826001	-2.948561
-4.628276	-2.886654
-4.431499	-2.808006
-4.230931	-2.769156
-4.018361	-2.695878
-3.821584	-2.619125
-3.621964	-2.569852
-3.418869	-2.464988
-3.232831	-2.421400
-3.024051	-2.350017
-2.826957	-2.297585
-2.627022	-2.227782
-2.424875	-2.150397
-2.223359	-2.063537
-2.025950	-1.990575
-1.827594	-1.934984
-1.621657	-1.848756
-1.416983	-1.801694
-1.223048	-1.679774
-1.030377	-1.636502
-0.819386	-1.555959
-0.629873	-1.459307
-0.430253	-1.372447
-0.219894	-1.197780
-0.028486	-1.015216
0.181896	-0.812753
0.376172	-0.618187
0.580556	-0.356027
0.768830	-0.150406
0.978268	0.033110
1.180125	0.212538
1.368714	0.306991
1.584787	0.425767
1.764531	0.439667
1.979656	0.467466
2.170141	0.467466
2.376736	0.447248
2.580804	0.514218
2.777607	0.530645
2.973462	0.547387
3.172160	0.552757
3.380651	0.537910
3.573663	0.533804
3.783417	0.596351
3.976113	0.611198
4.173863	0.603301
4.379195	0.615620
4.569680	0.585294
4.773433	0.592560
4.968972	0.650053
5.174304	0.669323
5.376161	0.674377
5.578965	0.640260
5.774189	0.629204
5.970359	0.620359
6.185484	0.694910
6.371546	0.703755
6.581932	0.702807
6.768942	0.679431
6.980276	0.660793
7.174551	0.698069
7.368511	0.704387
7.583004	0.736608
7.770330	0.722709
7.970292	0.690488
8.174992	0.697437
8.376217	0.706282
8.575863	0.747349
8.770454	0.759984
8.978629	0.751771
9.163743	0.704703
9.378868	0.704703
9.575670	0.739135
9.770262	0.747033
9.980965	0.787152
9.771210	0.735345
9.581357	0.737240
9.369075	0.718918
9.168482	0.721129
8.975786	0.746085
8.775508	0.741663
8.573019	0.725236
8.376217	0.694910
8.173728	0.715759
7.972503	0.685433
7.778227	0.738188
7.569736	0.705335
7.381779	0.682906
7.174551	0.692067
6.970799	0.660162
6.777787	0.672166
6.574035	0.690488
6.381655	0.692067
6.176323	0.659530
5.976993	0.679747
5.768502	0.648158
5.574859	0.626993
5.380267	0.667111
5.167354	0.620359
4.983187	0.634890
4.765535	0.620991
4.581368	0.610250
4.368771	0.604564
4.165334	0.588138
3.983063	0.583083
3.773309	0.566973
3.574926	0.570763
3.371174	0.541069
3.180057	0.539806
2.968724	0.527802
2.786768	0.515166
2.575434	0.523063
2.371366	0.492421
2.184040	0.478206
1.971442	0.457673
1.772429	0.423872
1.572151	0.401759
1.378823	0.319627
1.174439	0.207484
0.972582	0.034057
0.773884	-0.145352
0.571079	-0.370872
0.378383	-0.583758
0.172104	-0.831704
-0.019642	-1.037957
-0.231896	-1.204728
-0.419514	-1.362024
-0.628610	-1.443515
-0.831388	-1.562276
-1.012689	-1.634922
-1.224311	-1.706306
-1.425827	-1.795692
-1.626394	-1.856021
-1.822540	-1.936879
-2.024371	-1.997523
-2.225255	-2.086594
-2.418874	-2.139658
-2.636181	-2.227466
-2.817482	-2.283372
-3.022787	-2.334540
-3.231251	-2.445405
-3.425186	-2.485835
-3.629544	-2.586908
-3.820320	-2.621336
-4.030047	-2.683875
-4.222403	-2.747046
-4.424866	-2.807374
-4.631119	-2.894550
-4.819052	-2.954247
-5.027516	-3.021524
-5.223030	-3.062901
-5.428336	-3.152920
-5.620059	-3.191454
-5.834525	-3.268522
-6.024037	-3.333272
-6.218288	-3.361383
-6.430858	-3.439715
-6.627951	-3.504781
-6.830098	-3.581850
-7.023401	-3.642494
-7.229654	-3.714193
-7.419167	-3.750832
-7.627315	-3.823163
-7.822513	-3.888860
-8.020554	-3.917919
-8.236282	-4.007622
-8.422321	-4.060054
-8.633628	-4.127963
-8.817140	-4.185448
-9.026551	-4.253988
-9.131730	-4.294734
-9.139627	-4.298524
-9.164895	-4.301998
-9.177214	-4.304841
-9.190164	-4.304525
-9.173107	-4.301998
-9.177845	-4.294418
-9.161105	-4.280836
-9.141206	-4.270097
-9.030341	-4.247671
-8.813033	-4.188922
-8.623204	-4.127015
-8.427691	-4.084691
-8.228703	-3.998778
-8.027187	-3.960560
-7.820618	-3.887597
-7.625736	-3.849063
-7.422641	-3.775785
-7.224600	-3.708192
-7.024033	-3.615330
-6.833257	-3.558477
-6.620371	-3.516784
-6.431490	-3.454561
-6.223026	-3.402445
-6.019931	-3.306741
-5.836736	-3.274839
-5.622271	-3.198402
-5.426125	-3.138390
-5.223030	-3.094802
-5.021515	-3.024367
-4.822211	-2.948246
-4.628592	-2.875599
-4.424550	-2.817166
-4.225245	-2.747994
-4.033522	-2.708828
-3.818741	-2.641551
-3.619437	-2.542688
-3.430871	-2.494678
-3.223355	-2.393289
-3.032263	-2.374338
-2.819693	-2.287794
-2.632707	-2.223359
-2.419821	-2.159241
-2.225570	-2.069854
-2.026898	-2.013316
-1.821908	-1.932773
-1.627658	-1.867076
-1.422036	-1.778320
-1.231892	-1.712939
-1.017427	-1.618498
-0.833284	-1.545536
-0.628610	-1.485523
-0.417619	-1.350653
-0.231581	-1.224311
-0.019642	-1.025323
0.179369	-0.816859
0.379331	-0.597024
0.575818	-0.356343
0.776727	-0.142510
0.973530	0.052695
1.179493	0.196428
1.384509	0.333210
1.568676	0.379331
1.781274	0.433981
1.966704	0.451671
2.183724	0.482629
2.377684	0.501898
2.570380	0.492421
2.783609	0.524327
2.971882	0.510111
3.176583	0.539806
3.377176	0.547071
3.580928	0.576765
3.774256	0.593508
3.987170	0.591928
4.173232	0.601405
4.363400	0.581188
4.582948	0.617516
4.773433	0.634574
4.981607	0.631099
5.172092	0.653844
5.367315	0.625097
5.579597	0.647210
5.771977	0.639313
5.979836	0.675641
6.176007	0.683538
6.380391	0.662373
6.575298	0.658266
6.776524	0.661425
6.971747	0.699333
7.175815	0.708178
7.382727	0.739451
7.570368	0.707230
7.774121	0.682906
7.964605	0.697437
8.172464	0.709757
8.374638	0.758721
8.574283	0.755246
8.776140	0.734081
8.978629	0.703123
9.180486	0.699649
9.358019	0.729659
9.576934	0.761248
9.776580	0.789363
9.966433	0.731554
9.776896	0.715759
9.569036	0.690172
9.380763	0.769145
9.165323	0.782413
8.979893	0.752087
8.786880	0.727763
8.568281	0.672166
8.373374	0.694278
8.171833	0.714812
7.977557	0.763775
7.770646	0.724288
7.585531	0.700280
7.370722	0.657319
7.167286	0.644367
6.979329	0.718286
6.764204	0.712600
6.590146	0.689224
6.373442	0.659214
6.176323	0.621307
5.974150	0.651948
5.773557	0.678799
5.573279	0.692383
5.372054	0.658266
5.182201	0.633626
4.972763	0.581188
4.780382	0.607723
4.569048	0.625097
4.378880	0.623202
4.165019	0.621307
3.974849	0.563814
3.781206	0.552126
3.569240	0.554337
3.373069	0.561918
3.167737	0.563814
2.976937	0.545808
2.773816	0.497160
2.580804	0.484524
2.377368	0.503478
2.167613	0.486419
1.982815	0.478522
1.766111	0.438719
1.573730	0.366695
1.371873	0.312677
1.175387	0.184424
0.974161	0.058381
0.771041	-0.162408
0.579924	-0.370872
0.370802	-0.593234
0.179053	-0.823492
-0.027854	-1.032272
-0.218631	-1.235366
-0.430569	-1.352864
-0.627978	-1.480785
-0.820334	-1.535744
-1.026902	-1.639660
-1.223364	-1.733469
-1.422036	-1.775794
-1.627658	-1.866128
-1.817486	-1.928035
-2.025319	-2.021844
-2.224939	-2.087226
-2.429612	-2.164926
-2.622284	-2.226202
-2.827905	-2.288425
-3.023103	-2.356650
-3.224303	-2.417294
-3.431819	-2.517104
-3.620700	-2.569852
-3.828532	-2.652606
-4.018677	-2.682296
-4.227141	-2.756838
-4.425181	-2.833275
-4.622907	-2.897709
-4.828212	-2.974462
-5.022147	-3.011732
-5.225557	-3.080589
-5.424545	-3.125440
-5.630483	-3.220196
-5.819364	-3.282736
-6.031934	-3.339905
-6.231238	-3.414447
-6.415697	-3.440663
-6.632057	-3.532261
-6.812726	-3.603960
-7.029087	-3.675027
-7.224916	-3.727775
-7.422326	-3.756833
-7.625420	-3.824110
-7.818091	-3.883807
-8.028450	-3.972878
-8.223017	-4.035417
-8.435271	-4.105221
-8.618783	-4.144703
-8.832932	-4.207558
-9.020865	-4.282415
-9.100461	-4.313685
-9.139942	-4.320318
-9.150681	-4.319055
-9.175950	-4.308315
-9.186057	-4.305473
-9.168054	-4.309579
-9.157314	-4.315264
-9.137416	-4.313685
-9.121623	-4.296945
-9.019602	-4.244513
-8.830721	-4.204399
-8.617519	-4.128278
-8.432428	-4.080900
-8.223648	-4.030364
-8.026871	-3.941293
-7.823145	-3.899600
-7.615944	-3.807686
-7.426116	-3.770731
-7.222390	-3.725248
-7.035404	-3.644073
-6.825676	-3.578691
-6.627004	-3.499096
-6.423909	-3.459298
-6.223973	-3.383493
-6.025932	-3.350013
-5.818732	-3.248939
-5.635221	-3.194296
-5.431179	-3.156078
-5.217661	-3.051530
-5.031622	-3.027841
-4.811472	-2.946666
-4.633646	-2.899920
-4.430235	-2.823483
-4.229352	-2.754627
-4.025310	-2.697457
-3.825058	-2.621020
-3.618805	-2.568273
-3.425502	-2.464041
-3.231251	-2.420137
-3.023735	-2.335488
-2.831379	-2.285583
-2.617230	-2.205356
-2.424559	-2.129551
-2.229992	-2.068907
-2.022476	-1.976045
-1.828225	-1.923929
-1.624499	-1.849704
-1.418878	-1.779584
-1.223680	-1.697146
-1.026587	-1.633659
-0.813701	-1.555327
-0.628610	-1.453306
-0.427095	-1.386661
-0.217367	-1.215783
-0.033224	-1.035430
0.184739	-0.789696
0.360693	-0.603026
0.582767	-0.375926
0.773884	-0.135245
0.974161	0.038796
1.180757	0.204641
1.374401	0.294987
1.575942	0.389124
1.763899	0.446932
1.973654	0.474415
2.168877	0.485788
2.371998	0.455462
2.589333	0.499687
2.770025	0.508532
2.976305	0.543596
3.177214	0.581188
3.381914	0.545492
3.578085	0.560023
3.779942	0.555284
3.980220	0.600773
4.172284	0.616252
4.376352	0.632995
4.571259	0.616252
4.777223	0.598246
4.974026	0.608355
5.180305	0.637417
5.371422	0.675009
5.569489	0.659530
5.778295	0.655423
5.973518	0.631099
6.173164	0.650053
6.378180	0.682590
6.580037	0.693015
6.767994	0.701228
6.978381	0.676904
7.176131	0.695226
7.380199	0.670902
7.585847	0.729027
7.770646	0.742926
7.972503	0.707862
8.178782	0.725236
8.365160	0.692383
8.577442	0.737556
8.772034	0.722393
8.982420	0.756826
9.165323	0.742926
9.373498	0.720814
9.571880	0.743558
9.775632	0.715759
9.974330	0.760932
9.767419	0.747349
9.580725	0.747349
9.363705	0.735977
9.178591	0.731870
8.979576	0.737872
8.768559	0.731554
8.579337	0.729027
8.371795	0.724288
8.174992	0.720814
7.966501	0.702807
7.779491	0.692383
7.568789	0.722709
7.379251	0.698701
7.174551	0.694910
6.972063	0.675956
6.776524	0.687645
6.562663	0.644999
6.384182	0.669954
6.168426	0.665532
5.980152	0.657319
5.771977	0.681643
5.571700	0.638365
5.375213	0.646894
5.173356	0.632363
4.981607	0.632047
4.768694	0.620359
4.582948	0.619727
4.367191	0.598562
4.171968	0.567288
3.985274	0.596983
3.767622	0.570132
3.578717	0.564445
3.374333	0.572659
3.169317	0.518325
2.977569	0.524327
2.775396	0.498107
2.580804	0.519904
2.371998	0.502214
2.177406	0.490842
1.970495	0.458621
1.782537	0.419450
1.569624	0.379963
1.374085	0.310782
1.172228	0.226753
0.970687	0.032478
0.783677	-0.141878
0.566973	-0.362344
0.372065	-0.605237
0.181265	-0.824124
-0.020906	-1.053750
-0.218631	-1.225575
-0.424568	-1.350653
-0.621977	-1.449200
-0.829177	-1.566698
-1.015847	-1.621025
-1.228102	-1.701884
-1.425511	-1.797903
-1.621025	-1.835490
-1.829173	-1.948566
-2.027214	-1.983310
-2.229992	-2.084068
-2.415715	-2.142817
-2.628601	-2.212305
-2.835170	-2.292532
-3.024367	-2.340542
-3.230620	-2.424559
-3.426134	-2.467515
-3.625122	-2.562903
-3.816214	-2.614072
-4.031311	-2.692404
-4.216402	-2.765366
-4.424550	-2.805480
-4.634277	-2.891708
-4.814314	-2.941929
-5.027516	-3.011417
-5.221767	-3.078694
-5.427072	-3.137758
-5.616269	-3.224303
-5.830102	-3.273892
-6.024985	-3.336431
-6.219867	-3.393285
-6.428963	-3.461825
-6.620371	-3.504150
-6.829151	-3.580586
-7.022454	-3.630491
-7.233129	-3.691136
-7.418220	-3.774205
-7.620998	-3.798526
-7.828830	-3.873699
-8.022449	-3.938450
-8.223017	-3.994356
-8.431797	-4.044261
-8.626995	-4.113433
-8.813981	-4.187343
-9.025919	-4.265991
-9.112779	-4.309579
-9.131414	-4.313369
-9.169317	-4.304525
-9.181636	-4.301682
-9.183214	-4.304209
-9.165526	-4.312737
-9.145628	-4.320002
-9.143101	-4.311790
-9.121939	-4.287469
-9.029078	-4.252093
-8.820930	-4.197766
-8.620362	-4.133964
-8.427691	-4.087533
-8.230597	-4.000989
-8.028134	-3.929290
-7.821881	-3.832007
-7.630158	-3.819373
-7.410955	-3.764414
-7.227128	-3.704401
-7.030350	-3.661129
-6.817464	-3.569847
-6.629215	-3.523101
-6.423594	-3.466247
-6.220183	-3.421396
-6.023406	-3.342432
-5.831366	-3.276418
-5.623218	-3.210089
-5.427704	-3.139653
-5.225557	-3.103646
-5.014250	-3.011417
-4.828844	-2.976673
-4.619748	-2.873388
-4.432130	-2.821588
-4.217981	-2.759365
-4.029416	-2.686718
-3.829480	-2.643762
-3.621016	-2.563851
-3.430871	-2.492783
-3.216722	-2.408134
-3.028473	-2.366441
-2.818745	-2.275476
-2.633023	-2.229045
-2.417294	-2.155766
-2.221780	-2.041743
-2.046797	-2.014580
-1.818118	-1.929299
-1.629553	-1.865180
-1.415088	-1.803589
-1.226522	-1.708516
-1.023112	-1.648188
-0.829493	-1.547115
-0.629873	-1.477627
-0.424884	-1.353812
-0.229685	-1.206624
-0.019642	-1.022480
0.172420	-0.807068
0.378067	-0.592287
0.569816	-0.353816
0.772620	-0.162408
0.976689	0.057434
1.170964	0.210643
1.376612	0.309834
1.574362	0.409341
1.772113	0.439035
1.975865	0.440615
2.176142	0.477258
2.369154	0.492105
2.581120	0.491790
2.786136	0.546124
2.961774	0.537594
3.175951	0.523695
3.366751	0.554021
3.576822	0.543596
3.779310	0.605828
3.973586	0.602037
4.177654	0.618779
4.368771	0.595087
4.572207	0.590349
4.771853	0.617516
4.976869	0.640892
5.179042	0.671534
5.375844	0.641208
5.578649	0.645946
5.765659	0.619727
5.977941	0.651948
6.177587	0.704387
6.372178	0.684170
6.586987	0.698069
6.768311	0.650053
6.981224	0.663952
7.174551	0.689224
7.379251	0.737240
7.579213	0.733449
7.776648	0.710705
7.976294	0.694910
8.173728	0.666795
8.379375	0.738820
8.568281	0.747665
8.786880	0.766934
8.966625	0.723972
9.171640	0.684801
9.376972	0.712284
9.567457	0.754298
9.775949	0.784940
9.974962	0.782097
9.781319	0.755562
9.573460	0.686381
9.373182	0.712284
9.167850	0.755246
8.979893	0.763775
8.781826	0.782097
8.567649	0.717339
8.377796	0.682590
8.163619	0.684486
7.979136	0.731554
7.775700	0.742294
7.580477	0.705651
7.375145	0.698701
7.166654	0.646894
6.976801	0.666795
6.768626	0.704703
6.585091	0.710705
6.373757	0.681011
6.181377	0.646578
5.972255	0.632363
5.769766	0.619095
5.582756	0.676272
5.363524	0.682274
5.176515	0.644051
4.978133	0.632995
4.778487	0.577397
4.583580	0.598562
4.374141	0.608355
4.179234	0.620043
3.981483	0.573290
3.779942	0.559075
3.569872	0.545176
3.380967	0.540121
3.178794	0.563814
2.974725	0.539174
2.780134	0.541385
2.571959	0.475995
2.378631	0.475995
2.172036	0.482313
1.978076	0.465886
1.774008	0.453566
1.574678	0.379647
1.368714	0.312677
1.174123	0.188530
0.977004	0.054907
0.765355	-0.156723
0.580872	-0.369925
0.374277	-0.583127
0.167365	-0.834863
-0.016168	-1.010794
-0.233792	-1.231260
-0.416671	-1.354444
-0.629873	-1.472573
-0.822860	-1.552484
-1.028482	-1.626078
-1.226838	-1.722098
-1.418246	-1.784637
-1.624815	-1.876235
-1.825067	-1.923613
-2.029109	-2.012053
-2.217358	-2.068275
-2.428981	-2.157346
-2.623547	-2.246101
-2.818114	-2.277371
-3.032895	-2.355387
-3.220828	-2.416031
-3.431819	-2.479202
-3.622595	-2.567957
-3.822531	-2.638392
-4.023099	-2.695878
-4.230615	-2.752732
-4.423286	-2.828221
-4.621643	-2.874967
-4.830107	-2.966881
-5.013303	-3.018681
-5.229032	-3.086906
-5.414754	-3.139969
-5.626692	-3.200929
-5.828523	-3.305477
-6.015825	-3.342748
-6.227764	-3.414763
-6.419171	-3.458667
-6.627635	-3.514889
-6.821886	-3.564794
-7.030034	-3.644705
-7.226811	-3.708192
-7.423905	-3.746726
-7.628894	-3.833270
-7.816512	-3.865487
-8.029714	-3.937186
-8.228070	-4.036996
-8.427059	-4.067634
-8.622257	-4.148177
-8.823140	-4.177552
-9.029078	-4.255252
-9.122571	-4.291259
-9.139942	-4.309579
-9.157631	-4.317791
-9.171844	-4.310526
-9.190795	-4.303262
-9.184162	-4.296629
-9.172791	-4.296313
-9.145312	-4.300103
-9.131414	-4.290944
-9.018338	-4.242933
-8.821561	-4.168708
-8.621625	-4.125120
-8.429270	-4.063844
-8.227123	-4.020256
-8.031609	-3.952663
-7.825040	-3.895178
-7.616892	-3.826005
-7.428327	-3.793473
-7.227443	-3.742304
-7.027192	-3.651338
-6.832309	-3.610909
-6.613422	-3.485198
-6.428647	-3.458035
-6.216709	-3.373070
-6.024669	-3.324113
-5.826313	-3.281156
-5.630167	-3.196507
-5.428336	-3.147550
-5.219872	-3.075851
-5.026885	-3.029104
-4.817789	-2.949509
-4.636488	-2.899288
-4.418233	-2.812428
-4.232194	-2.744519
-4.025941	-2.702827
-3.814635	-2.614072
-3.636177	-2.565746
-3.426765	-2.490888
-3.233778	-2.404028
-3.025314	-2.348122
-2.824431	-2.276423
-2.622284	-2.212305
-2.420453	-2.132077
-2.226202	-2.065116
-2.024055	-1.966886
-1.827594	-1.919823
-1.617550	-1.845913
-1.433091	-1.784006
-1.213257	-1.715150
-1.022480	-1.618498
-0.829177	-1.566382
-0.622293	-1.470362
-0.432780	-1.370868
-0.219894	-1.235366
-0.027223	-1.032904
0.176210	-0.796329
0.367643	-0.576810
0.585926	-0.361713
0.775147	-0.130191
0.968791	0.039112
1.188970	0.212538
1.375664	0.315204
1.570256	0.358166
1.771165	0.447880
1.974285	0.453566
2.176142	0.509796
2.367891	0.485156
2.580804	0.487999
2.772868	0.507584
2.974410	0.529065
3.178794	0.562550
3.374649	0.569500
3.576506	0.563182
3.774888	0.544544
3.985274	0.590349
4.166914	0.596035
4.375089	0.622886
4.579157	0.645630
4.769642	0.607723
4.981607	0.615305
5.170829	0.617200
5.374897	0.664268
5.573911	0.675956
5.777031	0.672482
5.972887	0.651001
6.175375	0.652580
6.375653	0.679115
6.573087	0.673745
6.780946	0.725236
6.966061	0.676904
7.182765	0.696805
7.370722	0.689224
7.575423	0.691751
7.777279	0.735977
7.968712	0.722077
8.176571	0.718286
8.365792	0.712600
8.579654	0.729027
8.768874	0.710073
8.981472	0.754298
9.171009	0.757773
9.367180	0.706914
9.579778	0.761248
9.768051	0.739767
9.982860	0.735345
9.767103	0.765039
9.579778	0.742294
9.372866	0.741347
9.169114	0.735345
8.975786	0.725552
8.770770	0.721129
8.576810	0.739451
8.373690	0.716707
8.185416	0.709441
7.968396	0.718602
7.785177	0.681958
7.586479	0.695858
7.371354	0.682590
7.173920	0.679747
6.971115	0.701544
6.773049	0.685433
6.576246	0.674693
6.373442	0.660478
6.176639	0.674693
5.978257	0.654476
5.773241	0.679115
5.567593	0.658266
5.379319	0.633626
5.173040	0.634890
4.983187	0.602037
4.776276	0.632679
4.572839	0.612146
4.381091	0.627624
4.162175	0.570447
3.984326	0.564761
3.778363	0.565709
3.582824	0.551494
3.375281	0.576449
3.177530	0.547703
2.978200	0.525274
2.775712	0.489894
2.587122	0.504109
2.365995	0.498739
2.175511	0.484524
1.978076	0.487683
1.767690	0.414395
1.577837	0.381226
1.377560	0.300041
1.181705	0.200534
0.965948	0.044482
0.779886	-0.159882
0.573290	-0.356975
0.373645	-0.586601
0.182844	-0.815280
-0.017431	-1.063857
-0.217051	-1.223680
-0.429621	-1.374658
-0.619766	-1.456149
-0.831388	-1.544588
-1.020901	-1.640608
-1.210414	-1.696830
-1.430565	-1.779268
-1.622604	-1.859495
-1.830436	-1.932773
-2.017738	-1.996576
-2.232835	-2.081541
-2.416347	-2.146291
-2.627653	-2.217990
-2.825694	-2.307061
-3.018681	-2.340542
-3.234410	-2.426454
-3.417606	-2.489941
-3.629544	-2.551532
-3.820004	-2.626074
-4.024994	-2.666188
-4.228720	-2.760944
-4.423602	-2.807059
-4.626697	-2.875915
-4.820000	-2.933716
-5.022147	-2.989307
-5.222714	-3.058163
-5.430231	-3.114701
-5.622586	-3.204088
-5.824733	-3.244201
-6.032566	-3.343696
-6.220499	-3.401813
-6.430226	-3.444769
-6.626372	-3.542368
-6.821254	-3.587535
-7.031929	-3.675659
-7.229970	-3.719247
-7.423273	-3.776100
-7.620366	-3.830427
-7.826619	-3.896125
-8.021817	-3.959296
-8.231861	-4.010780
-8.421373	-4.077742
-8.624152	-4.105537
-8.822509	-4.188291
-9.019286	-4.228404
-9.131414	-4.291259
-9.142469	-4.307683
-9.155104	-4.310211
-9.177529	-4.308315
-9.177214	-4.308631
-9.164264	-4.311790
-9.155104	-4.311158
-9.152261	-4.301367
-9.131414	-4.278941
-9.029710	-4.236300
-8.824088	-4.182921
-8.615940	-4.098904
-8.438430	-4.091639
-8.216384	-4.009201
-8.039822	-3.952979
-7.819355	-3.862013
-7.626683	-3.808949
-7.425168	-3.782102
-7.226811	-3.727143
-7.025928	-3.669026
-6.825360	-3.591957
-6.627004	-3.530997
-6.422014	-3.448559
-6.231870	-3.414447
-6.015509	-3.347802
-5.826628	-3.280525
-5.627008	-3.221776
-5.420124	-3.124492
-5.234085	-3.067323
-5.018356	-3.026578
-4.822526	-2.952983
-4.627328	-2.892655
-4.424866	-2.819693
-4.223982	-2.755890
-4.025310	-2.686402
-3.826005	-2.651342
-3.615330	-2.568588
-3.428344	-2.514893
-3.221460	-2.424875
-3.031315	-2.355071
-2.820325	-2.295690
-2.621968	-2.208199
-2.430560	-2.171243
-2.222412	-2.070802
-2.029741	-1.984889
-1.820013	-1.932142
-1.629553	-1.856968
-1.420457	-1.791270
-1.226207	-1.699357
-1.020901	-1.634922
-0.820965	-1.526584
-0.633348	-1.471310
-0.418567	-1.363919
-0.228738	-1.192726
-0.029118	-1.049644
0.173999	-0.798540
0.367011	-0.608079
0.578977	-0.363608
0.765039	-0.148511
0.977004	0.045430
1.175387	0.209695
1.375980	0.315836
1.574994	0.393230
1.770217	0.436824
1.976497	0.474415
2.176458	0.454514
2.383686	0.496844
2.572275	0.497792
2.774764	0.517693
2.975673	0.557812
3.168685	0.530645
3.378755	0.546755
3.575874	0.547071
3.777415	0.580556
3.977061	0.599826
4.174495	0.630468
4.370034	0.613409
4.575366	0.582451
4.782278	0.629204
4.972763	0.616252
5.187571	0.672797
5.360682	0.658582
5.578965	0.646262
5.769450	0.635838
5.974466	0.614989
6.184220	0.680063
6.376600	0.698069
6.573719	0.698385
6.762940	0.670270
6.977433	0.663952
7.162548	0.674377
7.380199	0.715759
7.576370	0.764723
7.771594	0.723341
7.981664	0.713232
8.169306	0.683222
8.377796	0.689540
8.570176	0.745769
8.779299	0.753982
8.977365	0.756826
9.167850	0.718286
9.373814	0.694594
9.570932	0.723972
9.778159	0.782413
9.977805	0.776727
9.777528	0.764723
9.565247	0.722393
9.373182	0.680379
9.177643	0.744190
8.973890	0.751455
8.778667	0.769461
8.573651	0.754930
8.374321	0.703123
8.170885	0.669323
7.978189	0.699017
7.777596	0.735345
7.577318	0.723341
7.381779	0.729027
7.166654	0.661741
6.982172	0.634258
6.771153	0.699964
6.572140	0.685749
6.380391	0.720182
6.168741	0.655107
5.983943	0.643103
5.768502	0.622886
5.575806	0.651948
5.373949	0.677852
5.174935	0.651948
4.974974	0.641524
4.772801	0.587190
4.576630	0.593824
4.369087	0.593508
4.180497	0.624150
3.975165	0.614673
3.769834	0.560971
3.580297	0.559707
3.367699	0.535699
3.174371	0.548019
2.968408	0.549282
2.779818	0.530645
2.578909	0.496212
2.375788	0.481997
2.171720	0.472520
1.973022	0.468097
1.781905	0.450723
1.564885	0.379015
1.384193	0.317100
1.165910	0.185371
0.977952	0.040059
0.776727	-0.141562
0.571395	-0.383823
0.376488	-0.598288
0.180949	-0.823808
-0.023432	-1.026271
-0.233792	-1.212941
-0.422673	-1.351601
-0.630505	-1.476363
-0.824440	-1.554695
-1.019954	-1.607759
-1.226522	-1.725573
-1.418562	-1.780531
-1.632396	-1.861390
-1.820329	-1.945407
-2.025003	-2.003840
-2.232519	-2.095123
-2.421084	-2.152924
-2.628601	-2.238205
-2.822536	-2.308956
-3.027525	-2.355703
-3.228409	-2.415083
-3.430871	-2.480149
-3.614699	-2.561955
-3.828217	-2.635865
-4.025626	-2.720515
-4.221139	-2.752100
-4.432762	-2.824431
-4.624170	-2.899288
-4.818737	-2.957721
-5.026253	-3.031947
-5.221135	-3.082800
-5.417281	-3.142496
-5.627640	-3.204404
-5.835472	-3.285578
-6.013930	-3.350013
-6.231238	-3.410341
-6.415697	-3.460562
-6.625109	-3.490884
-6.820939	-3.577112
-7.024664	-3.632703
-7.232813	-3.732828
-7.413166	-3.759360
-7.632369	-3.817477
-7.825672	-3.883807
-8.023081	-3.922657
-8.227123	-4.020256
-8.430218	-4.068898
-8.625731	-4.156074
-8.821877	-4.187027
-9.030025	-4.264096
-9.123834	-4.286206
-9.146892	-4.303894
-9.160473	-4.311158
-9.174055	-4.303262
-9.210378	-4.288733
-9.199639	-4.279257
-9.182899	-4.284310
-9.146892	-4.295365
-9.121307	-4.296945
-9.021813	-4.262516
-8.827562	-4.174393
-8.623204	-4.109327
-8.426427	-4.040787
-8.230597	-4.005727
-8.019291	-3.928026
-7.831357	-3.875595
-7.613418	-3.818741
-7.421062	-3.742304
-7.232813	-3.717351
-7.021506	-3.651970
-6.827571	-3.592273
-6.625424	-3.517100
-6.432121	-3.445717
-6.225237	-3.379387
-6.026248	-3.329166
-5.821259	-3.285578
-5.616901	-3.203140
-5.433705	-3.147866
-5.215765	-3.067007
-5.030359	-3.009837
-4.820000	-2.955194
-4.631434	-2.888549
-4.425813	-2.840223
-4.221456	-2.737571
-4.025626	-2.698089
-3.818109	-2.630496
-3.621648	-2.552164
-3.431819	-2.494678
-3.227461	-2.406555
-3.022787	-2.336751
-2.826957	-2.268527
-2.624179	-2.226202
-2.418874	-2.133341
-2.232835	-2.076171
-2.027214	-2.018370
-1.825067	-1.922666
-1.625447	-1.883816
-1.420773	-1.784637
-1.231576	-1.715150
-1.020901	-1.634291
-0.828546	-1.555327
-0.624504	-1.463413
-0.429306	-1.367078
-0.218946	-1.230944
-0.023748	-1.025007
0.175578	-0.820018
0.377751	-0.562596
0.571079	-0.378453
0.774832	-0.137140
0.971634	0.059961
1.176334	0.204009
1.379455	0.325945
1.566781	0.366695
1.775272	0.421345
1.970811	0.458621
2.174563	0.506637
2.371682	0.491790
2.579541	0.503162
2.779186	0.512323
2.962721	0.497792
3.182900	0.574238
3.363592	0.564445
3.584719	0.575502
3.766359	0.563498
3.986222	0.568868
4.175127	0.605512
4.369719	0.615936
4.584843	0.639944
4.776276	0.630152
4.979080	0.613409
5.170513	0.625097
5.376476	0.631731
5.567277	0.660162
5.776084	0.671218
5.978572	0.672797
6.168109	0.660478
6.381023	0.663005
6.578142	0.677536
6.765783	0.688276
6.975222	0.699017
7.173604	0.688276
7.370722	0.697121
7.575423	0.703755
7.780755	0.716391
7.967448	0.725868
8.184784	0.721129
8.366740	0.712600
8.579021	0.712916
8.773613	0.727763
8.978629	0.703123
9.180801	0.766302
9.360546	0.738820
9.576934	0.736924
9.777843	0.761564
9.972119	0.735977
9.772473	0.732502
9.573460	0.741347
9.369075	0.740399
9.166587	0.723025
8.984631	0.761564
8.771086	0.734713
8.571124	0.694910
8.380639	0.741663
8.165199	0.694910
7.985138	0.724920
7.772541	0.699017
7.581740	0.690488
7.374513	0.691119
7.171077	0.686381
6.971115	0.687329
6.773049	0.698069
6.577194	0.699649
6.374705	0.643419
6.181377	0.662057
5.972255	0.643419
5.780506	0.653212
5.576122	0.675325
5.369527	0.643735
5.180621	0.626361
4.972763	0.611830
4.776907	0.621307
4.572523	0.617516
4.376352	0.625413
4.173548	0.590665
3.979588	0.562866
3.776151	0.562234
3.569240	0.539174
3.384757	0.576765
3.162683	0.553073
2.981675	0.549914
2.774448	0.500319
2.582700	0.469677
2.375788	0.505057
2.169825	0.483892
1.979340	0.486419
1.770849	0.445669
1.573730	0.375224
1.372189	0.288669
1.183916	0.201482
0.969107	0.043218
0.778306	-0.171568
0.575186	-0.365503
0.363220	-0.594182
0.186003	-0.813701
-0.019642	-1.020269
-0.225895	-1.248316
-0.426147	-1.355707
-0.632400	-1.476363
-0.822229	-1.547431
-1.021217	-1.629869
-1.224943	-1.699988
-1.427406	-1.784322
-1.620393	-1.857916
-1.826962	-1.925509
-2.021528	-2.008894
-2.226202	-2.068907
-2.420453	-2.164926
-2.613756	-2.216095
-2.829484	-2.293163
-3.026262	-2.370232
-3.226198	-2.418558
-3.430240	-2.499732
-3.621016	-2.555954
-3.819688	-2.634286
-4.025941	-2.682296
-4.235669	-2.755890
-4.413811	-2.799794
-4.631751	-2.862333
-4.823158	-2.949825
-5.020252	-2.983305
-5.229347	-3.091959
-5.416333	-3.117228
-5.633009	-3.211668
-5.822522	-3.277682
-6.021826	-3.340537
-6.225868	-3.421396
-6.423277	-3.453613
-6.627951	-3.521522
-6.820307	-3.567636
-7.030982	-3.666815
-7.222074	-3.715772
-7.433064	-3.788419
-7.620682	-3.839587
-7.821250	-3.871489
-8.031925	-3.954874
-8.222385	-4.010465
-8.434639	-4.067950
-8.620994	-4.109643
-8.827562	-4.159232
-9.024340	-4.230931
-9.128888	-4.284310
-9.136468	-4.311474
-9.145628	-4.325687
-9.161421	-4.322529
-9.172791	-4.320002
-9.174055	-4.311474
-9.146576	-4.316528
-9.129519	-4.321581
-9.112463	-4.312106
-9.019917	-4.253673
-8.826615	-4.197451
-8.623521	-4.131437
-8.434323	-4.092903
-8.226807	-4.041734
-8.034136	-3.980143
-7.821881	-3.894862
-7.627631	-3.815266
-7.422009	-3.792209
-7.217336	-3.717036
-7.040142	-3.683555
-6.816833	-3.615962
-6.615317	-3.501307
-6.424225	-3.444769
-6.224605	-3.361699
-6.028460	-3.323797
-5.823786	-3.259678
-5.628903	-3.199666
-5.421703	-3.124177
-5.224294	-3.064480
-5.020567	-3.016470
-4.822211	-2.953931
-4.623538	-2.910659
-4.422655	-2.803900
-4.229668	-2.741677
-4.017729	-2.661450
-3.820004	-2.603964
-3.626070	-2.569852
-3.421396	-2.477938
-3.228724	-2.418874
-3.027841	-2.344332
-2.827273	-2.289057
-2.619757	-2.225255
-2.427086	-2.170296
-2.221148	-2.085015
-2.022792	-1.996260
-1.824435	-1.946039
-1.625447	-1.842439
-1.428669	-1.805168
-1.212941	-1.700936
-1.031640	-1.648820
-0.817491	-1.559117
-0.627346	-1.455833
-0.428674	-1.379712
-0.221473	-1.211993
-0.028170	-1.023744
0.180633	-0.792222
0.369538	-0.600815
0.580240	-0.353816
0.767882	-0.149143
0.980479	0.045430
1.178546	0.219172
1.370294	0.293407
1.582576	0.388492
1.760109	0.437140
1.978708	0.469361
2.172352	0.490842
2.371998	0.469361
2.578593	0.493369
2.782661	0.512955
2.975989	0.559075
3.169001	0.553389
3.381283	0.560339
3.569872	0.535067
3.781206	0.555284
3.973270	0.585926
4.170073	0.614357
4.379827	0.646578
4.570944	0.632363
4.777855	0.604248
4.974658	0.597930
5.176831	0.646894
5.372685	0.670902
5.576754	0.675325
5.772293	0.662689
5.973518	0.607091
6.180429	0.649105
6.369335	0.687960
6.582248	0.699333
6.769574	0.718918
6.974590	0.672166
7.179922	0.651948
7.372302	0.648789
7.583320	0.727447
7.773173	0.756826
7.972187	0.739767
8.174359	0.733449
8.379060	0.669007
8.576810	0.702176
8.774877	0.739135
8.982103	0.779570
9.165323	0.740399
9.381395	0.722709
9.574408	0.712600
9.774685	0.712600
9.981912	0.778938
9.775632	0.770725
9.577250	0.763775
9.365285	0.724288
9.170061	0.693331
8.971995	0.714812
8.781826	0.750508
8.573651	0.774200
8.369267	0.730290
8.177203	0.722077
7.970292	0.669323
7.783597	0.701860
7.565946	0.712600
7.377988	0.717023
7.177395	0.701860
6.969851	0.653844
6.773996	0.662373
6.578457	0.665532
6.381339	0.695542
6.167794	0.687013
5.982679	0.672797
5.769450	0.631415
5.576122	0.624781
5.377740	0.652580
5.168302	0.641208
4.981923	0.651632
4.772801	0.616252
4.578209	0.594455
4.375089	0.600773
4.173548	0.570763
3.979272	0.606459
3.778047	0.587506
3.573347	0.560655
3.368015	0.548967
3.179741	0.538858
2.967776	0.528117
2.783609	0.530645
2.575434	0.531592
2.370734	0.470940
2.181513	0.481049
1.970495	0.457673
1.779694	0.422293
1.570256	0.407446
1.375348	0.315836
1.183600	0.191689
0.976689	0.034689
0.768830	-0.148195
0.574238	-0.378453
0.381226	-0.594182
0.171156	-0.810858
-0.015852	-1.041432
-0.219894	-1.215468
-0.425199	-1.373079
-0.628926	-1.455833
-0.833915	-1.567014
-1.015532	-1.629237
-1.227154	-1.706306
-1.422036	-1.802957
-1.626710	-1.861706
