# Configuration automatically generated by WRITE_CONFIG()
connection eth
ip 192.168.0.10
samplehz 1000.000000
settleus 10.000000
nsample 128

# Analog Inputs
aichannel 0
ainegative 199
airange 10.000000
airesolution 0

aichannel 1
ainegative 199
airange 10.000000
airesolution 0

# Analog Outputs
aochannel 0
aosignal triangle
aofrequency 5.000000
aoamplitude 2.000000
aooffset 2.500000
aoduty 0.500000

# Meta Parameters
int:periods 10
flt:plate_Thigh_C 380.634508
flt:plate_Tlow_C 197.222958
flt:plate_Q_kW 1.121290
flt:plate_Tpeak_C 1234.765758
flt:cool_Thigh_C 77.591113
flt:cool_Tlow_C 22.508118
flt:air_psig 80.000000
flt:water_gph 1.800000
flt:cool_Q_kW 0.000000
flt:standoff_in 0.228000
flt:oxygen_scfh 12.930031
flt:fuel_scfh 7.124906
flt:flow_scfh 20.054938
flt:ratio_fto 0.551036

## End Configuration ##
#: Mon Jul 25 16:30:37 2016
-6.220815	-3.384125
-9.185426	-4.307368
-9.173739	-4.309579
-9.154472	-4.316844
-9.131414	-4.318107
-9.116254	-4.311158
-9.024655	-4.282099
-8.812402	-4.182921
-8.635523	-4.142807
-8.420426	-4.071740
-8.231544	-4.001621
-8.025608	-3.949505
-7.825040	-3.863908
-7.625420	-3.804843
-7.422641	-3.739146
-7.235024	-3.679765
-7.024033	-3.615646
-6.828835	-3.548054
-6.618792	-3.488673
-6.427700	-3.432135
-6.223026	-3.402445
-6.022458	-3.319059
-5.833261	-3.273576
-5.624797	-3.205351
-5.424545	-3.128283
-5.225873	-3.072692
-5.026569	-3.010153
-4.823474	-2.940033
-4.632382	-2.868650
-4.424234	-2.807690
-4.220192	-2.726516
-4.029416	-2.677243
-3.822531	-2.631128
-3.614383	-2.532581
-3.426450	-2.491836
-3.223039	-2.397711
-3.027525	-2.357282
-2.817798	-2.295690
-2.630496	-2.214831
-2.424875	-2.158293
-2.224307	-2.059431
-2.034794	-1.996892
-1.822224	-1.902767
-1.630500	-1.860127
-1.419825	-1.763791
-1.234103	-1.683248
-1.019322	-1.625131
-0.817175	-1.516477
-0.638401	-1.444778
-0.423304	-1.338651
-0.218631	-1.178197
-0.027223	-1.011425
0.184108	-0.762532
0.373329	-0.560701
0.576134	-0.332022
0.768830	-0.123242
0.978584	0.067542
1.173175	0.229912
1.371242	0.308570
1.573099	0.397969
1.765795	0.408709
1.979024	0.477574
2.170141	0.488315
2.378631	0.491474
2.581120	0.514218
2.773500	0.509796
2.976621	0.524959
3.174687	0.550230
3.375281	0.571711
3.569556	0.560023
3.779626	0.576765
3.971691	0.584979
4.169757	0.571711
4.381407	0.614673
4.567153	0.614041
4.778171	0.595087
4.971815	0.626677
5.178726	0.624781
5.370790	0.654476
5.571700	0.644367
5.777979	0.667427
5.971939	0.654160
6.179482	0.673113
6.375021	0.688592
6.578142	0.646894
6.770838	0.702807
6.966692	0.665532
7.183712	0.699964
7.368827	0.706914
7.578266	0.681958
7.784545	0.702492
7.963658	0.690488
8.177203	0.704387
8.369899	0.717970
8.578390	0.743874
8.779931	0.720814
8.978945	0.719550
9.173852	0.732818
9.367496	0.720498
9.583884	0.750508
9.768682	0.769777
9.978753	0.733449
9.771842	0.732186
9.577882	0.709125
9.378236	0.739451
9.162479	0.740399
8.976418	0.759984
8.779614	0.721445
8.579021	0.693015
8.369899	0.687960
8.172149	0.708809
7.967764	0.736608
7.776016	0.722077
7.581740	0.704703
7.369143	0.677852
7.178974	0.651317
6.976801	0.702492
6.766099	0.697437
6.582248	0.694278
6.371862	0.645630
6.178850	0.634890
5.970675	0.633626
5.776400	0.660478
5.577070	0.682906
5.372685	0.640260
5.180305	0.624781
4.972446	0.577397
4.782909	0.592560
4.568417	0.629836
4.374773	0.617200
4.184920	0.628888
3.969163	0.571711
3.777731	0.535699
3.576506	0.560339
3.374333	0.564130
3.172476	0.567920
2.971566	0.534119
2.777923	0.508532
2.572907	0.460516
2.383054	0.469361
2.172352	0.506005
1.969863	0.452934
1.773060	0.448828
1.565833	0.365116
1.384509	0.301305
1.171912	0.203693
0.976689	0.073860
0.775463	-0.116294
0.568236	-0.344972
0.372065	-0.544277
0.178106	-0.763796
-0.021853	-0.986789
-0.226211	-1.206624
-0.416987	-1.346863
-0.631768	-1.458676
-0.833915	-1.564487
-1.017111	-1.614076
-1.230944	-1.713886
-1.419825	-1.791270
-1.620077	-1.847493
-1.827910	-1.920455
-2.026266	-1.990575
-2.225255	-2.070486
-2.418242	-2.141553
-2.626706	-2.224939
-2.816534	-2.270738
-3.025314	-2.316852
-3.224934	-2.414767
-3.427081	-2.460566
-3.630807	-2.579643
-3.812108	-2.612492
-4.032890	-2.699036
-4.223982	-2.760944
-4.419496	-2.806111
-4.628276	-2.899288
-4.812735	-2.958985
-5.025937	-3.021840
-5.223662	-3.069534
-5.432126	-3.139022
-5.622271	-3.193980
-5.827576	-3.264100
-6.027196	-3.344959
-6.215761	-3.381282
-6.428015	-3.430240
-6.623529	-3.506045
-6.827887	-3.572374
-7.024981	-3.666499
-7.217020	-3.727459
-7.419799	-3.795999
-7.626368	-3.840219
-7.830410	-3.899915
-8.016448	-3.960244
-8.233756	-4.024678
-8.432428	-4.093534
-8.622889	-4.128910
-8.821877	-4.197451
-9.018023	-4.225562
-9.127625	-4.293470
-9.144049	-4.304525
-9.163000	-4.305157
-9.201219	-4.285258
-9.215432	-4.272308
-9.198376	-4.280520
-9.170264	-4.302630
-9.141206	-4.307683
-9.111199	-4.298840
-9.021497	-4.244197
-8.831352	-4.196503
-8.614361	-4.116276
-8.441904	-4.089428
-8.220806	-4.030679
-8.030346	-3.952979
-7.816828	-3.900863
-7.619419	-3.802632
-7.425484	-3.773890
-7.222074	-3.719247
-7.027192	-3.648811
-6.824728	-3.574901
-6.626688	-3.493726
-6.416960	-3.445717
-6.228395	-3.383809
-6.027196	-3.353487
-5.821890	-3.272628
-5.630798	-3.200613
-5.428967	-3.148182
-5.219872	-3.063848
-5.024990	-3.024683
-4.817157	-2.945087
-4.626697	-2.885391
-4.423602	-2.798531
-4.234406	-2.752416
-4.021835	-2.676611
-3.823163	-2.608386
-3.626070	-2.556586
-3.423923	-2.461514
-3.235042	-2.420453
-3.019629	-2.330118
-2.829800	-2.266316
-2.622600	-2.209146
-2.416662	-2.122602
-2.238205	-2.070802
-2.024687	-1.993101
-1.832016	-1.922350
-1.627026	-1.853810
-1.428354	-1.785901
-1.220521	-1.708201
-1.021533	-1.601758
-0.832020	-1.556590
-0.618502	-1.453938
-0.424884	-1.334545
-0.229370	-1.193674
-0.019958	-0.958678
0.169892	-0.772008
0.375856	-0.539855
0.570132	-0.346868
0.777043	-0.125138
0.970687	0.069122
1.170016	0.190741
1.377560	0.295935
1.571203	0.371749
1.776851	0.459884
1.967336	0.468729
2.179617	0.488315
2.369470	0.486735
2.573854	0.467150
2.785188	0.527486
2.971882	0.557180
3.169317	0.560655
3.372437	0.562866
3.576506	0.537278
3.776151	0.537910
3.982115	0.590665
4.171968	0.627624
4.368455	0.612146
4.577893	0.611830
4.769958	0.595087
4.976237	0.582767
5.177778	0.653844
5.373949	0.657950
5.572963	0.682906
5.764080	0.663321
5.976993	0.674693
6.178850	0.651632
6.380391	0.672166
6.581301	0.711021
6.766415	0.693015
6.975222	0.687960
7.170761	0.630783
7.386833	0.677220
7.578266	0.729975
7.770330	0.716391
7.980400	0.731870
8.164567	0.687960
8.378112	0.679115
8.576494	0.709441
8.776772	0.736608
8.978945	0.774516
9.172588	0.745453
9.377604	0.736608
9.570932	0.713864
9.772789	0.742294
9.976857	0.765355
9.781634	0.754614
9.575355	0.750192
9.361177	0.681011
9.180486	0.716391
8.971679	0.728711
8.771086	0.729343
8.575546	0.742294
8.368635	0.706598
8.174676	0.693647
7.974082	0.681011
7.778227	0.702807
7.570368	0.707546
7.381147	0.713548
7.175815	0.696490
6.966692	0.669323
6.782526	0.689224
6.572772	0.662689
6.387973	0.686697
6.168109	0.671850
5.975098	0.644051
5.775768	0.655107
5.571700	0.629204
5.375529	0.639313
5.170197	0.638049
4.980976	0.626361
4.769010	0.603932
4.580105	0.605828
4.374457	0.608671
4.157437	0.568236
3.985590	0.593192
3.773940	0.588769
3.573347	0.549598
3.377808	0.574870
3.173424	0.525906
2.978200	0.525590
2.776975	0.512639
2.579857	0.502846
2.374525	0.491790
2.169193	0.468413
1.971442	0.459252
1.769901	0.416606
1.574362	0.405234
1.369030	0.314888
1.181073	0.217908
0.970687	0.068174
0.767250	-0.124506
0.575502	-0.313703
0.370486	-0.547119
0.176210	-0.765059
-0.023432	-1.011425
-0.221157	-1.184514
-0.428358	-1.336440
-0.626083	-1.452043
-0.828862	-1.525321
-1.030377	-1.627974
-1.211361	-1.697462
-1.418562	-1.772003
-1.619130	-1.871813
-1.827594	-1.909716
-2.027845	-1.998155
-2.227466	-2.055641
-2.424243	-2.144712
-2.618809	-2.214515
-2.827905	-2.276739
-3.023103	-2.353176
-3.230304	-2.396132
-3.434978	-2.489625
-3.617857	-2.529738
-3.832954	-2.643446
-4.015834	-2.691140
-4.224298	-2.736307
-4.429919	-2.832643
-4.621011	-2.875599
-4.827896	-2.950773
-5.028464	-3.014259
-5.228715	-3.071745
-5.421703	-3.132705
-5.627324	-3.186084
-5.828523	-3.269154
-6.017405	-3.319691
-6.226184	-3.407814
-6.420119	-3.451086
-6.633321	-3.495938
-6.832625	-3.580586
-7.025928	-3.623543
-7.227128	-3.709771
-7.420115	-3.769468
-7.626052	-3.820636
-7.825356	-3.884123
-8.025924	-3.950136
-8.223017	-4.015834
-8.430533	-4.069530
-8.620362	-4.127963
-8.822509	-4.168708
-9.036974	-4.262832
-9.126361	-4.281468
-9.157314	-4.291259
-9.174371	-4.295997
-9.185110	-4.295681
-9.198691	-4.294734
-9.180372	-4.295050
-9.169633	-4.298840
-9.145628	-4.299471
-9.123518	-4.294418
-9.023708	-4.279889
-8.821877	-4.196503
-8.627311	-4.165549
-8.418530	-4.093218
-8.229965	-4.006674
-8.024029	-3.938450
-7.825672	-3.833902
-7.631105	-3.815582
-7.415061	-3.757781
-7.230286	-3.696189
-7.024349	-3.657655
-6.824097	-3.565741
-6.624477	-3.516468
-6.429279	-3.452665
-6.217972	-3.415395
-6.026248	-3.332009
-5.836104	-3.264100
-5.626692	-3.198087
-5.421071	-3.112174
-5.232506	-3.087538
-5.012671	-3.019629
-4.829160	-2.958353
-4.622591	-2.875915
-4.423602	-2.795372
-4.224930	-2.747046
-4.025310	-2.678822
-3.823795	-2.623863
-3.616594	-2.548058
-3.434978	-2.491836
-3.221776	-2.398659
-3.031631	-2.347490
-2.820009	-2.278002
-2.624811	-2.196828
-2.423927	-2.166190
-2.221464	-2.076171
-2.032899	-1.984889
-1.825067	-1.934353
-1.624183	-1.851599
-1.420457	-1.790323
-1.221153	-1.697778
-1.019006	-1.627974
-0.825703	-1.518688
-0.634611	-1.437197
-0.423620	-1.345916
-0.220526	-1.161772
-0.031329	-1.020901
0.180001	-0.760005
0.363536	-0.572388
0.577713	-0.338339
0.773568	-0.115978
0.974793	0.052063
1.180441	0.223910
1.370926	0.310782
1.572467	0.390703
1.767690	0.424504
1.978392	0.452303
2.172984	0.474099
2.379579	0.486419
2.576698	0.512007
2.767814	0.525906
2.974725	0.537278
3.173108	0.547703
3.375597	0.548019
3.574610	0.562866
3.778047	0.566973
3.979904	0.594455
4.172284	0.588769
4.381091	0.603932
4.572207	0.609303
4.775644	0.608987
4.974342	0.633626
5.174935	0.625413
5.375844	0.651317
5.563802	0.621622
5.779243	0.640576
5.980152	0.665532
6.173164	0.680695
6.383866	0.700912
6.572455	0.671850
6.777155	0.664900
6.972379	0.663952
7.183081	0.697437
7.369775	0.717339
7.571316	0.709125
7.784229	0.721445
7.964290	0.681643
8.188575	0.676904
8.368951	0.723025
8.576810	0.738188
8.779931	0.759353
8.971679	0.703123
9.178591	0.702492
9.370023	0.715127
9.573460	0.752719
9.773737	0.790310
9.971804	0.777991
9.775001	0.745453
9.569353	0.682906
9.376657	0.715759
9.165007	0.739767
8.977365	0.746717
8.782142	0.751139
8.569229	0.708178
8.374005	0.673745
8.172149	0.685433
7.973766	0.730606
7.779175	0.735977
7.580161	0.723341
7.369143	0.678484
7.170129	0.635838
6.980592	0.679747
6.769574	0.699017
6.582880	0.714180
6.369335	0.677852
6.179166	0.643103
5.980784	0.623834
5.767239	0.612777
5.577386	0.664268
5.371106	0.667743
5.183780	0.646262
4.971815	0.611514
4.783225	0.570763
4.570628	0.608355
4.370034	0.600457
4.179234	0.632995
3.970427	0.593192
3.781522	0.533172
3.578717	0.556548
3.371174	0.537594
3.185112	0.566341
2.963353	0.543912
2.781082	0.522115
2.579857	0.485788
2.378000	0.457989
2.175827	0.468729
1.975865	0.452303
1.780326	0.454514
1.571203	0.376172
1.380718	0.316152
1.175071	0.196743
0.977320	0.054907
0.779254	-0.106818
0.568552	-0.339287
0.374592	-0.555332
0.175894	-0.765059
-0.024380	-0.986157
-0.223053	-1.192094
-0.424252	-1.347179
-0.630189	-1.459307
-0.827914	-1.557854
-1.012373	-1.612813
-1.226838	-1.716097
-1.425827	-1.798851
-1.628289	-1.838649
-1.825699	-1.940985
-2.022160	-1.976993
-2.230624	-2.071433
-2.416347	-2.140290
-2.627337	-2.212936
-2.826957	-2.287794
-3.024367	-2.326644
-3.227145	-2.414451
-3.426450	-2.471305
-3.633334	-2.579959
-3.821268	-2.620389
-4.032259	-2.691140
-4.224298	-2.763787
-4.419496	-2.786528
-4.630487	-2.890128
-4.820947	-2.959616
-5.021515	-3.005100
-5.225241	-3.070166
-5.423282	-3.107121
-5.628903	-3.188295
-5.823786	-3.261889
-6.026880	-3.341800
-6.217656	-3.400234
-6.428015	-3.450770
-6.624161	-3.517416
-6.822834	-3.560056
-7.028139	-3.656392
-7.222705	-3.715456
-7.430853	-3.790946
-7.620050	-3.844325
-7.820618	-3.890756
-8.033504	-3.958664
-8.225860	-4.034153
-8.428006	-4.092587
-8.625099	-4.123225
-8.822824	-4.189238
-9.022129	-4.225562
-9.138995	-4.279889
-9.151629	-4.298208
-9.158894	-4.303894
-9.191743	-4.300735
-9.192690	-4.297576
-9.180688	-4.297576
-9.159842	-4.310211
-9.138363	-4.314001
-9.122254	-4.301998
-9.021181	-4.253357
-8.827562	-4.200609
-8.618466	-4.134280
-8.437166	-4.070793
-8.223332	-4.024678
-8.023396	-3.932448
-7.826619	-3.895178
-7.614681	-3.801053
-7.428327	-3.761887
-7.223969	-3.735671
-7.022769	-3.638388
-6.829782	-3.585640
-6.619107	-3.494990
-6.426436	-3.443190
-6.222394	-3.383493
-6.030986	-3.338642
-5.823786	-3.285263
-5.624166	-3.202509
-5.432442	-3.156710
-5.220819	-3.061637
-5.026569	-3.009206
-4.811156	-2.932769
-4.635541	-2.863281
-4.430235	-2.805480
-4.216718	-2.721462
-4.025310	-2.666188
-3.825690	-2.609965
-3.629860	-2.546163
-3.418553	-2.471305
-3.229672	-2.401501
-3.019313	-2.337067
-2.826957	-2.266948
-2.633655	-2.217990
-2.414451	-2.124497
-2.230940	-2.060063
-2.022160	-2.001945
-1.816539	-1.911611
-1.628605	-1.866760
-1.425511	-1.773898
-1.224311	-1.707253
-1.017743	-1.608391
-0.828546	-1.537639
-0.623240	-1.454254
-0.422988	-1.337703
-0.232212	-1.212941
-0.013325	-0.979840
0.172735	-0.784642
0.377120	-0.525010
0.563498	-0.330127
0.778306	-0.140614
0.983954	0.083653
1.170964	0.212222
1.379771	0.302884
1.571203	0.376172
1.776851	0.427031
1.969547	0.472836
2.174879	0.490842
2.376420	0.495896
2.572275	0.480417
2.786452	0.506321
2.969039	0.555916
3.170580	0.549282
3.379387	0.585294
3.571767	0.546439
3.782154	0.555284
3.974849	0.560023
4.173548	0.597930
4.375405	0.619095
4.576946	0.618779
4.776591	0.599510
4.976553	0.590349
5.177463	0.634890
5.370790	0.633942
5.581492	0.685749
5.769134	0.665532
5.977941	0.631731
6.183273	0.668059
6.376916	0.651948
6.583827	0.695226
6.774312	0.694910
6.979644	0.686697
7.168550	0.670270
7.380199	0.667111
7.576370	0.698069
7.769066	0.700596
7.977557	0.729975
8.171833	0.722709
8.376217	0.700280
8.575231	0.731554
8.773929	0.705019
8.982420	0.757141
9.165323	0.751455
9.374129	0.725868
9.576618	0.740399
9.769946	0.737240
9.978121	0.746717
9.775001	0.755562
9.571880	0.749560
9.366864	0.712600
9.177011	0.733765
8.977365	0.725868
8.769191	0.699017
8.587551	0.737872
8.371478	0.713864
8.174676	0.708809
7.973766	0.718286
7.779175	0.689540
7.577950	0.695542
7.371354	0.700280
7.172972	0.693647
6.972694	0.687960
6.781894	0.701228
6.573087	0.663952
6.385761	0.657634
6.171268	0.676904
5.972255	0.635206
5.781454	0.667111
5.569172	0.650685
5.367000	0.613093
5.174304	0.626993
4.975921	0.620359
4.772485	0.624466
4.575050	0.616568
4.372246	0.628256
4.165334	0.567604
3.985274	0.565393
3.774256	0.590665
3.563554	0.550230
3.384442	0.585610
3.170896	0.536331
2.974410	0.525590
2.774764	0.506637
2.577645	0.491474
2.379263	0.491474
2.173615	0.481997
1.979340	0.446301
1.767058	0.411236
1.575626	0.382174
1.369346	0.320574
1.187075	0.217908
0.976057	0.082705
0.768198	-0.133666
0.576134	-0.319388
0.371118	-0.529431
0.176210	-0.779588
-0.018379	-1.000371
-0.231265	-1.204728
-0.426779	-1.344336
-0.621661	-1.456149
-0.830757	-1.536060
-1.026587	-1.634922
-1.217363	-1.707569
-1.428354	-1.782111
-1.628289	-1.876551
-1.821908	-1.903399
-2.033215	-2.003840
-2.219885	-2.053746
-2.428033	-2.130182
-2.621652	-2.209146
-2.820009	-2.277055
-3.031947	-2.349070
-3.225566	-2.404028
-3.432451	-2.489309
-3.620384	-2.543004
-3.828848	-2.629233
-4.018992	-2.695562
-4.228720	-2.736939
-4.438763	-2.835170
-4.618801	-2.884443
-4.829475	-2.939402
-5.023726	-3.017418
-5.222398	-3.063217
-5.430547	-3.141233
-5.622271	-3.175661
-5.831682	-3.254625
-6.020879	-3.318111
-6.227448	-3.387915
-6.422646	-3.460246
-6.622582	-3.503518
-6.823149	-3.585324
-7.022138	-3.623227
-7.229970	-3.718931
-7.418220	-3.753043
-7.626683	-3.819057
-7.831041	-3.904653
-8.016448	-3.963086
-8.226491	-4.022783
-8.420426	-4.075847
-8.623204	-4.143439
-8.820614	-4.197766
-9.027183	-4.273571
-9.115306	-4.301998
-9.138363	-4.303894
-9.164895	-4.303894
-9.178477	-4.298840
-9.194586	-4.298840
-9.175634	-4.302630
-9.163000	-4.304525
-9.154788	-4.298840
-9.135837	-4.269781
-9.032552	-4.219244
-8.819350	-4.161759
-8.623204	-4.109959
-8.426111	-4.069530
-8.228070	-4.001936
-8.026555	-3.955190
-7.821250	-3.854116
-7.631737	-3.824426
-7.415692	-3.768836
-7.224916	-3.683871
-7.039194	-3.663972
-6.813990	-3.568268
-6.633005	-3.503518
-6.412222	-3.452981
-6.228711	-3.399286
-6.021194	-3.347486
-5.828523	-3.266311
-5.625113	-3.213248
-5.422966	-3.120386
-5.229347	-3.085011
-5.013618	-3.017102
-4.828528	-2.952983
-4.623854	-2.888233
-4.422655	-2.786212
-4.230931	-2.733464
-4.022151	-2.662397
-3.822531	-2.604596
-3.626070	-2.538582
-3.425502	-2.466568
-3.222407	-2.398027
-3.030368	-2.326644
-2.825694	-2.280213
-2.621020	-2.203145
-2.427402	-2.158609
-2.222728	-2.084068
-2.031320	-1.986153
-1.831384	-1.942565
-1.616603	-1.844018
-1.427090	-1.795692
-1.216099	-1.696198
-1.024691	-1.617550
-0.821913	-1.535428
-0.624504	-1.442883
-0.427095	-1.344968
-0.214209	-1.163036
-0.029750	-1.001634
0.186319	-0.760005
0.361957	-0.565123
0.581188	-0.333602
0.775147	-0.102712
0.969739	0.053011
1.181389	0.209695
1.381982	0.325313
1.576258	0.390387
1.772113	0.454514
1.973338	0.451039
2.176774	0.469361
2.368523	0.470309
2.580488	0.509164
2.774132	0.536331
2.974410	0.542017
3.175951	0.564130
3.372122	0.526854
3.579665	0.552441
3.778679	0.550862
3.983379	0.588138
4.176075	0.619095
4.370982	0.591928
4.575682	0.588769
4.773117	0.600142
4.983503	0.633626
5.179990	0.647842
5.381531	0.673429
5.567909	0.637733
5.783350	0.605512
5.979836	0.648789
6.169689	0.667427
6.390184	0.703439
6.575298	0.708809
6.777155	0.681011
6.971747	0.656687
7.171709	0.659846
7.375777	0.714812
7.573843	0.721761
7.784229	0.725552
7.967448	0.699017
8.182573	0.646262
8.381271	0.694594
8.576810	0.730606
8.779614	0.784308
8.972942	0.743242
9.176695	0.714180
9.376025	0.700912
9.567142	0.704071
9.780055	0.765355
9.971804	0.780202
9.776264	0.777675
9.571248	0.718286
9.376972	0.685433
9.162796	0.708178
8.976102	0.736608
8.786565	0.773884
8.568913	0.732186
8.382851	0.693331
8.172780	0.672482
7.975346	0.695226
7.778859	0.744190
7.570684	0.719866
7.383358	0.699649
7.173604	0.666480
6.981224	0.650685
6.772733	0.674693
6.577510	0.703123
6.372494	0.706282
6.188643	0.655423
5.977625	0.658898
5.765975	0.605512
5.578649	0.637417
5.374581	0.671850
5.167670	0.633942
4.982555	0.634258
4.772169	0.589401
4.574103	0.599194
4.366244	0.605828
4.180497	0.619411
3.977377	0.603301
3.771729	0.547387
3.581876	0.566025
3.365172	0.534751
3.182585	0.551494
2.966828	0.536015
2.784557	0.508848
2.577329	0.506637
2.371050	0.458621
2.181197	0.448828
1.967968	0.458621
1.774640	0.441246
1.567412	0.403971
1.375348	0.318995
1.173807	0.219172
0.975425	0.051748
0.782097	-0.095131
0.565709	-0.331707
0.376488	-0.569861
0.179685	-0.758110
-0.028170	-1.003529
-0.221789	-1.175670
-0.423620	-1.351285
-0.627662	-1.461834
-0.827914	-1.545536
-1.021849	-1.623552
-1.223996	-1.701884
-1.425827	-1.792534
-1.615339	-1.846861
-1.835174	-1.943828
-2.016475	-1.974150
-2.239784	-2.069854
-2.416978	-2.143132
-2.621968	-2.195248
-2.828537	-2.296322
-3.017418	-2.348754
-3.233778	-2.416031
-3.428976	-2.490888
-3.621332	-2.562271
-3.818425	-2.628601
-4.027205	-2.676611
-4.229668	-2.751153
-4.414758	-2.801373
-4.635541	-2.883496
-4.811472	-2.974777
-5.015198	-3.002257
-5.223346	-3.091644
-5.421703	-3.107121
-5.633009	-3.192717
-5.822522	-3.261573
-6.023406	-3.320322
-6.226500	-3.390442
-6.420119	-3.446033
-6.626056	-3.506045
-6.820939	-3.569216
-7.031298	-3.667762
-7.221442	-3.718299
-7.423905	-3.789998
-7.626999	-3.847484
-7.817460	-3.873068
-8.029714	-3.960560
-8.223017	-4.018677
-8.430849	-4.081216
-8.621625	-4.135859
-8.821561	-4.174393
-9.024340	-4.233458
-9.140259	-4.272624
-9.165526	-4.284310
-9.173423	-4.291891
-9.196481	-4.289996
-9.199007	-4.294734
-9.188269	-4.295050
-9.165526	-4.299788
-9.141521	-4.307052
-9.132047	-4.295050
-9.017076	-4.253041
-8.824404	-4.172498
-8.633628	-4.127331
-8.427691	-4.063528
-8.226175	-4.026258
-8.019922	-3.941293
-7.831041	-3.885702
-7.612470	-3.788419
-7.428327	-3.729354
-7.231865	-3.710087
-7.018979	-3.631755
-6.837679	-3.597011
-6.620687	-3.508572
-6.431490	-3.446980
-6.219235	-3.386336
-6.025301	-3.298213
-5.834840	-3.256835
-5.624481	-3.183873
-5.427072	-3.126072
-5.214186	-3.070797
-5.028148	-3.004468
-4.819368	-2.931190
-4.631119	-2.849699
-4.427392	-2.809270
-4.217981	-2.715777
-4.027521	-2.671241
-3.824110	-2.614703
-3.621332	-2.531318
-3.427713	-2.477938
-3.222723	-2.404344
-3.024367	-2.329803
-2.827273	-2.266000
-2.628285	-2.218306
-2.414767	-2.134604
-2.232203	-2.065116
-2.029425	-2.014580
-1.818118	-1.912874
-1.629869	-1.868339
-1.414772	-1.773267
-1.230944	-1.707569
-1.019006	-1.619446
-0.820965	-1.526900
-0.627662	-1.451411
-0.420146	-1.331070
-0.228422	-1.202202
-0.019642	-0.990895
0.169576	-0.778325
0.380594	-0.543329
0.569184	-0.319704
0.770725	-0.140930
0.986481	0.083337
1.170016	0.233703
1.369978	0.296882
1.574678	0.381542
1.767374	0.418818
1.979656	0.473783
2.172352	0.489578
2.378000	0.496844
2.579541	0.487683
2.780134	0.505373
2.973778	0.539174
3.175003	0.544544
3.383494	0.579292
3.565765	0.551178
3.779942	0.566025
3.975165	0.572975
4.165019	0.567288
4.383302	0.615936
4.571576	0.620991
4.771221	0.612146
4.978448	0.617200
5.177778	0.631415
5.370790	0.624781
5.578333	0.675325
5.772609	0.667743
5.969096	0.646262
6.187695	0.672797
6.371862	0.665848
6.582248	0.665848
6.778419	0.699964
6.974590	0.677852
7.178027	0.689224
7.373250	0.679115
7.579213	0.690488
7.775384	0.698069
7.971871	0.711021
8.173412	0.724604
8.370847	0.704703
8.574915	0.747980
8.771401	0.696174
8.985894	0.743242
9.167534	0.750192
9.364021	0.717339
9.578514	0.751139
9.766472	0.753667
9.979069	0.737240
9.769630	0.752719
9.578514	0.736608
9.367496	0.724920
9.174168	0.727763
8.980208	0.743874
8.771717	0.696805
8.579021	0.708809
8.363265	0.720182
8.175940	0.700912
7.970607	0.736292
7.778227	0.707546
7.586163	0.687960
7.372302	0.683854
7.176447	0.687329
6.970168	0.686065
6.772733	0.697753
6.574667	0.682906
6.378812	0.646894
6.175691	0.661425
5.971623	0.635522
5.783665	0.670902
5.573279	0.662689
5.364156	0.623202
5.186307	0.621938
4.973710	0.596351
4.779435	0.616884
4.571576	0.620359
4.378563	0.629520
4.168493	0.602669
3.979588	0.555916
3.782154	0.560971
3.563238	0.548335
3.381598	0.578029
3.167422	0.560339
2.985782	0.531592
2.780450	0.503162
2.568168	0.461780
2.388108	0.497792
2.170141	0.495896
1.976813	0.449460
1.775272	0.432717
1.573099	0.352164
1.377244	0.310466
1.175703	0.210327
0.974793	0.077651
0.768514	-0.130191
0.578029	-0.332654
0.380279	-0.528168
0.171156	-0.772008
-0.015220	-1.000055
-0.230949	-1.214520
-0.423620	-1.343704
-0.628610	-1.453938
-0.828862	-1.544904
-1.021849	-1.623552
-1.221785	-1.702515
-1.418562	-1.761264
-1.627658	-1.862654
-1.825383	-1.916665
-2.032583	-2.007631
-2.222728	-2.069222
-2.422980	-2.129551
-2.627022	-2.227150
-2.814008	-2.279266
-3.027209	-2.344964
-3.227777	-2.415399
-3.431503	-2.480149
-3.623543	-2.553427
-3.827901	-2.610281
-4.022467	-2.692404
-4.216718	-2.735676
-4.436236	-2.813692
-4.627013	-2.894550
-4.821579	-2.937823
-5.020567	-3.037632
-5.218292	-3.060058
-5.431494	-3.157026
-5.615005	-3.204720
-5.832314	-3.277050
-6.024037	-3.353171
-6.219235	-3.376229
-6.427700	-3.442558
-6.624161	-3.500991
-6.825676	-3.591010
-7.025928	-3.658918
-7.230602	-3.731881
-7.421062	-3.772626
-7.620998	-3.797894
-7.830726	-3.887281
-8.020870	-3.956138
-8.222069	-4.021204
-8.435587	-4.095745
-8.621625	-4.116276
-8.824719	-4.188922
-9.016443	-4.238196
-9.137732	-4.281152
-9.159842	-4.287153
-9.183531	-4.288101
-9.194586	-4.283363
-9.205324	-4.287785
-9.182899	-4.300735
-9.161736	-4.307683
-9.154788	-4.308947
-9.120675	-4.287785
-9.028446	-4.235669
-8.826615	-4.188922
-8.618466	-4.120382
-8.434639	-4.087533
-8.224912	-4.023415
-8.027187	-3.975089
-7.821881	-3.872436
-7.630158	-3.833270
-7.418220	-3.793473
-7.220494	-3.712614
-7.034140	-3.688609
-6.822202	-3.587535
-6.633321	-3.507940
-6.421382	-3.454245
-6.225868	-3.389179
-6.024353	-3.356646
-5.827576	-3.270417
-5.625429	-3.203140
-5.428651	-3.124808
-5.228400	-3.070797
-5.023410	-3.022156
-4.822526	-2.949193
-4.620064	-2.895498
-4.421075	-2.792529
-4.232826	-2.738518
-4.019309	-2.679769
-3.827901	-2.609965
-3.624806	-2.562903
-3.416026	-2.481413
-3.231251	-2.410345
-3.029420	-2.343700
-2.832643	-2.293795
-2.626074	-2.215463
-2.428349	-2.150397
-2.226834	-2.078382
-2.022160	-1.974466
-1.830121	-1.926456
-1.615339	-1.830121
-1.430249	-1.786848
-1.217994	-1.700620
-1.024060	-1.606495
-0.830757	-1.542693
-0.621345	-1.442567
-0.428358	-1.343704
-0.222421	-1.182935
-0.032276	-0.990579
0.180949	-0.768533
0.365431	-0.554068
0.575186	-0.350658
0.783677	-0.104291
0.967212	0.052379
1.173175	0.192637
1.378507	0.329735
1.563622	0.376488
1.782221	0.459252
1.973022	0.459252
2.179302	0.475679
2.373893	0.469361
2.583015	0.486103
2.777607	0.536963
2.968724	0.549282
3.179425	0.567920
3.366751	0.533172
3.579981	0.546755
3.770465	0.547071
3.979904	0.591928
4.173548	0.628256
4.370350	0.603616
4.572523	0.583715
4.781962	0.574870
4.972763	0.609618
5.174304	0.660162
5.374581	0.675009
5.567277	0.658266
5.775136	0.626045
5.981100	0.629204
6.175375	0.656055
6.381023	0.695858
6.578457	0.720814
6.772733	0.685117
6.981224	0.673429
7.172340	0.644367
7.381147	0.697753
7.576055	0.739135
7.772541	0.721445
7.972819	0.722393
8.171516	0.666795
8.379060	0.694278
8.570493	0.710073
8.782142	0.786204
8.968204	0.760300
9.169745	0.727447
9.378868	0.719550
9.566194	0.696174
9.775949	0.743874
9.971171	0.787152
9.778476	0.766618
9.573775	0.745769
9.374129	0.693015
9.167850	0.705651
8.967889	0.729343
8.779299	0.749244
8.573651	0.743242
8.376848	0.688592
8.177835	0.689224
7.967764	0.676272
7.782650	0.734397
7.570368	0.732818
7.379251	0.705651
7.177711	0.688592
6.976170	0.654160
6.774944	0.661425
6.578773	0.677220
6.376285	0.696490
6.176323	0.663637
5.982363	0.657003
5.767555	0.627309
5.574859	0.610882
5.381531	0.652580
5.173040	0.638049
4.984450	0.633942
4.769326	0.604880
4.576630	0.605828
4.371614	0.600773
4.175127	0.600142
3.978324	0.614989
3.770149	0.565077
3.578085	0.555284
3.368015	0.540121
3.177846	0.526854
2.969355	0.548651
2.776659	0.506005
2.585543	0.516429
2.365048	0.475995
2.177722	0.450723
1.975549	0.454198
1.775903	0.425136
1.573415	0.400496
1.376612	0.314888
1.180757	0.228333
0.969739	0.060909
0.780518	-0.109029
0.568236	-0.315914
0.366379	-0.559753
0.184739	-0.758426
-0.025328	-1.002582
-0.213577	-1.178828
-0.428990	-1.342441
-0.623240	-1.464993
-0.825071	-1.535112
-1.023428	-1.634922
-1.221469	-1.712939
-1.434039	-1.798535
-1.621025	-1.860758
-1.831700	-1.932457
-2.023423	-1.987416
-2.231888	-2.063853
-2.421716	-2.150397
-2.617546	-2.194617
-2.834538	-2.289057
-3.022156	-2.359809
-3.229988	-2.395500
-3.430556	-2.490257
-3.616278	-2.544268
-3.825374	-2.629864
-4.021520	-2.676295
-4.231879	-2.747362
-4.427077	-2.795056
-4.629224	-2.860438
-4.820947	-2.968144
-5.018356	-3.009521
-5.231243	-3.099856
-5.410964	-3.128599
-5.635221	-3.196507
-5.825049	-3.276103
-6.016457	-3.304214
-6.230606	-3.387284
-6.422646	-3.440347
-6.625109	-3.494042
-6.819675	-3.567636
-7.032561	-3.638072
-7.231234	-3.710087
-7.424852	-3.761571
-7.629526	-3.841798
-7.815248	-3.890124
-8.028134	-3.940977
-8.229965	-4.030364
-8.427375	-4.072688
-8.632364	-4.154810
-8.820614	-4.192081
-9.025603	-4.261885
-9.129204	-4.284626
-9.162052	-4.289048
-9.174371	-4.292207
-9.192690	-4.290312
-9.198060	-4.292839
-9.187005	-4.291575
-9.177529	-4.291891
-9.151314	-4.296945
-9.129519	-4.292839
-9.026235	-4.265991
-8.821561	-4.184500
-8.629206	-4.130805
-8.418847	-4.053737
-8.231861	-4.003516
-8.021186	-3.929922
-7.825988	-3.884123
-7.625420	-3.813687
-7.421694	-3.747042
-7.235024	-3.717036
-7.020875	-3.635545
-6.834204	-3.569532
-6.621634	-3.513309
-6.426436	-3.439715
-6.223658	-3.416658
-6.015509	-3.330430
-5.840210	-3.279893
-5.623534	-3.210721
-5.425809	-3.129862
-5.215134	-3.083431
-5.024673	-3.000046
-4.822526	-2.946035
-4.621011	-2.863281
-4.437500	-2.814008
-4.218297	-2.727779
-4.024046	-2.658291
-3.828217	-2.624811
-3.619752	-2.528791
-3.431187	-2.470674
-3.224934	-2.409398
-3.024367	-2.351280
-2.826957	-2.284951
-2.627969	-2.214515
-2.418558	-2.137447
-2.227466	-2.050903
-2.033215	-1.993101
-1.814644	-1.918876
-1.634291	-1.859495
-1.416983	-1.778952
-1.232208	-1.701884
-1.025639	-1.638397
-0.824124	-1.528479
-0.631768	-1.444778
-0.421725	-1.338651
-0.226211	-1.195253
-0.024696	-1.001634
0.178106	-0.770113
0.382174	-0.568913
0.574554	-0.326969
0.766934	-0.138088
0.984902	0.082705
1.172860	0.238126
1.367135	0.297198
1.576573	0.400180
1.767374	0.413763
1.981551	0.464938
2.169509	0.484208
2.374525	0.494001
2.577329	0.507268
2.776975	0.506321
2.981991	0.527486
3.167737	0.535699
3.376860	0.572975
3.565134	0.562234
3.781522	0.564445
3.972007	0.598878
4.166598	0.569184
4.380143	0.593508
4.575050	0.621622
4.771221	0.600773
4.975605	0.631731
5.177146	0.639313
5.370159	0.628256
5.576754	0.645630
5.777031	0.675009
5.964041	0.648158
6.181693	0.667427
6.376600	0.695226
6.578773	0.651317
6.776840	0.698701
6.971115	0.671534
7.185292	0.698701
7.367248	0.706598
7.579213	0.694910
7.779491	0.687645
7.972187	0.693015
8.182889	0.711337
8.366740	0.697437
8.586919	0.753035
8.765083	0.722393
8.983999	0.715127
9.174800	0.745453
9.362441	0.708809
9.583252	0.750192
9.769946	0.772936
9.977805	0.733449
9.772789	0.728395
9.573460	0.714180
9.378236	0.730922
9.167850	0.742610
8.982103	0.752403
8.773297	0.713232
8.579654	0.679747
8.377165	0.705651
8.167094	0.699964
7.979768	0.746401
7.771909	0.724288
7.583320	0.713864
7.372618	0.674693
7.171392	0.663321
6.973958	0.691119
6.772733	0.709125
6.580037	0.691751
6.377232	0.646894
6.176955	0.636154
5.970359	0.631099
5.781770	0.646894
5.577070	0.685433
5.362261	0.640576
5.181885	0.626045
4.965181	0.597614
4.780066	0.588769
4.568417	0.631099
4.375089	0.625413
4.176391	0.623834
3.972954	0.573290
3.780574	0.545808
3.567661	0.543912
3.380967	0.554653
3.168685	0.563498
2.969355	0.534435
2.782977	0.523695
2.566589	0.456725
2.385897	0.469993
2.178670	0.490842
1.965756	0.452619
1.772113	0.446932
1.569940	0.363852
1.379455	0.307939
1.173491	0.196428
0.984902	0.075440
0.769461	-0.123242
0.568868	-0.347499
0.381858	-0.539539
0.168945	-0.758110
-0.018695	-0.984262
-0.229054	-1.197148
-0.420146	-1.351285
-0.626715	-1.445726
-0.835810	-1.548062
-1.016795	-1.621972
-1.222416	-1.712623
-1.425195	-1.783058
-1.626710	-1.857600
-1.817486	-1.928035
-2.034163	-1.994681
-2.224939	-2.070802
-2.420137	-2.121970
-2.629864	-2.212620
-2.817166	-2.272633
-3.025630	-2.314641
-3.228093	-2.411925
-3.426450	-2.459303
-3.622279	-2.559745
-3.818425	-2.614703
-4.025626	-2.701247
-4.226825	-2.737886
-4.432446	-2.806427
-4.628276	-2.902763
-4.814314	-2.942876
-5.032886	-3.037948
-5.217345	-3.060058
-5.439706	-3.137758
-5.619428	-3.198087
-5.820627	-3.256204
-6.028775	-3.349381
-6.219552	-3.390442
-6.430858	-3.442242
-6.624477	-3.519311
-6.824728	-3.595116
-7.022454	-3.674395
-7.233760	-3.730302
-7.425484	-3.792209
-7.616576	-3.813056
-7.829146	-3.877806
-8.027819	-3.966561
-8.223332	-4.009517
-8.428006	-4.088165
-8.614361	-4.125751
-8.827562	-4.188922
-9.021813	-4.250514
-9.127309	-4.286837
-9.149734	-4.299156
-9.170897	-4.298840
-9.199955	-4.280836
-9.219853	-4.270729
-9.207851	-4.271676
-9.173107	-4.290944
-9.154156	-4.303894
-9.113411	-4.302314
-9.021181	-4.245776
-8.828194	-4.204715
-8.624152	-4.132700
-8.430849	-4.075215
-8.225544	-4.012676
-8.029082	-3.952663
-7.820618	-3.878121
-7.631737	-3.815582
-7.424221	-3.785576
-7.216704	-3.717036
-7.035719	-3.653865
-6.821570	-3.588799
-6.630162	-3.489620
-6.422014	-3.459930
-6.217656	-3.377176
-6.030670	-3.348118
-5.823470	-3.266627
-5.627008	-3.179451
-5.427072	-3.115017
-5.222398	-3.053109
-5.025621	-3.008890
-4.820632	-2.937191
-4.630803	-2.888233
-4.419812	-2.787160
-4.226509	-2.734412
-4.024046	-2.693035
-3.816530	-2.603333
-3.630807	-2.557218
-3.427081	-2.483939
-3.228724	-2.405292
-3.022471	-2.341489
-2.823799	-2.267895
-2.620704	-2.208199
-2.428033	-2.140921
-2.229676	-2.073960
-2.021213	-1.984889
-1.836753	-1.923613
-1.618814	-1.850651
-1.431196	-1.769161
-1.214836	-1.713886
-1.017427	-1.599863
-0.832652	-1.537007
-0.626399	-1.448568
-0.427726	-1.331070
-0.223053	-1.193042
-0.025643	-0.975418
0.180317	-0.769797
0.372697	-0.553436
0.573922	-0.358870
0.782413	-0.123874
0.968475	0.066595
1.177914	0.181896
1.384509	0.317731
1.568676	0.372065
1.787276	0.440930
1.967020	0.474731
2.177090	0.479154
2.372313	0.487051
2.576066	0.469045
2.782661	0.516113
2.965880	0.556548
3.175319	0.572659
3.371174	0.565393
3.582824	0.545176
3.771097	0.542017
3.978956	0.572343
4.178602	0.632363
4.372561	0.618464
4.572523	0.602669
4.774380	0.586242
4.976553	0.573922
5.174304	0.640576
5.372370	0.672797
5.572647	0.672166
5.768187	0.644683
5.980152	0.639313
6.173480	0.640260
6.380707	0.657950
6.582564	0.718918
6.771470	0.689224
6.982487	0.688908
7.165075	0.644367
7.377988	0.667427
7.580477	0.715759
7.776016	0.724920
7.976609	0.733765
8.172780	0.693015
8.378428	0.692067
8.562595	0.688276
8.784353	0.747033
8.970732	0.773252
9.170377	0.735977
9.382659	0.742610
9.567142	0.723972
9.772789	0.715759
9.974962	0.779254
9.772473	0.747980
9.575987	0.751455
9.368128	0.708494
9.176379	0.715127
8.975786	0.711021
8.775508	0.735345
8.571124	0.758405
8.370214	0.695226
8.176571	0.717023
7.968396	0.680379
7.787388	0.705019
7.570052	0.720182
7.373881	0.709125
7.178974	0.694594
6.973011	0.674061
6.776840	0.672166
6.582248	0.659530
6.382287	0.677852
6.169689	0.665216
5.980152	0.660162
5.769766	0.654476
5.566961	0.616568
5.384374	0.631099
5.169881	0.641840
4.982871	0.613093
4.769958	0.615620
4.575050	0.598562
4.374457	0.607723
4.167546	0.584979
3.982431	0.604564
3.774256	0.577081
3.577769	0.560971
3.374649	0.557180
3.170580	0.518641
2.977253	0.543912
2.771605	0.502214
2.585859	0.510743
2.371366	0.497476
2.174563	0.461780
1.977760	0.457041
1.764531	0.419450
1.578785	0.390387
1.376928	0.314572
1.179493	0.215381
0.971634	0.076387
0.775463	-0.119452
0.578029	-0.313703
0.364800	-0.557858
0.187898	-0.773903
-0.031645	-1.000686
-0.215156	-1.184830
-0.428674	-1.323174
-0.625767	-1.468151
-0.818438	-1.540482
-1.024060	-1.619130
-1.222732	-1.708201
-1.419194	-1.787796
-1.619130	-1.857916
-1.831384	-1.930246
-2.022160	-2.008894
-2.230624	-2.057852
-2.425822	-2.153872
-2.618178	-2.216727
-2.825063	-2.267579
-3.029736	-2.358229
-3.222092	-2.386972
-3.431819	-2.486466
-3.621016	-2.545847
-3.825058	-2.617546
-4.024994	-2.688297
-4.232510	-2.734096
-4.425181	-2.796635
-4.621643	-2.850015
-4.832002	-2.940349
-5.010460	-2.987412
-5.235033	-3.079010
-5.414122	-3.128915
-5.628903	-3.182926
-5.833577	-3.279577
-6.012982	-3.322849
-6.229343	-3.386652
-6.424541	-3.461825
-6.623529	-3.500360
-6.826308	-3.574585
-7.029087	-3.632387
-7.230602	-3.718931
-7.420430	-3.758097
-7.627947	-3.831059
-7.819671	-3.883807
-8.022133	-3.916656
-8.232492	-4.020572
-8.424216	-4.054368
-8.627626	-4.132384
-8.818087	-4.177867
-9.030341	-4.239143
-9.134573	-4.280520
-9.156683	-4.292207
-9.169317	-4.296629
-9.181952	-4.298208
-9.195217	-4.296313
-9.183214	-4.299471
-9.172791	-4.300419
-9.147207	-4.293470
-9.133625	-4.280836
-9.029393	-4.255568
-8.817455	-4.166497
-8.623204	-4.115013
-8.431797	-4.056263
-8.233756	-3.981722
-8.024344	-3.925184
-7.828515	-3.865171
-7.621630	-3.818425
-7.412218	-3.751148
-7.236919	-3.714509
-7.026244	-3.644705
-6.830098	-3.547106
-6.629215	-3.521837
-6.420751	-3.432451
-6.228395	-3.418869
-6.019615	-3.334852
-5.832945	-3.269154
-5.631114	-3.211037
-5.421387	-3.123861
-5.228715	-3.078378
-5.021515	-3.015207
-4.822526	-2.961196
-4.621643	-2.868019
-4.428024	-2.810849
-4.218613	-2.740729
-4.022783	-2.655448
-3.830427	-2.621020
-3.615330	-2.543952
-3.432767	-2.466252
-3.227461	-2.411293
-3.024683	-2.332329
-2.824747	-2.280529
-2.618178	-2.213884
-2.422664	-2.142185
-2.223044	-2.060063
-2.034794	-1.996260
-1.826330	-1.922666
-1.629237	-1.842755
-1.419510	-1.790639
-1.224627	-1.684827
-1.027218	-1.634922
-0.820334	-1.535744
-0.627346	-1.442251
-0.427095	-1.330123
-0.224000	-1.160825
-0.025959	-0.997212
0.180317	-0.759689
0.371749	-0.563228
0.580556	-0.320967
0.770093	-0.130191
0.982375	0.049852
1.177914	0.235599
1.369662	0.304148
1.580048	0.391019
1.762004	0.430506
1.980288	0.445353
2.177090	0.480101
2.375788	0.485788
2.579541	0.505057
2.773816	0.527802
2.977253	0.539490
3.173108	0.528117
3.380651	0.551494
3.574926	0.568236
3.777099	0.566973
3.979272	0.605196
4.168178	0.579608
4.368455	0.579292
4.573155	0.623834
4.770589	0.598878
4.981607	0.626045
5.174619	0.645946
5.376161	0.636470
5.578649	0.626993
5.778295	0.655107
5.973202	0.659530
6.181693	0.664584
6.382287	0.698701
6.566137	0.664900
6.777787	0.672482
6.963218	0.663005
7.181817	0.689856
7.375461	0.730922
7.570684	0.713232
7.779491	0.697121
7.973135	0.682590
8.175623	0.694594
8.368635	0.706914
8.584076	0.748296
8.772349	0.757773
8.975470	0.710389
9.178591	0.724920
9.362758	0.716075
9.575987	0.738820
9.779107	0.804842
9.974962	0.749560
9.776896	0.741031
9.571248	0.681011
9.376972	0.705966
9.166903	0.740399
8.981788	0.755878
8.775825	0.757457
8.572703	0.705019
8.378428	0.679747
8.166779	0.675325
7.978821	0.734081
7.771594	0.737240
7.579845	0.712600
7.373250	0.697437
7.169813	0.646262
6.977117	0.678168
6.774312	0.700912
6.577194	0.715127
6.375968	0.684170
6.183273	0.649737
5.973834	0.608355
5.777031	0.612777
5.572963	0.671218
5.361945	0.671534
5.178726	0.645315
4.978448	0.621938
4.776907	0.565709
4.576314	0.609303
4.373509	0.608671
4.174811	0.626361
3.976429	0.595087
3.780574	0.561602
3.572399	0.546124
3.375597	0.539490
3.170896	0.572975
2.968724	0.531276
2.787400	0.537594
2.566589	0.472520
2.382422	0.448512
2.181513	0.481681
1.964493	0.454830
1.775272	0.441562
1.564254	0.395442
1.380087	0.306359
1.172860	0.202430
0.977004	0.059961
0.775147	-0.118505
0.568236	-0.335181
0.378383	-0.549962
0.172420	-0.761269
-0.019642	-0.984578
-0.229054	-1.173143
-0.428042	-1.359497
-0.617871	-1.433091
-0.838653	-1.540798
-1.020901	-1.623236
-1.221469	-1.692408
-1.422036	-1.775162
-1.622920	-1.857916
-1.830752	-1.918244
-2.023423	-1.978888
-2.226202	-2.074592
-2.415715	-2.128603
-2.630496	-2.211673
-2.824747	-2.292847
-3.017102	-2.309272
-3.236937	-2.407819
-3.422659	-2.469094
-3.626701	-2.552796
-3.820636	-2.621652
-4.029732	-2.698405
-4.226825	-2.760628
-4.419496	-2.817166
-4.632382	-2.907185
-4.818105	-2.954563
-5.030675	-3.032895
-5.222398	-3.078694
-5.434337	-3.110595
-5.624166	-3.198402
-5.821259	-3.235673
-6.034461	-3.332957
-6.226500	-3.400549
-6.426120	-3.433714
-6.626056	-3.506361
-6.823465	-3.564794
-7.033193	-3.668394
-7.227759	-3.717667
-7.425168	-3.800105
-7.614681	-3.841798
-7.824409	-3.878121
-8.023396	-3.971930
-8.221122	-4.025626
-8.429901	-4.111854
-8.617519	-4.138701
-8.830405	-4.183869
-9.023708	-4.247040
-9.124466	-4.285890
-9.152576	-4.305789
-9.154472	-4.310842
-9.175634	-4.305789
-9.195217	-4.295997
-9.197112	-4.288733
-9.159209	-4.296945
-9.148787	-4.304209
-9.124782	-4.295681
-9.015812	-4.237248
-8.830721	-4.187975
-8.617519	-4.139333
-8.426427	-4.066687
-8.223017	-4.035101
-8.024344	-3.959612
-7.825356	-3.896757
-7.618787	-3.810844
-7.429274	-3.760624
-7.227443	-3.713877
-7.030350	-3.641231
-6.831046	-3.594168
-6.619107	-3.480777
-6.430858	-3.443190
-6.208180	-3.365174
-6.037303	-3.324744
-5.825049	-3.285263
-5.622271	-3.193033
-5.427704	-3.138390
-5.212607	-3.064480
-5.024673	-3.002257
-4.818420	-2.937507
-4.633646	-2.886654
-4.422655	-2.809270
-4.225877	-2.727463
-4.030047	-2.680717
-3.815898	-2.607754
-3.628281	-2.541741
-3.426450	-2.491520
-3.226829	-2.396132
-3.024051	-2.345595
-2.821588	-2.255893
-2.614703	-2.213252
-2.421400	-2.132709
-2.231572	-2.069222
-2.026898	-1.996260
-1.829805	-1.918876
-1.627658	-1.856336
-1.420141	-1.763791
-1.228418	-1.708201
-1.014584	-1.601442
-0.830441	-1.523110
-0.624504	-1.457096
-0.427726	-1.338019
-0.230633	-1.202833
-0.025643	-0.994369
0.177790	-0.765059
0.374908	-0.531958
0.566973	-0.341182
0.781465	-0.127980
0.980163	0.085232
1.167805	0.191373
1.384193	0.315520
1.567412	0.370802
1.774008	0.421345
1.971127	0.479786
2.172984	0.478206
2.384949	0.493685
2.568484	0.491790
2.778871	0.507268
2.975357	0.541385
3.176267	0.562234
3.373385	0.584347
3.571767	0.554653
3.779626	0.567920
3.971375	0.543280
4.179865	0.589401
4.373825	0.629836
4.568732	0.621622
4.779750	0.617200
4.975289	0.604880
5.182201	0.618464
5.373633	0.635206
5.575174	0.669954
5.773241	0.666164
5.978572	0.650053
6.172532	0.667743
6.374074	0.662057
6.587618	0.693647
6.764520	0.705651
6.978065	0.689856
7.171392	0.687960
7.373566	0.667111
7.583952	0.690488
7.771277	0.701860
7.976925	0.734713
8.176571	0.712916
8.375585	0.702492
8.569229	0.720182
8.774877	0.703123
8.978312	0.745137
9.163743	0.733449
9.378868	0.734397
9.575987	0.754614
9.768051	0.728079
9.984123	0.751139
9.766472	0.747980
9.583884	0.738504
9.358967	0.718918
9.170061	0.723657
8.976418	0.725868
8.774561	0.699333
8.583444	0.735661
8.374005	0.705966
8.181625	0.715127
7.964921	0.716391
7.779175	0.700280
7.579529	0.702492
7.375777	0.674693
7.178342	0.686065
6.974590	0.697753
6.772417	0.699649
6.581932	0.683538
6.377548	0.659530
6.172532	0.666795
5.976993	0.644051
5.778295	0.657634
5.573279	0.646262
5.375844	0.618464
5.177778	0.628572
4.981923	0.598562
4.781014	0.622886
4.569996	0.615620
4.378880	0.630152
4.168809	0.583715
3.979272	0.562866
3.771729	0.560339
3.573031	0.557496
3.383178	0.582767
3.173739	0.540121
2.977253	0.539490
2.778555	0.492737
2.583647	0.482944
2.384633	0.505373
2.163191	0.468097
1.981551	0.453566
1.770217	0.423556
1.574362	0.364800
1.377875	0.320890
1.179177	0.207800
0.978584	0.067542
0.765355	-0.132086
0.579608	-0.320020
0.367643	-0.532590
0.181896	-0.777377
-0.023748	-0.995633
-0.227790	-1.206308
-0.419198	-1.337387
-0.632084	-1.461834
-0.820018	-1.541430
-1.019954	-1.616603
-1.226207	-1.722414
-1.424247	-1.785269
-1.622288	-1.858547
-1.826962	-1.926140
-2.026266	-1.992470
-2.221148	-2.054377
-2.428033	-2.144396
-2.621336	-2.221780
-2.827273	-2.268842
-3.034790	-2.351596
-3.224303	-2.406871
-3.429292	-2.473832
-3.616594	-2.542688
-3.826637	-2.607754
-4.025626	-2.687350
-4.231247	-2.739782
-4.429919	-2.820956
-4.622591	-2.877810
-4.827896	-2.949825
-5.017725	-3.015207
-5.229032	-3.066059
-5.418228	-3.155446
-5.622271	-3.176293
-5.837683	-3.278630
-6.017720	-3.332641
-6.223341	-3.377808
-6.434017	-3.466247
-6.623529	-3.511098
-6.827571	-3.594168
-7.021822	-3.656392
-7.229023	-3.727459
-7.420746	-3.763466
-7.628579	-3.818109
-7.827567	-3.898336
-8.014553	-3.949821
-8.234387	-4.042366
-8.420426	-4.090376
-8.628258	-4.136490
-8.813033	-4.188291
-9.023708	-4.231247
-9.134257	-4.283047
-9.152576	-4.293786
-9.172791	-4.297576
-9.188269	-4.290944
-9.198060	-4.292523
-9.184793	-4.290312
-9.165526	-4.300103
-9.157947	-4.295681
-9.138363	-4.271360
-9.029078	-4.230931
-8.823140	-4.167129
-8.621942	-4.119119
-8.434008	-4.101431
-8.226175	-4.027521
-8.027819	-3.967824
-7.822513	-3.884439
-7.627631	-3.829796
-7.412218	-3.771994
-7.230602	-3.713561
-7.024349	-3.667447
-6.820307	-3.556581
-6.629215	-3.518679
-6.418856	-3.423291
-6.229659	-3.399602
-6.015193	-3.343380
-5.824733	-3.253993
-5.634904	-3.204720
-5.423913	-3.111858
-5.228715	-3.038264
-5.020883	-3.000362
-4.826317	-2.941297
-4.623854	-2.872756
-4.428340	-2.795688
-4.232826	-2.751153
-4.013623	-2.668714
-3.833270	-2.613440
-3.624174	-2.571115
-3.427397	-2.469726
-3.227461	-2.421400
-3.017418	-2.335804
-2.823167	-2.297269
-2.626074	-2.228413
-2.424559	-2.146923
-2.226834	-2.075855
-2.023739	-1.993101
-1.826962	-1.928667
-1.627026	-1.837701
-1.425827	-1.796956
-1.218942	-1.686091
-1.028166	-1.625447
-0.824124	-1.540798
-0.615976	-1.434986
-0.430253	-1.345916
-0.221157	-1.179144
-0.027223	-0.978261
0.184739	-0.759374
0.371433	-0.553121
0.576765	-0.338655
0.768198	-0.118189
0.967212	0.039112
1.184548	0.214434
1.367135	0.318047
1.578785	0.379647
1.769901	0.463043
1.972390	0.452303
2.180249	0.481365
2.369470	0.465254
2.577329	0.488315
2.780450	0.533172
2.969355	0.548967
3.173739	0.565709
3.373385	0.541069
3.575874	0.551178
3.766359	0.548967
3.983695	0.608039
4.169441	0.614673
4.366244	0.603932
4.581052	0.597614
4.768062	0.578661
4.978765	0.613725
5.172408	0.667743
5.376792	0.669007
5.572963	0.667743
5.775768	0.632363
5.977309	0.613409
6.173480	0.651317
6.385129	0.707546
6.571824	0.708178
6.778419	0.696490
6.966692	0.660793
7.176447	0.634258
7.379251	0.712284
7.574159	0.724604
7.777596	0.714180
7.966501	0.715127
8.170253	0.671534
8.369583	0.669007
8.575546	0.721129
8.782774	0.761564
8.973259	0.753667
9.180801	0.756194
9.368443	0.707862
9.568405	0.669323
9.776896	0.772620
9.966433	0.771041
9.780686	0.786204
9.564930	0.743242
9.379184	0.696174
9.174168	0.707230
8.973259	0.721761
8.780562	0.745453
8.573651	0.733765
8.380008	0.711653
8.170885	0.675009
7.981348	0.681958
7.772541	0.724920
7.575423	0.710073
7.383674	0.733449
7.173288	0.684801
6.974590	0.638997
6.774628	0.670270
6.573719	0.671534
6.380707	0.698701
6.181693	0.673113
5.978572	0.649421
5.771345	0.620043
5.572963	0.634574
5.371738	0.647526
5.179042	0.632047
4.982239	0.643419
4.770589	0.580872
4.580420	0.601089
4.369719	0.594140
4.174811	0.599510
3.980220	0.617832
3.776783	0.568868
3.582508	0.559075
3.366120	0.540437
3.181321	0.539174
2.965564	0.529381
2.783293	0.533172
2.574802	0.506637
2.371050	0.456409
2.184040	0.478838
1.969863	0.446932
1.770533	0.420713
1.571835	0.406814
1.375348	0.307623
1.174439	0.224542
0.970687	0.055222
0.778306	-0.111240
0.567288	-0.326337
0.375224	-0.554384
0.178106	-0.759058
-0.022801	-1.007951
-0.220526	-1.165563
-0.429937	-1.349390
-0.618818	-1.445094
-0.832336	-1.533217
-1.023112	-1.633343
-1.214836	-1.694303
-1.429301	-1.787796
-1.621657	-1.861706
-1.826962	-1.924245
-2.027214	-1.984258
-2.232519	-2.066064
-2.423295	-2.146291
-2.626074	-2.210093
-2.833906	-2.299796
-3.014259	-2.351912
-3.234726	-2.411293
-3.423607	-2.491836
-3.621964	-2.556902
-3.828217	-2.638077
-4.023415	-2.680401
-4.229352	-2.746099
-4.422023	-2.800426
-4.636172	-2.879705
-4.817157	-2.948877
-5.026885	-2.997203
-5.223030	-3.082484
-5.423282	-3.109016
-5.632694	-3.198087
-5.818732	-3.249887
-6.028460	-3.323481
-6.226816	-3.415079
-6.415065	-3.450454
-6.633005	-3.518047
-6.819991	-3.566057
-7.031613	-3.644389
-7.229338	-3.706297
-7.427063	-3.763782
-7.619103	-3.839903
-7.821881	-3.874331
-8.033820	-3.956138
-8.224280	-4.036365
-8.436535	-4.093534
-8.621942	-4.151020
-8.822509	-4.174393
-9.026867	-4.238827
-9.146576	-4.256515
-9.175319	-4.275466
-9.181952	-4.284626
-9.188584	-4.287469
-9.203745	-4.286837
-9.194269	-4.284626
-9.180057	-4.289680
-9.157947	-4.291259
-9.129835	-4.287469
-9.014864	-4.247040
-8.824404	-4.155757
-8.627311	-4.114381
-8.416004	-4.029416
-8.236915	-3.990882
-8.017712	-3.929606
-7.832621	-3.876226
-7.620998	-3.807686
-7.423905	-3.749253
-7.225864	-3.697453
-7.021822	-3.620384
-6.834204	-3.573638
-6.619107	-3.492463
-6.435280	-3.454245
-6.215445	-3.393916
-6.024669	-3.323481
-5.829471	-3.289685
-5.616901	-3.199034
-5.430547	-3.135863
-5.227136	-3.087538
-5.028148	-3.002257
-4.820000	-2.952668
-4.632066	-2.872756
-4.425181	-2.813692
-4.215138	-2.730306
-4.032259	-2.688613
-3.825058	-2.617862
-3.621648	-2.526580
-3.429924	-2.478886
-3.221776	-2.384761
-3.031000	-2.345595
-2.820325	-2.276107
-2.628285	-2.207883
-2.423295	-2.142185
-2.225886	-2.067643
-2.025950	-2.004788
-1.831700	-1.915085
-1.626710	-1.869287
-1.417930	-1.775794
-1.226207	-1.709464
-1.016163	-1.611233
-0.824755	-1.530690
-0.638717	-1.456780
-0.415724	-1.330755
-0.230001	-1.184514
-0.020906	-1.000686
0.180317	-0.776114
0.373645	-0.559122
0.572027	-0.334233
0.771041	-0.135561
0.983322	0.074808
1.175387	0.211591
1.383246	0.302252
1.570572	0.400180
1.770533	0.419765
1.973338	0.471256
2.169509	0.472204
2.383054	0.514850
2.575118	0.507268
2.776975	0.497792
2.976937	0.531908
3.171212	0.540121
3.379387	0.570132
3.573663	0.566657
3.782470	0.581820
3.976113	0.577081
4.172916	0.563498
4.372561	0.609618
4.565258	0.605828
4.782593	0.613409
4.978765	0.627624
5.183148	0.622570
5.371738	0.640892
5.565698	0.642472
5.775768	0.671850
5.974782	0.656687
6.178850	0.669323
6.372810	0.678484
6.583827	0.657634
6.767047	0.684170
6.979329	0.680695
7.175183	0.703439
7.371354	0.691751
7.582057	0.713864
7.771277	0.694278
7.970923	0.690803
8.173728	0.715759
8.372426	0.719550
8.574599	0.739767
8.775508	0.718602
8.980840	0.733133
9.166270	0.729027
9.373814	0.710705
9.576303	0.766618
9.762364	0.750824
9.984123	0.752403
9.766788	0.714496
9.574723	0.723025
9.367812	0.744190
9.171640	0.728079
8.982103	0.749876
8.772349	0.715759
8.577442	0.694278
8.371162	0.698385
8.182257	0.706914
7.970923	0.729975
7.776332	0.717970
7.582057	0.708809
7.366300	0.675009
7.179606	0.665848
6.978065	0.703123
6.766099	0.695858
6.583827	0.698069
6.372810	0.657003
6.182009	0.635206
5.978257	0.637417
5.773557	0.652580
5.569172	0.668691
5.375844	0.650369
5.179990	0.637417
4.972763	0.579292
4.784489	0.590981
4.561783	0.610566
4.378563	0.630468
4.169757	0.630468
3.974534	0.575818
3.774888	0.555600
3.576822	0.541385
3.373701	0.567604
3.166790	0.563814
2.974094	0.549282
2.775396	0.505373
2.585859	0.448512
2.384317	0.489578
2.168561	0.480101
1.974601	0.463991
1.773692	0.449775
1.569624	0.361957
1.380403	0.309202
1.170648	0.194216
0.982059	0.072597
0.764723	-0.121979
0.574870	-0.341182
0.373013	-0.541750
0.180633	-0.763164
-0.019642	-0.973839
-0.228738	-1.210098
-0.415092	-1.344020
-0.638717	-1.462466
-0.826651	-1.555327
-1.011110	-1.612813
-1.226838	-1.711991
-1.423932	-1.784953
-1.626078	-1.849072
