# Configuration automatically generated by WRITE_CONFIG()
connection eth
ip 192.168.0.10
samplehz 1000.000000
settleus 10.000000
nsample 128

# Analog Inputs
aichannel 0
ainegative 199
airange 10.000000
airesolution 0

aichannel 1
ainegative 199
airange 10.000000
airesolution 0

# Analog Outputs
aochannel 0
aosignal triangle
aofrequency 5.000000
aoamplitude 2.000000
aooffset 2.500000
aoduty 0.500000

# Meta Parameters
int:periods 10
flt:plate_Thigh_C 402.266960
flt:plate_Tlow_C 211.386018
flt:plate_Q_kW 1.166954
flt:plate_Tpeak_C 1289.966127
flt:cool_Thigh_C 78.742900
flt:cool_Tlow_C 23.053278
flt:air_psig 80.000000
flt:water_gph 1.100000
flt:cool_Q_kW 0.000000
flt:standoff_in 0.228000
flt:oxygen_scfh 12.930031
flt:fuel_scfh 7.124906
flt:flow_scfh 20.054938
flt:ratio_fto 0.551036

## End Configuration ##
#: Mon Jul 25 16:25:26 2016
-7.023401	-3.665867
-9.164264	-4.338006
-9.142785	-4.337374
-9.132362	-4.336111
-9.134889	-4.325056
-9.105830	-4.302314
-9.029078	-4.253988
-8.821561	-4.222087
-8.626678	-4.152915
-8.425163	-4.119434
-8.229965	-4.025941
-8.033504	-3.968456
-7.822197	-3.890440
-7.624788	-3.848431
-7.419167	-3.784629
-7.237551	-3.731565
-7.026560	-3.659550
-6.830730	-3.593221
-6.626372	-3.547422
-6.418224	-3.466879
-6.228079	-3.422343
-6.019615	-3.361383
-5.831682	-3.287473
-5.626377	-3.219881
-5.427072	-3.152920
-5.226189	-3.092591
-5.027200	-3.034158
-4.818420	-2.968460
-4.621643	-2.885706
-4.434341	-2.835486
-4.217349	-2.748626
-4.030047	-2.683244
-3.817793	-2.643446
-3.625438	-2.547426
-3.424554	-2.503206
-3.220512	-2.423295
-3.031000	-2.379076
-2.824747	-2.305166
-2.627337	-2.235678
-2.422980	-2.161136
-2.231888	-2.079646
-2.025950	-2.017107
-1.827594	-1.945407
-1.626394	-1.896134
-1.421089	-1.788744
-1.229681	-1.729995
-1.024691	-1.660823
-0.824440	-1.553432
-0.628926	-1.501632
-0.417303	-1.378133
-0.224000	-1.257792
-0.022169	-1.037641
0.178106	-0.850340
0.373013	-0.648193
0.573606	-0.415724
0.783993	-0.194310
0.972582	0.011945
1.175703	0.156625
1.373137	0.305095
1.571519	0.384701
1.778430	0.463359
1.970179	0.463675
2.175511	0.464307
2.376104	0.477574
2.582068	0.494001
2.780450	0.550230
2.974094	0.553389
3.171844	0.559391
3.375281	0.530013
3.577453	0.544228
3.762884	0.550230
3.982115	0.593192
4.170704	0.638365
4.366244	0.595087
4.577261	0.614041
4.769958	0.589085
4.986030	0.631099
5.171776	0.650369
5.375844	0.662689
5.572647	0.659846
5.774189	0.633626
5.976361	0.658582
6.176007	0.661425
6.378180	0.705019
6.580037	0.689224
6.779999	0.696805
6.963218	0.658898
7.178027	0.656371
7.373250	0.701228
7.575738	0.717023
7.775068	0.740715
7.968080	0.707862
8.170253	0.713864
8.372110	0.721445
8.577127	0.737240
8.772981	0.751139
8.981788	0.748612
9.168797	0.740715
9.367496	0.721129
9.575355	0.764723
9.770578	0.737240
9.983175	0.786204
9.772473	0.741979
9.575987	0.711337
9.377604	0.746401
9.171325	0.710705
8.980840	0.728395
8.777719	0.741663
8.574915	0.735977
8.367056	0.711337
8.180362	0.749244
7.964921	0.703439
7.780755	0.694278
7.585531	0.730606
7.364720	0.680695
7.180553	0.710073
6.967009	0.689540
6.776840	0.681011
6.575298	0.681327
6.378496	0.668375
6.171268	0.657003
5.970991	0.662057
5.775136	0.663005
5.573595	0.619727
5.381846	0.646578
5.174304	0.623202
4.979712	0.639944
4.767115	0.644367
4.576314	0.614673
4.377616	0.608355
4.168809	0.588138
3.977061	0.582136
3.768254	0.576765
3.580928	0.587822
3.375597	0.553073
3.179741	0.540121
2.970619	0.524327
2.783609	0.496844
2.577329	0.522431
2.367891	0.483892
2.184040	0.481365
1.959754	0.435560
1.777483	0.427347
1.562674	0.385017
1.383562	0.303200
1.180441	0.206536
0.968475	0.001204
0.775779	-0.182939
0.566341	-0.412249
0.379015	-0.639981
0.173051	-0.889190
-0.016168	-1.087546
-0.230633	-1.250527
-0.426147	-1.387924
-0.616607	-1.473521
-0.832336	-1.589123
-1.020901	-1.661454
-1.225575	-1.734101
-1.420773	-1.814328
-1.626710	-1.867076
-1.820961	-1.957410
-2.025635	-2.014580
-2.226834	-2.093543
-2.412872	-2.159557
-2.631759	-2.244522
-2.819377	-2.290005
-3.033842	-2.371179
-3.225250	-2.420768
-3.436873	-2.491836
-3.621648	-2.581223
-3.818109	-2.624495
-4.029416	-2.699036
-4.222087	-2.782738
-4.428656	-2.841803
-4.627328	-2.916660
-4.826317	-2.988043
-5.017725	-3.032579
-5.228400	-3.090380
-5.424545	-3.165554
-5.618796	-3.207246
-5.834525	-3.297581
-6.016457	-3.347486
-6.232502	-3.411604
-6.414433	-3.474775
-6.630794	-3.524049
-6.825992	-3.617226
-7.018032	-3.634598
-7.240077	-3.706928
-7.424221	-3.759044
-7.621630	-3.844009
-7.826303	-3.930553
-8.024976	-3.999726
-8.222069	-4.057527
-8.432428	-4.097324
-8.618783	-4.169655
-8.822509	-4.207874
-9.035710	-4.288733
-9.113095	-4.307052
-9.142469	-4.315580
-9.151629	-4.320318
-9.153524	-4.327582
-9.152893	-4.339269
-9.130783	-4.346849
-9.123834	-4.342112
-9.138995	-4.312737
-9.134889	-4.283047
-9.017391	-4.247040
-8.826615	-4.208821
-8.612149	-4.176920
-8.434008	-4.114697
-8.223648	-4.067634
-8.021186	-3.957717
-7.827567	-3.913497
-7.619735	-3.859170
-7.421378	-3.792841
-7.226811	-3.731565
-7.031929	-3.642810
-6.823781	-3.589115
-6.628267	-3.520890
-6.426752	-3.502886
-6.217972	-3.421712
-6.029723	-3.358541
-5.821890	-3.298844
-5.620059	-3.197139
-5.424545	-3.180399
-5.219872	-3.095118
-5.026885	-3.063533
-4.815894	-2.968460
-4.627645	-2.897077
-4.425813	-2.818114
-4.224930	-2.760944
-4.019624	-2.713881
-3.822531	-2.653869
-3.624806	-2.585645
-3.428029	-2.499732
-3.229672	-2.452670
-3.019629	-2.367705
-2.829484	-2.311167
-2.625442	-2.256524
-2.418558	-2.148502
-2.223675	-2.097018
-2.024371	-2.012369
-1.828225	-1.963095
-1.626710	-1.876867
-1.422036	-1.812117
-1.217994	-1.714202
-1.025323	-1.648820
-0.826019	-1.579648
-0.630821	-1.468783
-0.423620	-1.398979
-0.228106	-1.232208
-0.027854	-1.076492
0.186951	-0.845286
0.366063	-0.652299
0.574870	-0.423936
0.777359	-0.175043
0.976689	0.009102
1.182020	0.187582
1.377560	0.299409
1.568676	0.401759
1.769585	0.423872
1.980288	0.462411
2.171404	0.475679
2.375472	0.469677
2.584279	0.542333
2.770341	0.527802
2.982623	0.550546
3.167106	0.528749
3.379387	0.541385
3.573663	0.570447
3.776467	0.584663
3.978009	0.607091
4.173232	0.592560
4.376036	0.582767
4.573471	0.586874
4.774380	0.638049
4.977185	0.642472
5.182833	0.680063
5.367631	0.647842
5.575806	0.608355
5.772293	0.642472
5.972570	0.662373
6.179482	0.709757
6.372494	0.701860
6.580985	0.690803
6.771785	0.648158
6.976801	0.673113
7.178658	0.705966
7.377357	0.708494
7.579845	0.738820
7.771277	0.680379
7.976925	0.693331
8.162040	0.679747
8.383799	0.757141
8.570493	0.774200
8.774244	0.739451
8.982420	0.747033
9.169745	0.677220
9.369707	0.713864
9.568405	0.769777
9.776264	0.797576
9.973067	0.776411
9.778159	0.744190
9.573460	0.696490
9.367812	0.709441
9.177958	0.770725
8.971047	0.761880
8.782458	0.754298
8.569545	0.703123
8.376848	0.676588
8.174044	0.715443
7.972819	0.745453
7.777596	0.753035
7.574475	0.727447
7.372934	0.687960
7.166338	0.640576
6.979012	0.683538
6.766415	0.693647
6.585723	0.724604
6.372178	0.692067
6.173796	0.634890
5.981731	0.651317
5.767555	0.646262
5.577386	0.670902
5.365736	0.663637
5.183148	0.651632
4.972763	0.610566
4.781330	0.608039
4.571576	0.627309
4.370350	0.613409
4.180497	0.637101
3.974218	0.575818
3.787524	0.559707
3.565134	0.547703
3.377808	0.545176
3.176583	0.571395
2.967460	0.531276
2.788979	0.510111
2.571959	0.502530
2.376104	0.482629
2.178986	0.475047
1.973022	0.471888
1.768006	0.428926
1.574046	0.386596
1.372821	0.311413
1.173175	0.171156
0.987113	0.026476
0.771357	-0.186729
0.577713	-0.413197
0.368275	-0.635559
0.186319	-0.861710
-0.018695	-1.063542
-0.221789	-1.255265
-0.431517	-1.398663
-0.631768	-1.491840
-0.822229	-1.563223
-1.027850	-1.663981
-1.216099	-1.744208
-1.432775	-1.824751
-1.615655	-1.894239
-1.828541	-1.937827
-2.037637	-2.043638
-2.223675	-2.085015
-2.425822	-2.171243
-2.623231	-2.246101
-2.821588	-2.296954
-3.024683	-2.363915
-3.227145	-2.435298
-3.422343	-2.523105
-3.623543	-2.585329
-3.834533	-2.664292
-4.022783	-2.704406
-4.233142	-2.756838
-4.422023	-2.847804
-4.626697	-2.903394
-4.821895	-2.989938
-5.015830	-3.020576
-5.227768	-3.096697
-5.420439	-3.142180
-5.627324	-3.199982
-5.826944	-3.295370
-6.023406	-3.362963
-6.218920	-3.416974
-6.429279	-3.482671
-6.624161	-3.550896
-6.829151	-3.623859
-7.028771	-3.722721
-7.219547	-3.749885
-7.434012	-3.789682
-7.620050	-3.850958
-7.833252	-3.878753
-8.021502	-3.984249
-8.228703	-4.036049
-8.431165	-4.121329
-8.619730	-4.164286
-8.827247	-4.226825
-9.017076	-4.273571
-9.115622	-4.311790
-9.126992	-4.323161
-9.144364	-4.324740
-9.163316	-4.320318
-9.172160	-4.317791
-9.170581	-4.319370
-9.137100	-4.323476
-9.123834	-4.329793
-9.106146	-4.315264
-9.020234	-4.271045
-8.831037	-4.228088
-8.620362	-4.148177
-8.428006	-4.108379
-8.224280	-4.037312
-8.026871	-3.994672
-7.821250	-3.906233
-7.624156	-3.844325
-7.422326	-3.808002
-7.225548	-3.729354
-7.032877	-3.681028
-6.821570	-3.588167
-6.622266	-3.542368
-6.423277	-3.480777
-6.226816	-3.413499
-6.018352	-3.367701
-5.832945	-3.291895
-5.627956	-3.228093
-5.424230	-3.148498
-5.224609	-3.099224
-5.029411	-3.016470
-4.821895	-2.983305
-4.617853	-2.887602
-4.433394	-2.816850
-4.226193	-2.790950
-4.016782	-2.687350
-3.824742	-2.645341
-3.618805	-2.565746
-3.428976	-2.514577
-3.223355	-2.436561
-3.029736	-2.387604
-2.825063	-2.312430
-2.625758	-2.229992
-2.421084	-2.177245
-2.224623	-2.066380
-2.029741	-2.024371
-1.817171	-1.940038
-1.632080	-1.898661
-1.414456	-1.805168
-1.223680	-1.700620
-1.025639	-1.646925
-0.821597	-1.554379
-0.629557	-1.488366
-0.428042	-1.388556
-0.227159	-1.263162
-0.019642	-1.074912
0.175894	-0.876240
0.375540	-0.649456
0.568552	-0.410038
0.772304	-0.205681
0.984270	0.024265
1.174123	0.168629
1.383878	0.304148
1.566465	0.377120
1.778115	0.432717
1.973970	0.469045
2.175827	0.488631
2.375472	0.507268
2.577645	0.494001
2.780766	0.517377
2.969355	0.513586
3.179110	0.578029
3.366751	0.549598
3.585667	0.562866
3.775836	0.590665
3.973270	0.559707
4.180182	0.600142
4.364980	0.612146
4.581368	0.613093
4.775959	0.608987
4.978133	0.636154
5.177146	0.639628
5.373317	0.647526
5.579597	0.684170
5.771029	0.642787
5.980784	0.674377
6.170005	0.671534
6.382287	0.661109
6.567717	0.668691
6.774944	0.686697
6.977749	0.705966
7.169181	0.701228
7.379251	0.718918
7.575423	0.699333
7.770014	0.696174
7.968712	0.711653
8.169937	0.718286
8.372742	0.724920
8.579654	0.736292
8.775192	0.735977
8.972942	0.720182
9.176379	0.750508
9.364021	0.745137
9.578830	0.770725
9.767735	0.757457
9.978753	0.725236
9.772473	0.735977
9.576303	0.730922
9.377289	0.760616
9.170693	0.755246
8.987158	0.761880
8.765716	0.705335
8.581233	0.714496
8.364529	0.708494
8.178467	0.721129
7.978189	0.756826
7.766855	0.699964
7.583320	0.693015
7.376725	0.686697
7.177711	0.680063
6.975538	0.719550
6.775260	0.708178
6.578773	0.685433
6.374074	0.646262
6.174112	0.636785
5.971939	0.644367
5.776400	0.685433
5.567277	0.683538
5.375844	0.655739
5.173356	0.617516
4.976869	0.590665
4.777855	0.639313
4.569996	0.641524
4.376984	0.635522
4.172284	0.614357
3.977061	0.564445
3.770149	0.544228
3.580297	0.566973
3.370226	0.574238
3.175951	0.554021
2.978832	0.542017
2.770025	0.473468
2.584595	0.478522
2.376104	0.507584
2.182776	0.488315
1.973654	0.477890
1.769901	0.425767
1.575310	0.373013
1.374717	0.278560
1.179493	0.194848
0.971002	0.020158
0.781781	-0.186098
0.567288	-0.410354
0.380594	-0.640928
0.170524	-0.854762
-0.015852	-1.105234
-0.218631	-1.248001
-0.431832	-1.405928
-0.621661	-1.503527
-0.829177	-1.570172
-1.031640	-1.679142
-1.225891	-1.736312
-1.426774	-1.820329
-1.624183	-1.878130
-1.822224	-1.951093
-2.026898	-2.008262
-2.231572	-2.098597
-2.413188	-2.174718
-2.625758	-2.230940
-2.825694	-2.310851
-3.027841	-2.344332
-3.229356	-2.452986
-3.425502	-2.505733
-3.621332	-2.593225
-3.819057	-2.650079
-4.029732	-2.707880
-4.225245	-2.777684
-4.435605	-2.840223
-4.626697	-2.921714
-4.827896	-2.971619
-5.021831	-3.043634
-5.219872	-3.061953
-5.435916	-3.144707
-5.621323	-3.229040
-5.829155	-3.283367
-6.024669	-3.387915
-6.218288	-3.408130
-6.428647	-3.485830
-6.621003	-3.537630
-6.831993	-3.624806
-7.030350	-3.687345
-7.230286	-3.744199
-7.423905	-3.809897
-7.620050	-3.847168
-7.827883	-3.939397
-8.024029	-3.990882
-8.232492	-4.083743
-8.423901	-4.106484
-8.630785	-4.157021
-8.820298	-4.212296
-9.019917	-4.266623
-9.103620	-4.325372
-9.115622	-4.338637
-9.139627	-4.334531
-9.164264	-4.324740
-9.170264	-4.319686
-9.146259	-4.327899
-9.136468	-4.337690
-9.114358	-4.334847
-9.104251	-4.315580
-9.029710	-4.285890
-8.821877	-4.190186
-8.626995	-4.171550
-8.425163	-4.108064
-8.231229	-4.061001
-8.018974	-3.992777
-7.824092	-3.904969
-7.625420	-3.859170
-7.418220	-3.799474
-7.229338	-3.761255
-7.023085	-3.668710
-6.831993	-3.609013
-6.617844	-3.516468
-6.432753	-3.493726
-6.217340	-3.451718
-6.025932	-3.359488
-5.836736	-3.326639
-5.615005	-3.231567
-5.431179	-3.180083
-5.213554	-3.113754
-5.025305	-3.049951
-4.818737	-2.979199
-4.631434	-2.887918
-4.430551	-2.826010
-4.223666	-2.743888
-4.030679	-2.711039
-3.810213	-2.638392
-3.627333	-2.590383
-3.426765	-2.492152
-3.241675	-2.422980
-3.024051	-2.355071
-2.823167	-2.272001
-2.625126	-2.221148
-2.418242	-2.157346
-2.223675	-2.087226
-2.023108	-2.017107
-1.826646	-1.957094
-1.623552	-1.876867
-1.430565	-1.810538
-1.218626	-1.729679
-1.017427	-1.621341
-0.838653	-1.573647
-0.614396	-1.481733
-0.431517	-1.396768
-0.215472	-1.235051
-0.027854	-1.046170
0.182528	-0.844654
0.373961	-0.636506
0.576134	-0.433728
0.777043	-0.187677
0.972898	0.004363
1.177282	0.174947
1.369346	0.277929
1.578785	0.396389
1.767690	0.456093
1.973022	0.457041
2.180881	0.503162
2.368523	0.465886
2.582384	0.485156
2.776027	0.549914
2.973778	0.560655
3.180057	0.557496
3.374333	0.544228
3.571451	0.528749
3.782154	0.547071
3.979904	0.608039
4.166598	0.624466
4.379511	0.638681
4.570312	0.601405
4.780382	0.594771
4.966444	0.606144
5.177463	0.656371
5.375529	0.686065
5.569489	0.670902
5.777979	0.653844
5.975729	0.629520
6.176955	0.657634
6.372494	0.696490
6.582248	0.713864
6.765467	0.698069
6.973958	0.655739
7.185608	0.674377
7.368196	0.673113
7.586163	0.722709
7.767487	0.755562
7.974082	0.718602
8.179414	0.709125
8.371795	0.687960
8.573967	0.731870
8.770138	0.749244
8.979260	0.763459
9.170377	0.743558
9.376657	0.715759
9.568089	0.732818
9.779423	0.747349
9.971804	0.779570
9.772473	0.755878
9.577882	0.742294
9.365285	0.714496
9.170377	0.703755
8.975786	0.742926
8.772665	0.743558
8.575546	0.758721
8.373374	0.716075
8.174044	0.708809
7.973766	0.705019
7.782650	0.716075
7.571316	0.717970
7.377672	0.718286
7.172340	0.699649
6.981540	0.670902
6.774628	0.699649
6.575930	0.669323
6.384182	0.700596
6.171268	0.662373
5.975729	0.646894
5.772925	0.655107
5.575490	0.630152
5.365420	0.649737
5.180621	0.642472
4.976869	0.634890
4.773433	0.603301
4.582948	0.635206
4.369719	0.597930
4.170704	0.573606
3.985590	0.617832
3.772045	0.560339
3.573347	0.589401
3.367067	0.546439
3.177214	0.544228
2.970303	0.535699
2.780450	0.515166
2.579225	0.502530
2.380211	0.485788
2.168245	0.484524
1.969231	0.441878
1.772113	0.444405
1.562674	0.372065
1.383246	0.315204
1.173491	0.188846
0.977004	-0.003849
0.780518	-0.187361
0.575186	-0.420146
0.372065	-0.639349
0.175578	-0.871502
-0.024380	-1.089126
-0.226527	-1.262214
-0.421093	-1.387924
-0.635243	-1.501632
-0.825703	-1.585017
-1.018690	-1.639029
-1.226838	-1.746103
-1.421405	-1.790323
-1.635238	-1.896450
-1.816855	-1.933721
-2.032583	-2.006683
-2.229676	-2.092596
-2.417294	-2.151660
-2.633655	-2.241047
-2.823483	-2.297585
-3.029104	-2.372759
-3.227777	-2.425190
-3.434030	-2.518999
-3.614067	-2.577116
-3.827269	-2.639972
-4.028468	-2.731570
-4.216718	-2.759996
-4.434657	-2.843698
-4.614063	-2.905289
-4.826632	-2.983621
-5.018988	-3.042370
-5.223030	-3.093223
-5.426441	-3.161132
-5.627008	-3.211668
-5.830734	-3.293475
-6.027196	-3.342748
-6.228711	-3.424554
-6.421067	-3.447612
-6.634900	-3.522153
-6.824413	-3.573638
-7.029087	-3.633650
-7.225548	-3.728406
-7.411902	-3.791261
-7.629526	-3.863908
-7.825356	-3.925184
-8.032241	-3.996567
-8.225544	-4.049631
-8.434008	-4.120066
-8.616887	-4.151968
-8.819666	-4.194923
-9.025603	-4.273571
-9.114042	-4.292523
-9.153524	-4.302946
-9.154788	-4.306736
-9.177214	-4.311790
-9.175634	-4.312421
-9.172476	-4.316212
-9.156999	-4.311474
-9.138995	-4.303894
-9.128888	-4.293786
-9.022445	-4.261885
-8.833564	-4.211348
-8.612782	-4.164917
-8.433376	-4.115013
-8.225544	-4.046788
-8.027819	-3.960244
-7.830726	-3.914129
-7.615629	-3.831059
-7.427695	-3.786839
-7.228707	-3.742620
-7.031298	-3.665551
-6.824097	-3.615646
-6.625109	-3.540473
-6.424857	-3.492147
-6.220183	-3.432767
-6.028460	-3.370859
-5.821890	-3.283999
-5.630167	-3.213879
-5.421071	-3.122597
-5.230927	-3.079010
-5.012355	-3.019945
-4.826949	-2.936559
-4.629539	-2.903394
-4.423918	-2.797583
-4.228720	-2.731254
-4.021835	-2.698720
-3.823479	-2.646289
-3.622279	-2.588171
-3.431503	-2.518368
-3.222723	-2.452670
-3.024998	-2.370548
-2.830116	-2.337383
-2.614388	-2.243574
-2.429928	-2.173139
-2.228097	-2.106809
-2.027530	-2.002893
-1.825383	-1.967833
-1.623236	-1.861390
-1.430249	-1.813064
-1.215468	-1.723362
-1.022796	-1.629237
-0.826019	-1.567645
-0.622924	-1.480785
-0.424252	-1.391714
-0.219578	-1.247685
-0.021221	-1.081545
0.178737	-0.846865
0.367011	-0.655142
0.581820	-0.412249
0.772304	-0.180728
0.974477	0.000573
1.175703	0.196428
1.374085	0.299725
1.572151	0.389755
1.772744	0.433665
1.979024	0.456725
2.169825	0.469361
2.374840	0.499687
2.573539	0.515798
2.781082	0.522431
2.970619	0.548335
3.177530	0.523063
3.376860	0.569816
3.567029	0.553389
3.783733	0.576449
3.975165	0.603932
4.173548	0.582136
4.382039	0.605196
4.578525	0.609618
4.774064	0.631731
4.979080	0.628572
5.178094	0.668059
5.366368	0.634574
5.580544	0.635522
5.777031	0.660162
5.975414	0.652580
6.182957	0.703123
6.371546	0.695226
6.583196	0.697437
6.767994	0.663321
6.977749	0.674693
7.169813	0.692699
7.375145	0.716391
7.576370	0.733133
7.777911	0.706914
7.977557	0.699333
8.173728	0.691751
8.378112	0.741979
8.574599	0.746401
8.779931	0.756826
8.973890	0.738188
9.171325	0.698069
9.377920	0.719866
9.570617	0.753667
9.775316	0.795997
9.973383	0.777043
9.775316	0.747665
9.570932	0.699649
9.376972	0.712916
9.171009	0.756510
8.972942	0.755246
8.779614	0.779570
8.569860	0.705019
8.374953	0.701228
8.162040	0.691119
7.984823	0.734081
7.779175	0.763459
7.572896	0.709441
7.382411	0.689540
7.175499	0.627940
6.972694	0.675009
6.769258	0.718918
6.582880	0.723341
6.371862	0.692383
6.179482	0.653212
5.974466	0.630783
5.768818	0.621622
5.580861	0.676588
5.363209	0.665216
5.181253	0.649421
4.972446	0.607091
4.779750	0.581188
4.578209	0.610250
4.373193	0.628572
4.173863	0.629204
3.973586	0.585610
3.777415	0.561918
3.573663	0.524011
3.383178	0.575502
3.165210	0.555284
2.978832	0.546439
2.779818	0.538542
2.567537	0.466202
2.383370	0.471572
2.174247	0.467782
1.979972	0.481681
1.768006	0.447880
1.574994	0.390071
1.373769	0.294355
1.179493	0.168629
0.978584	0.031214
0.767566	-0.198416
0.584663	-0.410670
0.361325	-0.648825
0.185687	-0.840232
-0.025959	-1.056277
-0.218946	-1.268215
-0.419514	-1.374658
-0.631768	-1.499105
-0.822860	-1.567961
-1.023428	-1.642503
-1.224943	-1.731574
-1.429301	-1.806747
-1.621025	-1.881605
-1.834858	-1.948250
-2.021528	-2.023739
-2.224307	-2.078066
-2.428033	-2.178824
-2.619757	-2.242627
-2.830432	-2.303271
-3.022787	-2.375601
-3.227461	-2.431192
-3.428344	-2.528791
-3.622911	-2.588171
-3.825374	-2.655764
-4.023730	-2.704090
-4.226825	-2.769472
-4.422971	-2.819693
-4.633646	-2.912554
-4.810208	-2.974777
-5.030043	-3.040159
-5.220819	-3.101435
-5.424545	-3.108700
-5.636800	-3.204720
-5.821575	-3.275471
-6.025617	-3.349065
-6.221131	-3.434978
-6.427068	-3.479829
-6.622266	-3.557213
-6.831362	-3.610277
-7.034456	-3.688293
-7.228075	-3.740409
-7.423273	-3.804843
-7.620998	-3.852853
-7.828515	-3.901179
-8.024660	-3.987407
-8.232492	-4.042997
-8.432113	-4.137438
-8.614361	-4.142176
-8.828510	-4.199661
-9.027814	-4.245144
-9.128256	-4.287153
-9.142469	-4.311158
-9.142785	-4.324424
-9.150366	-4.331688
-9.167422	-4.330110
-9.154156	-4.326319
-9.132994	-4.330425
-9.123202	-4.338322
-9.096670	-4.325372
-9.030025	-4.272624
-8.828194	-4.211980
-8.622573	-4.121014
-8.430849	-4.097009
-8.223648	-4.040471
-8.027187	-3.988986
-7.820618	-3.907812
-7.629526	-3.853169
-7.417903	-3.783997
-7.230917	-3.725248
-7.017084	-3.674395
-6.828835	-3.606802
-6.625741	-3.559424
-6.417908	-3.449507
-6.230606	-3.417921
-6.018668	-3.373386
-5.822522	-3.285894
-5.623218	-3.238832
-5.425493	-3.151972
-5.223346	-3.099856
-5.021831	-3.024367
-4.826001	-2.978252
-4.623538	-2.898972
-4.428972	-2.829169
-4.223035	-2.770104
-4.024678	-2.681664
-3.825058	-2.651026
-3.619437	-2.561008
-3.432135	-2.522789
-3.220512	-2.426454
-3.031947	-2.363283
-2.824431	-2.304218
-2.620389	-2.230308
-2.415083	-2.177561
-2.226834	-2.090069
-2.025635	-2.023108
-1.825699	-1.946987
-1.622288	-1.890133
-1.426143	-1.792218
-1.231576	-1.728731
-1.019006	-1.653558
-0.824124	-1.549010
-0.634611	-1.488682
-0.422041	-1.367078
-0.226211	-1.266952
-0.018379	-1.072701
0.175263	-0.857288
0.376172	-0.617239
0.572975	-0.416356
0.777675	-0.204101
0.971950	0.030898
1.170648	0.167365
1.382930	0.310150
1.567097	0.356902
1.781590	0.452934
1.966704	0.480733
2.173931	0.482944
2.383054	0.512323
2.569748	0.481681
2.781082	0.504109
2.971882	0.532540
3.176267	0.575502
3.369910	0.581820
3.580612	0.575502
3.773940	0.559075
3.978640	0.553705
4.177338	0.617832
4.373509	0.611830
4.578525	0.639313
4.768378	0.609934
4.973710	0.615936
5.170513	0.637733
5.372685	0.650685
5.580229	0.685433
5.771345	0.668691
5.971623	0.660162
6.173796	0.641208
6.376285	0.673113
6.574035	0.676904
6.782526	0.720814
6.967956	0.699017
7.175183	0.670270
7.379568	0.699964
7.571316	0.681011
7.789284	0.720814
7.968080	0.731554
8.174359	0.728395
8.370214	0.712600
8.575546	0.717339
8.774877	0.742294
8.975470	0.742926
9.179854	0.773884
9.361177	0.728711
9.580093	0.743874
9.770894	0.731238
9.983491	0.741663
9.768367	0.779886
9.569036	0.746085
9.379184	0.750192
9.165007	0.741031
8.974206	0.733449
8.769822	0.725868
8.580285	0.738820
8.368951	0.727131
8.174676	0.723972
7.964605	0.732186
7.774753	0.700912
7.581740	0.708809
7.366300	0.710705
7.182133	0.694594
6.964797	0.684170
6.777155	0.687013
6.573403	0.669007
6.374705	0.650369
6.176955	0.674061
5.971939	0.655107
5.778295	0.663321
5.565698	0.650369
5.379635	0.634258
5.169881	0.612146
4.981607	0.635206
4.769326	0.628256
4.571259	0.615305
4.386145	0.639313
4.159017	0.582451
3.984010	0.568868
3.772361	0.578029
3.574610	0.550862
3.376228	0.574238
3.171528	0.542649
2.976937	0.530013
2.768130	0.497792
2.579225	0.502214
2.368523	0.494633
2.179933	0.485788
1.973654	0.467466
1.776851	0.409973
1.573730	0.384069
1.369030	0.281087
1.182336	0.189478
0.973846	0.019526
0.778622	-0.204101
0.575502	-0.406880
0.372697	-0.633348
0.181265	-0.855078
-0.019010	-1.090705
-0.224000	-1.264741
-0.428358	-1.404980
-0.618818	-1.485207
-0.834863	-1.570172
-1.025955	-1.657032
-1.219890	-1.715781
-1.421405	-1.816539
-1.622604	-1.864233
-1.828225	-1.947618
-2.022792	-1.993101
-2.233151	-2.072697
-2.423295	-2.146607
-2.625442	-2.208514
-2.822220	-2.299796
-3.028473	-2.358229
-3.228724	-2.454565
-3.426765	-2.497521
-3.628281	-2.601121
-3.814950	-2.645025
-4.027205	-2.708828
-4.228720	-2.803584
-4.426445	-2.836117
-4.633646	-2.934032
-4.818737	-2.965934
-5.024042	-3.051214
-5.222083	-3.099856
-5.427704	-3.158605
-5.625113	-3.213879
-5.833261	-3.274523
-6.027828	-3.340853
-6.221762	-3.380335
-6.422962	-3.471301
-6.618792	-3.504150
-6.826624	-3.618489
-7.019611	-3.671869
-7.229023	-3.731565
-7.422641	-3.808002
-7.621630	-3.855064
-7.823145	-3.923289
-8.029398	-3.984249
-8.225227	-4.053105
-8.420742	-4.095745
-8.624784	-4.169655
-8.812717	-4.195555
-9.029393	-4.250514
-9.121939	-4.298208
-9.135837	-4.311158
-9.160473	-4.311790
-9.173423	-4.305789
-9.191427	-4.304525
-9.164895	-4.313369
-9.146576	-4.326635
-9.117833	-4.333899
-9.102356	-4.323476
-9.024972	-4.281784
-8.820298	-4.186080
-8.622257	-4.164286
-8.421373	-4.094166
-8.233756	-4.073004
-8.011710	-4.005411
-7.824724	-3.908128
-7.629526	-3.870541
-7.414113	-3.787471
-7.233760	-3.744199
-7.022138	-3.685766
-6.833257	-3.612804
-6.627319	-3.536999
-6.427383	-3.471933
-6.221762	-3.426134
-6.025301	-3.365805
-5.832945	-3.312742
-5.615322	-3.214511
-5.431810	-3.162395
-5.216397	-3.077746
-5.024990	-3.043634
-4.817157	-2.975725
-4.627960	-2.902763
-4.427709	-2.848120
-4.220824	-2.765366
-4.029416	-2.717356
-3.823795	-2.646289
-3.624806	-2.592593
-3.424870	-2.503522
-3.226514	-2.451091
-3.016470	-2.368653
-2.824115	-2.287162
-2.629233	-2.264105
-2.414451	-2.169664
-2.238205	-2.104598
-2.016791	-2.009842
-1.830121	-1.943196
-1.621972	-1.879710
-1.423300	-1.795692
-1.220521	-1.747051
-1.019638	-1.645030
-0.832336	-1.574910
-0.618818	-1.481101
-0.432148	-1.391714
-0.216735	-1.239788
-0.026591	-1.073965
0.180949	-0.870870
0.374908	-0.625451
0.566973	-0.428674
0.780518	-0.199679
0.966580	0.010049
1.174439	0.170524
1.374401	0.308254
1.570887	0.384385
1.765795	0.440299
1.979024	0.463043
2.172668	0.477574
2.372313	0.486103
2.583963	0.514534
2.771289	0.525906
2.980096	0.557812
3.170896	0.552441
3.375912	0.536331
3.577453	0.573606
3.775836	0.557496
3.982747	0.592876
4.169757	0.613409
4.374773	0.609303
4.570944	0.592876
4.783225	0.604880
4.968024	0.621938
5.182517	0.654160
5.375213	0.692383
5.562854	0.646578
5.781770	0.649105
5.973202	0.655739
6.181377	0.656055
6.377232	0.716075
6.576246	0.691435
6.779683	0.692067
6.973011	0.654476
7.173920	0.667743
7.371986	0.713864
7.582372	0.735977
7.774121	0.740399
7.973766	0.701544
8.168989	0.685749
8.376848	0.680063
8.580601	0.762828
8.772349	0.763143
8.975154	0.766618
9.173536	0.759353
9.369707	0.691435
9.574723	0.721445
9.770578	0.765671
9.973067	0.794101
9.773421	0.766618
9.575987	0.753035
9.364653	0.687329
9.177643	0.710073
8.968836	0.763143
8.772349	0.753035
8.569545	0.762512
8.376533	0.690488
8.176255	0.683222
7.963658	0.681643
7.781702	0.736292
7.578266	0.750192
7.376725	0.719550
7.172972	0.693015
6.979329	0.641524
6.773996	0.675325
6.577826	0.682274
6.381339	0.719550
6.169373	0.679747
5.980468	0.631099
5.774504	0.621938
5.564118	0.624781
5.375844	0.684486
5.173672	0.649737
4.983187	0.650685
4.771221	0.600773
4.575998	0.581820
4.373825	0.608355
4.173232	0.615936
3.977693	0.626677
3.774888	0.576449
3.584403	0.557180
3.372122	0.519272
3.180373	0.556864
2.963037	0.541701
2.783925	0.522115
2.581752	0.514850
2.378000	0.471572
2.177406	0.463359
1.971127	0.450723
1.770849	0.453882
1.572783	0.390703
1.382298	0.314256
1.170648	0.169261
0.978268	0.000257
0.775779	-0.162724
0.571711	-0.426779
0.378383	-0.631453
0.167997	-0.878135
-0.016800	-1.054382
-0.228738	-1.248316
-0.417303	-1.408771
-0.622293	-1.494999
-0.830125	-1.579332
-1.016479	-1.629237
-1.226838	-1.730626
-1.418246	-1.804536
-1.631764	-1.903083
-1.818750	-1.956778
-2.037321	-2.024687
-2.230624	-2.107757
-2.416347	-2.154819
-2.628601	-2.248944
-2.820640	-2.309588
-3.024998	-2.384130
-3.224303	-2.446353
-3.434662	-2.510471
-3.623859	-2.584381
-3.825374	-2.657975
-4.024678	-2.729990
-4.222403	-2.767261
-4.427709	-2.838012
-4.625117	-2.888233
-4.829475	-2.993097
-5.019620	-3.044897
-5.232506	-3.121966
-5.422966	-3.191770
-5.621954	-3.221776
-5.831050	-3.306425
-6.023090	-3.365174
-6.229659	-3.425818
-6.420751	-3.473512
-6.629530	-3.540789
-6.818727	-3.585324
-7.032877	-3.671553
-7.228075	-3.759360
-7.416324	-3.786524
-7.636475	-3.856643
-7.818407	-3.880017
-8.037610	-3.940345
-8.220806	-4.018361
-8.434639	-4.084059
-8.622257	-4.163338
-8.818719	-4.197766
-9.026235	-4.260622
-9.127309	-4.285258
-9.144997	-4.307052
-9.139627	-4.323792
-9.149734	-4.333268
-9.159209	-4.329793
-9.156683	-4.323161
-9.152576	-4.324424
-9.125097	-4.321897
-9.108673	-4.319055
-9.015812	-4.285258
-8.826299	-4.206610
-8.622889	-4.147861
-8.425480	-4.083427
-8.227755	-4.038891
-8.024660	-3.987407
-7.831357	-3.924552
-7.620998	-3.839271
-7.424537	-3.788103
-7.222390	-3.723669
-7.027192	-3.680081
-6.816201	-3.621016
-6.632373	-3.538578
-6.428963	-3.505729
-6.217024	-3.410341
-6.030039	-3.365805
-5.823470	-3.298528
-5.634273	-3.227777
-5.422334	-3.157026
-5.226820	-3.079010
-5.016777	-3.016154
-4.824422	-2.944455
-4.629855	-2.910975
-4.414443	-2.823483
-4.230931	-2.759681
-4.024046	-2.714829
-3.826321	-2.622284
-3.628281	-2.579643
-3.425818	-2.487414
-3.231883	-2.444458
-3.019629	-2.350649
-2.825063	-2.296322
-2.625758	-2.228097
-2.421400	-2.159241
-2.223044	-2.097965
-2.025950	-2.019001
-1.823803	-1.945092
-1.629553	-1.864549
-1.426143	-1.814328
-1.219258	-1.710096
-1.024691	-1.636818
-0.824755	-1.576173
-0.625767	-1.460887
-0.425831	-1.391083
-0.222421	-1.255265
-0.029434	-1.092284
0.177474	-0.854130
0.376172	-0.648193
0.580240	-0.403090
0.769777	-0.195889
0.976373	0.008154
1.169069	0.195164
1.378823	0.290564
1.571203	0.385333
1.768006	0.403023
1.977129	0.475363
2.172668	0.507584
2.372629	0.499371
2.580173	0.521168
2.782029	0.489578
2.972514	0.525906
3.175003	0.548019
3.380651	0.595087
3.574926	0.567920
3.782154	0.571395
3.974849	0.583715
4.167861	0.572975
4.379511	0.627309
4.568732	0.624150
4.782278	0.640892
4.970867	0.609618
5.185676	0.614357
5.368263	0.644051
5.572015	0.658266
5.775452	0.686697
5.975098	0.664584
6.173164	0.665532
6.375337	0.648789
6.580985	0.680695
6.766415	0.682906
6.982487	0.713548
7.173920	0.701228
7.373566	0.679431
7.585847	0.706282
7.772541	0.699333
7.981348	0.735029
8.173412	0.723972
8.375901	0.719550
8.572072	0.724604
8.783405	0.721445
8.969152	0.739135
9.167534	0.742926
9.378552	0.769461
9.565247	0.725236
9.786689	0.759984
9.965486	0.742294
9.778159	0.732502
9.570932	0.769461
9.368128	0.728711
9.179538	0.735345
8.968836	0.741663
8.778352	0.716391
8.568913	0.711337
8.374005	0.732818
8.165199	0.710073
7.981980	0.714180
7.778543	0.742294
7.566894	0.688592
7.384306	0.711653
7.166022	0.700596
6.978065	0.681011
6.766731	0.690488
6.580353	0.684486
6.380075	0.665848
6.177587	0.653212
5.976046	0.661741
5.771345	0.646894
5.577702	0.662057
5.370159	0.643103
5.177778	0.628572
4.967392	0.605828
4.782278	0.617516
4.581368	0.614041
4.366876	0.609934
4.179550	0.622886
3.973902	0.581504
3.786576	0.566341
3.569872	0.557180
3.375281	0.564130
3.174687	0.565709
2.971882	0.538226
2.781398	0.517377
2.577013	0.474415
2.380211	0.483892
2.166350	0.476627
1.977760	0.482629
1.763899	0.443142
1.576258	0.364168
1.379771	0.311413
1.174439	0.167681
0.980479	0.015104
0.768198	-0.180728
0.572343	-0.415092
0.370802	-0.634295
0.176842	-0.843391
-0.023432	-1.070490
-0.219578	-1.272321
-0.433412	-1.387924
-0.632084	-1.506685
-0.821281	-1.566698
-1.028482	-1.644398
-1.224943	-1.733785
-1.429301	-1.798535
-1.624499	-1.890449
-1.826330	-1.948250
-2.022792	-2.025319
-2.223991	-2.079646
-2.423927	-2.161452
-2.617546	-2.215463
-2.829484	-2.305482
-3.021840	-2.371495
-3.234410	-2.437825
-3.420132	-2.511735
-3.619752	-2.556586
-3.829480	-2.663661
-4.018992	-2.716724
-4.228720	-2.770736
-4.416337	-2.855384
-4.631751	-2.895814
-4.821895	-2.978884
-5.024042	-3.024998
-5.226189	-3.104909
-5.423282	-3.148813
-5.632694	-3.226198
-5.818416	-3.301371
-6.025301	-3.346538
-6.223026	-3.434030
-6.420119	-3.477934
-6.629530	-3.560372
-6.820622	-3.600169
-7.034772	-3.689556
-7.226811	-3.763782
-7.424221	-3.806422
-7.623841	-3.873384
-7.826935	-3.924552
-8.025291	-3.993724
-8.225860	-4.058790
-8.425796	-4.128910
-8.614361	-4.160180
-8.826615	-4.221139
-9.019602	-4.253357
-9.130783	-4.287153
-9.155104	-4.297576
-9.161105	-4.304525
-9.185110	-4.300419
-9.195217	-4.295681
-9.196165	-4.292523
-9.166159	-4.299788
-9.135521	-4.316528
-9.106778	-4.314632
-9.029710	-4.282415
-8.828826	-4.233142
-8.622573	-4.134280
-8.430849	-4.131437
-8.223017	-4.043629
-8.037926	-4.007306
-7.819671	-3.932133
-7.618787	-3.830743
-7.428327	-3.809265
-7.227128	-3.736303
-7.031929	-3.693662
-6.817780	-3.610593
-6.627004	-3.543000
-6.421698	-3.444769
-6.230922	-3.402760
-6.020563	-3.362331
-5.820311	-3.295054
-5.631114	-3.255888
-5.420755	-3.159868
-5.231874	-3.113754
-5.013935	-3.025314
-4.824422	-2.981726
-4.626065	-2.924872
-4.430867	-2.829800
-4.227773	-2.757154
-4.023099	-2.684507
-3.823795	-2.633339
-3.626385	-2.556902
-3.424870	-2.520579
-3.220828	-2.433719
-3.026262	-2.378444
-2.818745	-2.313062
-2.627653	-2.224939
-2.433403	-2.191458
-2.219885	-2.098597
-2.031004	-2.042375
-1.817486	-1.945092
-1.629237	-1.883184
-1.420773	-1.806116
-1.223364	-1.725257
-1.020269	-1.665244
-0.824440	-1.561644
-0.627662	-1.497210
-0.418567	-1.368973
-0.230317	-1.259687
-0.011430	-1.050907
0.173683	-0.862342
0.373013	-0.654826
0.576765	-0.396773
0.767250	-0.200943
0.983006	0.008470
1.173491	0.181265
1.382298	0.296882
1.569624	0.379963
1.779062	0.441246
1.977444	0.475047
2.171088	0.484524
2.380527	0.498423
2.570380	0.488631
2.786768	0.518957
2.966828	0.538858
3.178478	0.573606
3.368015	0.559391
3.574610	0.539490
3.778995	0.561918
3.975165	0.576765
4.176707	0.614989
4.373825	0.634258
4.579789	0.621622
4.766483	0.581504
4.981291	0.604564
5.167670	0.640892
5.375213	0.662057
5.579597	0.702176
5.764396	0.665216
5.979836	0.639628
6.171585	0.642156
6.381971	0.669639
6.577194	0.710073
6.771785	0.701228
6.970799	0.697437
7.172656	0.647526
7.380199	0.674061
7.566577	0.719866
7.786757	0.752087
7.962394	0.735029
8.177203	0.721445
8.371795	0.684170
8.572072	0.669007
8.784986	0.766302
8.966941	0.791258
9.168166	0.765355
9.370655	0.759669
9.573775	0.705966
9.772473	0.723657
9.977174	0.765671
9.772158	0.782097
9.574091	0.762828
9.375077	0.728395
9.162796	0.686065
8.982736	0.709757
8.776140	0.763775
8.576179	0.754930
8.374638	0.760616
8.169937	0.687645
7.977557	0.675009
7.772541	0.686381
7.579845	0.729027
7.372934	0.735029
7.173604	0.717339
6.969220	0.677220
6.777787	0.652264
6.573719	0.677852
6.373126	0.668059
6.187379	0.700912
5.961198	0.675325
5.775452	0.622570
5.575174	0.643735
5.363524	0.628572
5.182517	0.671534
4.972131	0.638681
4.780698	0.631731
4.572207	0.591928
4.378880	0.582136
4.164702	0.587506
3.976429	0.608987
3.774256	0.616252
3.576190	0.563182
3.378439	0.560023
3.172476	0.510743
2.975673	0.535067
2.776027	0.532540
2.573854	0.505373
2.375156	0.493369
2.167929	0.471256
1.972074	0.456725
1.774324	0.430190
1.572467	0.399548
1.376612	0.306359
1.182020	0.193269
0.970371	0.020474
0.778306	-0.195889
0.574238	-0.391719
0.372381	-0.658932
0.185687	-0.847497
-0.025012	-1.082177
-0.219894	-1.245474
-0.430253	-1.388240
-0.627031	-1.508581
-0.826019	-1.574594
-1.018690	-1.663349
-1.223364	-1.735048
-1.423300	-1.831384
-1.623236	-1.882868
-1.828857	-1.983310
-2.024055	-2.025950
-2.236310	-2.082804
-2.427402	-2.179771
-2.615967	-2.226202
-2.832327	-2.316537
-3.020576	-2.376233
-3.233462	-2.445089
-3.428660	-2.493415
-3.623859	-2.577116
-3.820004	-2.657660
-4.024678	-2.727779
-4.220192	-2.814323
-4.423918	-2.831695
-4.626697	-2.903710
-4.814946	-2.954879
-5.029727	-3.043002
-5.223662	-3.097013
-5.420124	-3.147866
-5.627956	-3.217354
-5.825049	-3.268522
-6.018036	-3.350013
-6.224605	-3.427397
-6.431490	-3.506361
-6.622898	-3.553423
-6.832941	-3.619752
-7.018979	-3.668394
-7.236919	-3.741041
-7.428643	-3.845904
-7.615313	-3.866435
-7.834516	-3.941924
-8.013921	-3.971614
-8.231229	-4.042366
-8.423268	-4.098588
-8.625099	-4.153547
-8.824404	-4.223982
-9.019602	-4.255884
-9.131099	-4.287153
-9.152261	-4.297576
-9.160789	-4.316528
-9.151314	-4.322213
-9.171844	-4.323476
-9.168685	-4.315264
-9.164895	-4.308947
-9.144997	-4.315896
-9.094775	-4.317791
-9.031920	-4.304525
-8.824404	-4.240723
-8.628258	-4.151336
-8.427691	-4.103326
-8.224912	-4.034153
-8.020870	-3.985196
-7.824092	-3.912234
-7.620366	-3.862961
-7.423273	-3.787787
-7.233129	-3.737250
-7.021190	-3.672816
-6.835152	-3.606487
-6.619739	-3.548054
-6.425488	-3.464036
-6.223973	-3.427081
-6.013930	-3.348749
-5.837368	-3.288421
-5.625745	-3.222407
-5.426756	-3.164922
-5.223662	-3.085326
-5.029096	-3.029736
-4.817157	-2.961512
-4.628276	-2.882864
-4.430867	-2.839592
-4.223982	-2.760944
-4.033838	-2.693667
-3.820636	-2.652606
-3.627017	-2.578064
-3.426765	-2.521210
-3.216090	-2.427086
-3.036053	-2.385393
-2.819061	-2.299480
-2.624495	-2.238205
-2.416347	-2.172507
-2.228413	-2.089753
-2.025950	-2.025319
-1.824751	-1.945723
-1.620077	-1.886343
-1.419825	-1.795377
-1.233787	-1.739786
-1.017111	-1.645030
-0.827914	-1.551537
-0.626083	-1.482365
-0.422673	-1.369605
-0.223684	-1.258424
-0.025328	-1.079650
0.179685	-0.880030
0.371433	-0.642823
0.570763	-0.421409
0.779886	-0.195889
0.974793	0.006259
1.181073	0.176842
1.379139	0.315204
1.573730	0.365431
1.774008	0.431454
1.967968	0.437771
2.177406	0.483892
2.375788	0.523063
2.576382	0.516113
2.777291	0.523063
2.970935	0.522431
3.174687	0.545492
3.374965	0.550230
3.578401	0.596035
3.768570	0.572343
3.985274	0.576765
4.174180	0.608987
4.370982	0.580556
4.583580	0.644367
4.766483	0.629836
4.982555	0.638365
5.168617	0.628572
5.378372	0.637101
5.572331	0.652264
5.774820	0.661741
5.978572	0.687645
6.175691	0.669007
6.375653	0.686065
6.577510	0.674377
6.775892	0.688276
6.967956	0.678484
7.177711	0.697753
7.378620	0.700596
7.575423	0.702807
7.783913	0.729027
7.963026	0.705019
8.174359	0.734081
8.371478	0.721129
8.577127	0.734713
8.770454	0.736924
8.981788	0.742294
9.170693	0.738504
9.370655	0.724920
9.579145	0.760616
9.768998	0.738504
9.986018	0.793469
9.766788	0.743558
9.582305	0.706282
9.368128	0.746401
9.170061	0.708809
8.977050	0.746085
8.772349	0.746401
8.576494	0.743242
8.372426	0.696490
8.179414	0.721445
7.966817	0.699333
7.783597	0.712600
7.581109	0.738820
7.363141	0.680063
7.181185	0.686697
6.962270	0.677220
6.775576	0.692699
6.572140	0.712916
6.377864	0.698701
6.184852	0.660478
5.969411	0.629204
5.770398	0.636785
5.574859	0.641840
5.382478	0.679115
5.171461	0.651948
4.982555	0.637417
4.764904	0.591612
4.572523	0.584347
4.373825	0.630468
4.164387	0.620675
3.978009	0.611830
3.770465	0.576134
3.577453	0.538226
3.374333	0.531908
3.175951	0.560655
2.968724	0.554653
2.782977	0.520220
2.578593	0.510427
2.369154	0.441562
2.181829	0.460200
1.962597	0.452303
1.776535	0.462411
1.564885	0.397337
1.384193	0.290564
1.181705	0.183476
0.970055	0.003732
0.780834	-0.196521
0.570132	-0.415092
0.373961	-0.657353
0.176210	-0.859815
-0.021537	-1.047117
-0.223368	-1.248948
-0.424568	-1.407191
-0.624820	-1.485523
-0.835810	-1.586281
-1.017427	-1.659875
-1.223048	-1.732206
-1.417930	-1.817802
-1.628289	-1.884763
-1.821908	-1.969097
-2.026582	-2.022476
-2.228097	-2.093227
-2.417294	-2.150397
-2.625126	-2.240731
-2.817482	-2.304534
-3.032895	-2.386340
-3.223671	-2.439088
-3.429292	-2.511735
-3.621964	-2.586908
-3.819688	-2.633655
-4.030995	-2.720199
-4.224930	-2.773262
-4.426761	-2.820009
-4.625117	-2.888233
-4.827580	-2.957721
-5.022462	-3.027209
-5.224926	-3.077746
-5.420755	-3.157341
-5.627008	-3.185768
-5.833893	-3.279577
-6.015825	-3.353487
-6.227448	-3.421080
-6.420119	-3.516152
-6.623845	-3.535419
-6.828519	-3.624174
-7.018979	-3.665551
-7.238814	-3.756202
-7.417903	-3.834849
-7.623841	-3.863908
-7.825672	-3.924236
-8.029398	-3.966245
-8.225860	-4.038260
-8.429585	-4.092271
-8.621309	-4.182921
-8.819666	-4.197134
-9.029710	-4.247671
-9.127309	-4.283679
-9.138363	-4.307052
-9.143417	-4.330741
-9.135521	-4.344007
-9.147839	-4.350640
-9.148787	-4.334847
-9.144364	-4.326635
-9.120992	-4.330425
-9.098249	-4.333584
-9.011705	-4.304525
-8.823140	-4.228720
-8.615940	-4.174393
-8.429585	-4.087849
-8.231229	-4.059738
-8.017079	-3.969088
-7.828830	-3.914445
-7.624156	-3.844325
-7.419167	-3.738198
-7.228075	-3.719247
-7.030034	-3.654181
-6.831362	-3.621332
-6.624793	-3.547106
-6.427700	-3.490884
-6.214498	-3.407498
-6.027828	-3.342748
-5.826944	-3.308636
-5.620691	-3.220828
-5.437811	-3.202824
-5.221451	-3.089117
-5.032254	-3.048372
-4.815894	-2.975409
-4.630487	-2.912870
-4.431499	-2.860122
-4.220508	-2.761576
-4.023730	-2.688297
-3.821268	-2.612492
-3.625438	-2.561008
-3.423923	-2.497837
-3.228724	-2.450459
-3.017102	-2.368968
-2.836117	-2.297269
-2.629233	-2.236310
-2.422032	-2.163663
-2.233151	-2.113758
-2.024055	-2.016475
-1.830436	-1.962464
-1.620077	-1.872445
-1.424879	-1.802009
-1.221469	-1.724941
-1.024691	-1.643135
-0.826966	-1.573647
-0.620713	-1.458676
-0.427095	-1.393610
-0.217999	-1.241683
-0.030065	-1.098917
0.191057	-0.851919
0.368590	-0.619450
0.572975	-0.430885
0.782097	-0.184834
0.972266	0.004679
1.182020	0.190110
1.373137	0.299725
1.576889	0.380279
1.767374	0.416606
1.978076	0.468097
2.175511	0.512639
2.372945	0.499055
2.583331	0.505057
2.770657	0.491158
2.981359	0.523695
3.164263	0.565077
3.380335	0.585610
3.576190	0.592876
3.773309	0.552757
3.982115	0.539490
4.170073	0.578977
4.374773	0.631731
4.575366	0.640576
4.776907	0.658898
4.971499	0.613093
5.181885	0.607723
5.368895	0.649105
5.572331	0.658582
5.786192	0.698701
5.966568	0.678168
6.184536	0.646262
6.374705	0.641524
6.582564	0.681643
6.771785	0.719866
6.973958	0.704387
7.175499	0.711337
7.371670	0.655739
7.582688	0.675325
7.770330	0.706282
7.985455	0.756194
8.168674	0.747980
8.389169	0.728711
8.575231	0.715127
8.770138	0.681011
8.988421	0.751771
9.166587	0.772620
9.373814	0.765355
9.574091	0.750508
9.774369	0.720498
9.972435	0.728711
9.773421	0.761880
9.577566	0.780202
9.368759	0.746717
9.179222	0.729975
8.966941	0.702807
8.779614	0.699017
8.572703	0.745453
8.374638	0.750824
8.174044	0.753035
7.970292	0.697121
7.780123	0.701228
7.572264	0.692699
7.376409	0.711021
7.167918	0.720182
6.981540	0.700280
6.765152	0.669639
6.583196	0.662689
6.375021	0.677852
6.163055	0.658582
5.983943	0.700280
5.771029	0.655423
5.575806	0.624781
5.373949	0.647526
5.175883	0.615305
4.976237	0.644999
4.776276	0.634574
4.576946	0.627940
4.370034	0.596351
4.178602	0.595403
3.972954	0.580556
3.778363	0.580556
3.574610	0.586558
3.375912	0.535067
3.178794	0.567920
2.968408	0.509796
2.781398	0.516429
2.577329	0.523063
2.372313	0.480417
2.180249	0.475995
1.973022	0.456093
1.775903	0.430190
1.573730	0.386281
1.376612	0.315836
1.166857	0.173367
0.981111	0.017631
0.771357	-0.183887
0.574238	-0.416987
0.375540	-0.623556
0.180317	-0.871502
-0.020906	-1.058172
-0.228106	-1.260635
-0.417619	-1.390451
-0.626399	-1.502579
-0.830757	-1.593861
-1.023744	-1.664613
-1.219574	-1.735680
-1.421721	-1.794745
-1.620393	-1.908137
-1.823803	-1.943828
-2.035742	-2.046165
-2.217990	-2.085331
-2.423611	-2.136815
-2.628285	-2.244206
-2.815587	-2.291900
-3.035422	-2.385709
-3.225882	-2.437193
-3.427081	-2.521526
-3.617542	-2.570800
-3.828848	-2.649131
-4.025941	-2.730306
-4.223035	-2.784949
-4.434973	-2.866755
-4.621327	-2.901499
-4.822526	-2.993729
-5.015830	-3.033526
-5.232506	-3.117228
-5.421703	-3.180715
-5.620059	-3.217670
-5.832630	-3.290316
-6.023406	-3.338010
-6.221762	-3.410341
-6.425173	-3.478881
-6.628267	-3.547106
-6.822202	-3.597327
-7.034456	-3.667447
-7.222705	-3.725248
-7.416956	-3.788735
-7.623841	-3.892335
-7.819986	-3.920446
-8.030346	-3.992461
-8.223017	-4.022783
-8.432744	-4.092587
-8.619099	-4.138070
-8.826615	-4.207558
-9.021497	-4.270097
-9.129835	-4.278309
-9.173107	-4.283047
-9.178793	-4.287469
-9.182267	-4.298524
-9.173423	-4.313685
-9.175002	-4.313685
-9.152893	-4.310211
-9.142154	-4.308947
-9.125730	-4.300419
-9.014548	-4.261569
-8.825983	-4.210401
-8.614361	-4.147861
-8.433376	-4.093534
-8.217332	-4.045525
-8.027819	-3.981090
-7.831357	-3.922657
-7.624156	-3.848431
-7.428958	-3.791893
-7.221758	-3.727775
-7.037299	-3.681660
-6.820307	-3.602381
-6.629215	-3.538262
-6.420751	-3.479513
-6.224289	-3.397707
-6.025301	-3.356646
-5.823786	-3.292527
-5.628587	-3.226198
-5.422019	-3.145339
-5.224926	-3.080904
-5.016461	-3.003836
-4.826317	-2.966565
-4.624802	-2.903394
-4.428656	-2.823167
-4.231879	-2.781474
-4.010465	-2.695562
-3.835481	-2.636497
-3.619752	-2.585329
-3.433398	-2.530686
-3.220512	-2.466883
-3.025630	-2.368337
-2.825063	-2.307377
-2.617230	-2.223675
-2.428349	-2.171243
-2.217358	-2.099229
-2.033531	-2.028477
-1.818434	-1.940038
-1.630185	-1.868655
-1.421405	-1.812749
-1.217994	-1.716413
-1.025639	-1.660191
-0.827282	-1.574910
-0.625135	-1.471626
-0.424252	-1.382870
-0.220526	-1.235051
-0.024696	-1.077439
0.176210	-0.869607
0.373645	-0.659248
0.572659	-0.404985
0.765671	-0.197152
0.977952	0.014788
1.173807	0.181265
1.382298	0.317415
1.569308	0.400496
1.774956	0.418818
1.980603	0.478206
2.170772	0.472520
2.378631	0.493053
2.575118	0.522431
2.780134	0.523379
2.969355	0.530645
3.181637	0.557812
3.366436	0.555916
3.580297	0.551178
3.784365	0.601405
3.966952	0.570763
4.181445	0.581504
4.371930	0.619727
4.574735	0.586874
4.772485	0.638049
4.971815	0.625097
5.181885	0.650685
5.368263	0.646262
5.578018	0.670902
5.771345	0.649421
5.974466	0.660793
6.180429	0.686065
6.378180	0.657319
6.573087	0.705651
6.772101	0.680695
6.984383	0.681011
7.168550	0.689224
7.377988	0.682590
7.573843	0.704387
7.772541	0.700912
7.969344	0.734713
8.167410	0.708809
8.371795	0.717023
8.575231	0.718602
8.778983	0.751455
8.971679	0.764091
9.177643	0.748296
9.368759	0.733765
9.568721	0.713232
9.773737	0.756826
9.972751	0.757457
9.778159	0.799787
9.570932	0.747033
9.373814	0.715443
9.166587	0.706282
8.972942	0.712284
8.778352	0.758089
8.573336	0.744822
8.374321	0.744506
8.171201	0.680063
7.981348	0.700596
7.770330	0.710389
7.578266	0.725236
7.383042	0.747033
7.166022	0.683538
6.979960	0.675325
6.763572	0.631415
6.580985	0.680379
6.373126	0.711968
6.177587	0.699017
5.977941	0.676588
5.771977	0.622254
5.577386	0.614989
5.372054	0.634890
5.180937	0.679115
4.971815	0.641208
4.786384	0.634890
4.563678	0.586558
4.372561	0.572975
4.176707	0.617832
3.978324	0.614673
3.778679	0.605512
3.574926	0.566657
3.374649	0.523379
3.176267	0.507268
2.976305	0.545176
2.772552	0.541701
2.578909	0.521168
2.380527	0.511691
2.170772	0.425452
1.976181	0.451039
1.763899	0.427663
1.580680	0.414079
1.370926	0.315204
1.177282	0.169892
0.976057	0.015736
0.770725	-0.196521
0.581504	-0.412881
0.373013	-0.665249
0.182844	-0.864869
-0.025959	-1.084704
-0.214840	-1.231892
-0.431201	-1.381607
-0.626083	-1.521531
-0.821281	-1.559117
-1.030693	-1.657980
-1.214836	-1.721782
-1.434671	-1.801062
-1.624183	-1.892660
-1.828857	-1.948882
-2.029109	-2.023423
-2.228413	-2.087858
-2.421084	-2.163347
-2.625758	-2.226202
-2.827589	-2.320327
-3.021840	-2.378760
-3.234410	-2.463725
-3.422028	-2.519315
-3.628281	-2.580591
-3.825058	-2.668399
-4.016466	-2.724305
-4.234721	-2.799478
-4.426445	-2.845593
-4.629224	-2.900236
-4.819368	-2.959932
-5.024042	-3.042370
-5.221451	-3.117228
-5.430862	-3.173766
-5.627324	-3.247044
-5.818416	-3.265680
-6.028460	-3.361383
-6.215129	-3.427081
-6.438755	-3.497833
-6.618160	-3.574269
-6.832309	-3.603012
-7.033193	-3.693662
-7.223653	-3.744831
-7.428958	-3.822847
-7.615944	-3.892335
-7.825672	-3.937186
-8.022449	-3.985828
-8.235020	-4.027836
-8.425796	-4.100483
-8.625099	-4.162706
-8.828194	-4.251146
-9.013917	-4.275466
-9.121307	-4.301998
-9.140890	-4.308000
-9.144364	-4.326635
-9.149734	-4.336426
-9.160157	-4.332320
-9.162684	-4.320634
-9.164264	-4.305157
-9.147207	-4.308947
-9.102987	-4.314632
-9.024972	-4.304525
-8.818402	-4.227773
-8.629521	-4.152599
-8.422637	-4.085638
-8.228386	-4.014886
-8.022133	-3.993408
-7.816196	-3.912550
-7.626368	-3.852853
-7.422009	-3.780522
-7.230602	-3.701875
-7.021822	-3.656392
-6.828519	-3.599538
-6.619739	-3.559740
-6.425488	-3.473828
-6.229027	-3.423291
-6.011403	-3.329798
-5.835472	-3.281788
-5.623534	-3.247992
-5.427388	-3.164290
-5.222398	-3.131757
-5.016461	-3.015839
-4.828528	-2.978568
-4.619116	-2.901499
-4.433394	-2.835801
-4.226825	-2.771367
-4.024362	-2.687982
-3.820636	-2.624179
-3.627017	-2.560692
-3.429292	-2.512998
-3.232515	-2.437825
-3.029420	-2.394868
-2.817798	-2.296638
-2.625758	-2.239784
-2.424559	-2.185141
-2.220833	-2.097649
-2.037005	-2.043638
-1.826330	-1.944460
-1.627342	-1.878446
-1.424247	-1.789375
-1.227470	-1.729679
-1.015847	-1.636818
-0.836442	-1.562276
-0.623556	-1.469415
-0.426147	-1.350969
-0.219578	-1.254002
-0.021221	-1.075544
0.173051	-0.903087
0.385333	-0.643771
0.566025	-0.400563
0.773568	-0.206628
0.979532	0.025212
1.173491	0.184108
1.377875	0.324049
1.569940	0.382174
1.774956	0.418186
1.968599	0.436192
2.182776	0.497792
2.378631	0.533488
2.573539	0.513586
2.779186	0.533804
2.967144	0.488315
3.177214	0.538858
3.368647	0.568552
3.580928	0.595403
3.778363	0.607091
3.976113	0.578661
4.175127	0.572659
4.371930	0.580872
4.573155	0.638049
4.775644	0.651317
4.980028	0.663952
5.166406	0.611830
5.377108	0.620991
5.571700	0.657003
5.771345	0.675641
5.983311	0.699649
6.173796	0.663637
6.382602	0.654160
6.573403	0.641208
6.774628	0.676904
6.971115	0.703755
7.182765	0.720814
7.372302	0.714496
7.572896	0.665216
7.783913	0.700596
7.969660	0.689540
8.180994	0.753035
8.365792	0.741347
8.584707	0.727131
8.776140	0.719866
8.967257	0.714496
9.177958	0.754930
9.369707	0.770093
9.574408	0.758721
9.770578	0.735029
9.980648	0.739767
9.766472	0.734397
9.578830	0.743558
9.371602	0.774200
9.159321	0.734397
8.982420	0.733133
8.768559	0.719234
8.581233	0.711021
8.368004	0.716707
8.170885	0.730922
7.972819	0.725236
7.773805	0.704703
7.578266	0.714496
7.377357	0.696490
7.179606	0.707230
6.973011	0.695858
6.775576	0.698069
6.568033	0.664584
6.384498	0.673429
6.177902	0.670270
5.968464	0.638049
5.776400	0.670270
5.566013	0.642472
5.373633	0.640260
5.169565	0.645315
4.980028	0.614357
4.776591	0.615305
4.577893	0.601089
4.376984	0.613725
4.169125	0.598246
3.986854	0.606144
3.765727	0.569816
3.587562	0.556864
3.371806	0.551494
3.177846	0.524327
2.977253	0.560971
2.769394	0.509164
2.582700	0.489894
2.372313	0.489894
2.172036	0.460832
1.970495	0.454198
1.774008	0.445037
1.574046	0.388176
1.379455	0.296566
1.178230	0.196112
0.971318	0.006890
0.782097	-0.190835
0.570763	-0.416040
0.372065	-0.651351
0.179369	-0.849708
-0.025328	-1.068595
-0.221157	-1.244526
-0.431517	-1.405928
-0.625451	-1.502264
-0.829809	-1.586281
-1.015847	-1.659243
-1.231892	-1.727784
-1.415719	-1.794429
-1.631448	-1.869287
