# Configuration automatically generated by WRITE_CONFIG()
connection eth
ip 192.168.0.10
samplehz 1000.000000
settleus 10.000000
nsample 128

# Analog Inputs
aichannel 0
ainegative 199
airange 10.000000
airesolution 0

aichannel 1
ainegative 199
airange 10.000000
airesolution 0

# Analog Outputs
aochannel 0
aosignal triangle
aofrequency 5.000000
aoamplitude 2.000000
aooffset 2.500000
aoduty 0.500000

# Meta Parameters
int:periods 10
flt:plate_Thigh_C 383.416555
flt:plate_Tlow_C 221.772649
flt:plate_Q_kW 0.988213
flt:plate_Tpeak_C 1143.697931
flt:cool_Thigh_C 81.380663
flt:cool_Tlow_C 22.362512
flt:air_psig 80.000000
flt:water_gph 1.200000
flt:cool_Q_kW 0.000000
flt:standoff_in 0.288000
flt:oxygen_scfh 11.777687
flt:fuel_scfh 8.285063
flt:flow_scfh 20.062750
flt:ratio_fto 0.703454

## End Configuration ##
#: Mon Oct  3 16:16:03 2016
-7.611207	-1.384450
-10.030969	-1.699988
-9.813976	-1.669351
-9.636782	-1.705674
-9.419474	-1.721151
-9.231856	-1.728415
-9.019602	-1.669982
-8.834195	-1.647557
-8.612149	-1.565119
-8.440325	-1.549958
-8.221753	-1.518372
-8.026555	-1.465940
-7.820934	-1.418246
-7.629526	-1.392346
-7.413166	-1.366762
-7.237551	-1.366130
-7.015189	-1.327596
-6.830414	-1.298537
-6.626056	-1.264741
-6.416013	-1.223048
-6.220183	-1.204097
-6.028460	-1.180408
-5.821259	-1.161772
-5.632062	-1.156403
-5.415386	-1.094495
-5.226820	-1.066700
-5.018041	-1.084072
-4.820000	-1.059435
-4.624170	-1.066700
-4.423286	-1.042379
-4.222719	-0.986789
-4.026889	-0.958362
-3.816846	-0.910984
-3.626385	-0.892033
-3.422659	-0.851919
-3.219249	-0.811490
-3.020261	-0.800119
-2.819377	-0.781483
-2.615335	-0.778641
-2.424243	-0.797592
-2.213884	-0.748635
-2.029109	-0.701888
-1.813696	-0.637454
-1.620077	-0.591339
-1.415088	-0.587233
-1.220521	-0.563860
-1.008899	-0.538907
-0.834547	-0.519008
-0.610290	-0.463734
-0.433412	-0.456153
-0.210102	-0.436886
-0.015852	-0.404037
0.182528	-0.379401
0.384385	-0.285592
0.590981	-0.215156
0.780202	-0.091025
0.992483	0.026160
1.177282	0.130721
1.393354	0.197375
1.581628	0.278244
1.780642	0.302252
1.983131	0.336685
2.189410	0.345846
2.379895	0.372381
2.590281	0.374277
2.779818	0.403023
2.986098	0.416606
3.187323	0.421029
3.386337	0.418502
3.587878	0.438403
3.788471	0.446301
3.986538	0.480101
4.188079	0.475995
4.380775	0.477258
4.587686	0.482313
4.781962	0.495264
4.988873	0.483576
5.189782	0.531276
5.385005	0.523695
5.582124	0.526538
5.795353	0.535067
5.981416	0.533172
6.195592	0.547703
6.391763	0.562866
6.596779	0.535383
6.785053	0.542965
6.992596	0.526854
7.186556	0.564445
7.399785	0.577713
7.583952	0.622886
7.801603	0.580872
7.987350	0.577397
8.186680	0.557496
8.394539	0.599826
8.595132	0.611198
8.796989	0.634258
8.990633	0.586242
9.190279	0.596035
9.392451	0.564130
9.585779	0.618148
9.787320	0.634890
9.994232	0.643735
9.790480	0.597299
9.598415	0.603932
9.390872	0.573606
9.195965	0.623518
8.993160	0.610250
8.787196	0.619095
8.587867	0.559707
8.384746	0.556232
8.186048	0.566025
7.984823	0.605196
7.792758	0.608671
7.590270	0.600773
7.389360	0.540753
7.190978	0.546439
6.985962	0.537910
6.788844	0.583399
6.583827	0.567920
6.390184	0.550862
6.189907	0.515166
5.982363	0.513586
5.785245	0.506637
5.586231	0.543912
5.384058	0.524959
5.191678	0.508848
4.989189	0.477574
4.786384	0.482944
4.586422	0.480417
4.384250	0.522115
4.189026	0.466518
3.987801	0.467466
3.791314	0.403655
3.587878	0.418186
3.385389	0.426399
3.186375	0.446301
2.978832	0.407130
2.794349	0.407446
2.583963	0.341423
2.388424	0.361325
2.187515	0.331315
1.986921	0.360061
1.771481	0.302884
1.586050	0.264661
1.380718	0.182844
1.187075	0.136092
0.978900	0.011945
0.786836	-0.071126
0.575502	-0.214840
0.381858	-0.280538
0.182528	-0.362976
-0.013957	-0.393298
-0.219894	-0.422041
-0.411302	-0.438465
-0.623556	-0.483633
-0.807383	-0.503847
-1.019006	-0.557858
-1.218310	-0.545856
-1.416983	-0.582495
-1.616603	-0.603657
-1.825383	-0.659248
-2.016159	-0.678515
-2.228729	-0.732210
-2.409714	-0.719260
-2.620704	-0.760953
-2.820640	-0.772955
-3.020576	-0.820018
-3.221460	-0.878767
-3.423923	-0.904667
-3.613435	-0.876871
-3.829796	-0.910668
-4.017729	-0.911615
-4.222087	-0.972891
-4.419496	-0.997528
-4.626381	-1.028482
-4.822526	-1.001634
-5.021199	-1.041432
-5.215450	-1.039221
-5.433074	-1.106498
-5.612479	-1.124186
-5.833893	-1.184198
-6.008245	-1.153244
-6.225868	-1.199675
-6.420119	-1.217679
-6.624793	-1.284324
-6.819675	-1.298221
-7.039194	-1.328544
-7.220494	-1.307381
-7.434012	-1.350338
-7.615313	-1.370868
-7.827567	-1.442567
-8.021502	-1.467204
-8.229334	-1.488050
-8.422321	-1.499421
-8.632680	-1.535112
-8.823140	-1.555011
-9.034447	-1.600178
-9.220486	-1.602389
-9.436530	-1.612181
-9.626675	-1.621972
-9.826295	-1.660507
-10.014544	-1.670930
-9.829453	-1.665560
-9.627306	-1.630816
-9.437161	-1.612497
-9.234699	-1.576489
-9.026867	-1.585649
-8.823140	-1.568593
-8.617835	-1.562908
-8.424532	-1.511423
-8.229334	-1.491524
-8.021502	-1.433091
-7.832304	-1.415719
-7.616260	-1.398031
-7.427695	-1.381607
-7.223969	-1.366446
-7.026560	-1.374658
-6.824728	-1.345916
-6.629530	-1.350022
-6.416645	-1.273585
-6.236291	-1.233787
-6.023090	-1.220205
-5.831050	-1.229681
-5.618796	-1.201886
-5.426125	-1.191463
-5.216713	-1.129555
-5.028464	-1.088810
-4.808629	-1.027534
-4.632066	-1.005108
-4.411916	-0.999107
-4.236617	-0.977313
-4.015203	-0.948255
-3.827585	-0.925829
-3.612488	-0.894875
-3.432135	-0.897086
-3.220512	-0.864237
-3.024683	-0.839285
-2.818429	-0.804857
-2.617230	-0.756531
-2.413504	-0.756215
-2.224307	-0.728420
-2.021844	-0.695571
-1.821908	-0.676620
-1.612497	-0.617871
-1.423932	-0.576494
-1.211361	-0.578073
-1.020269	-0.548383
-0.814332	-0.535117
-0.623240	-0.501636
-0.422673	-0.443519
-0.221789	-0.420146
-0.014589	-0.379085
0.181265	-0.345920
0.388492	-0.308649
0.586874	-0.196205
0.792206	-0.088498
0.984270	0.023001
1.186443	0.133564
1.381666	0.196743
1.594264	0.273822
1.775587	0.295619
1.989448	0.323102
2.184672	0.354691
2.386529	0.360061
2.580488	0.387544
2.791822	0.399864
2.978516	0.388808
3.189850	0.427979
3.377492	0.435560
3.588510	0.418186
3.785944	0.470309
3.993171	0.448196
4.182077	0.487683
4.388988	0.490210
4.582632	0.486735
4.793966	0.492737
4.981291	0.504741
5.188519	0.480417
5.389112	0.532224
5.582440	0.526854
5.791563	0.539806
5.987733	0.538858
6.182325	0.542649
6.398397	0.541385
6.586039	0.558759
6.786948	0.561286
6.990701	0.556548
7.186556	0.546439
7.390940	0.566025
7.592481	0.565077
7.786757	0.594771
7.996511	0.607723
8.189523	0.578029
8.396118	0.582451
8.592289	0.592560
8.795094	0.572659
8.991264	0.627309
9.185540	0.620359
9.382975	0.591928
9.595572	0.620359
9.786689	0.595087
9.997706	0.618148
9.791743	0.650369
9.587043	0.600142
9.388977	0.603301
9.196280	0.578345
8.991581	0.574238
8.797621	0.612146
8.578074	0.619095
8.395802	0.596035
8.187311	0.593192
7.983875	0.550862
7.796865	0.586558
7.588058	0.589085
7.388412	0.598878
7.192873	0.561602
6.975853	0.528117
6.792950	0.508848
6.597095	0.554021
6.387025	0.546755
6.190222	0.580872
5.990892	0.516113
5.786508	0.512955
5.590653	0.497160
5.376792	0.514534
5.190414	0.528749
4.988557	0.542649
4.781330	0.468413
4.593056	0.468413
4.383934	0.446301
4.182077	0.479786
3.990644	0.487999
3.787208	0.460832
3.591669	0.432717
3.384757	0.412184
3.181637	0.391967
2.992416	0.413763
2.794349	0.405866
2.587122	0.388492
2.388740	0.360377
2.180249	0.324681
1.989448	0.313941
1.779694	0.324365
1.579417	0.263397
1.385457	0.220751
1.184548	0.112084
0.982375	0.025844
0.780202	-0.096395
0.576134	-0.191783
0.387544	-0.285276
0.179053	-0.342761
-0.018695	-0.430885
-0.210102	-0.440045
-0.424252	-0.491529
-0.615344	-0.479211
-0.819386	-0.514270
-1.015216	-0.540170
-1.210730	-0.600815
-1.422036	-0.593234
-1.625447	-0.644403
-1.813064	-0.615660
-2.027214	-0.675672
-2.216095	-0.712311
-2.421084	-0.777061
-2.620073	-0.795381
-2.819061	-0.809910
-3.019945	-0.808963
-3.225250	-0.860447
-3.418237	-0.869291
-3.623227	-0.924881
-3.823795	-0.932462
-4.022783	-0.934357
-4.221456	-0.948570
-4.420760	-0.994369
-4.623222	-1.037326
-4.821579	-1.105234
-5.006670	-1.093232
-5.218608	-1.101444
-5.420124	-1.108709
-5.624481	-1.148506
-5.826944	-1.202833
-6.016457	-1.266952
-6.223973	-1.260951
-6.419487	-1.265688
-6.618792	-1.266004
-6.830730	-1.303275
-7.028455	-1.327280
-7.226180	-1.367078
-7.419483	-1.353496
-7.623841	-1.372763
-7.829462	-1.395189
-8.032557	-1.488050
-8.226175	-1.511107
-8.437798	-1.560065
-8.618151	-1.501948
-8.827878	-1.493104
-9.020865	-1.479522
-9.227434	-1.514582
-9.426423	-1.547747
-9.630465	-1.634291
-9.819978	-1.618182
-10.028757	-1.690197
-9.812713	-1.689881
-9.632992	-1.687670
-9.425791	-1.684827
-9.230593	-1.669351
-9.020865	-1.619130
-8.825352	-1.600178
-8.616887	-1.538903
-8.435587	-1.546799
-8.224912	-1.506054
-8.028134	-1.450463
-7.826303	-1.410350
-7.626052	-1.397084
-7.420746	-1.364867
-7.232497	-1.384766
-7.021190	-1.330123
-6.830730	-1.319700
-6.622266	-1.276428
-6.426436	-1.239473
-6.226816	-1.202833
-6.019615	-1.179144
-5.819995	-1.150086
-5.621954	-1.145980
-5.416333	-1.110604
-5.229347	-1.120711
-5.019304	-1.084072
-4.825369	-1.053750
-4.621011	-0.996580
-4.428656	-0.979524
-4.212927	-0.945412
-4.024678	-0.962152
-3.815582	-0.945728
-3.625122	-0.951097
-3.422028	-0.898034
-3.225566	-0.876871
-3.019629	-0.836758
-2.826326	-0.804541
-2.617546	-0.755583
-2.423611	-0.756215
-2.212936	-0.687675
-2.025319	-0.717049
-1.808327	-0.675988
-1.624183	-0.646298
-1.410034	-0.621029
-1.219258	-0.557227
-1.011110	-0.506690
-0.826966	-0.508269
-0.614080	-0.457732
-0.426463	-0.464365
-0.205996	-0.414460
-0.023117	-0.386981
0.190110	-0.351289
0.381542	-0.291277
0.589717	-0.200943
0.774200	-0.097974
0.991220	0.037216
1.180125	0.113347
1.394302	0.220436
1.577205	0.275717
1.784748	0.318363
1.982815	0.352796
2.184356	0.351848
2.381159	0.356586
2.592808	0.386596
2.785188	0.382174
2.984518	0.437140
3.179741	0.415343
3.389180	0.417554
3.581876	0.438403
3.794473	0.456409
3.983695	0.437456
4.194713	0.487683
4.373825	0.472520
4.592424	0.506321
4.781962	0.506953
4.993611	0.507584
5.185676	0.516429
5.388480	0.513902
5.578649	0.495264
5.796617	0.532856
5.975729	0.536647
6.198436	0.562866
6.386393	0.549598
6.599622	0.560339
6.786948	0.548335
6.991648	0.562234
7.181501	0.574554
7.396626	0.563182
7.581740	0.562234
7.796865	0.576134
7.981348	0.574554
8.186680	0.595403
8.389484	0.614673
8.586287	0.588769
8.790356	0.608987
8.994740	0.591296
9.181749	0.610566
9.396558	0.629520
9.581988	0.619727
9.796481	0.596983
9.992336	0.626045
9.789216	0.584979
9.585148	0.612146
9.394663	0.629836
9.190279	0.610882
8.998215	0.601089
8.784038	0.601089
8.596711	0.577397
8.388221	0.602669
8.194577	0.605196
7.987350	0.566657
7.800340	0.553705
7.590270	0.545176
7.399153	0.557812
7.187503	0.575502
6.989753	0.578661
6.779683	0.543280
6.594252	0.533172
6.384814	0.527486
6.191802	0.524959
5.978572	0.558759
5.792511	0.546439
5.581808	0.512955
5.387533	0.502214
5.186307	0.492737
4.990137	0.494948
4.783541	0.519272
4.588950	0.481997
4.383302	0.473783
4.187763	0.441878
3.981483	0.456093
3.795737	0.453882
3.587562	0.455777
3.385705	0.425767
3.179741	0.398600
2.984202	0.381226
2.786136	0.398916
2.579541	0.386596
2.380843	0.395442
2.195096	0.334158
1.979024	0.330051
1.779378	0.282667
1.577521	0.264661
1.387036	0.213802
1.182652	0.134196
0.992167	0.004995
0.785256	-0.088498
0.580872	-0.217367
0.377120	-0.282433
0.186635	-0.357607
-0.015852	-0.385402
-0.216735	-0.433728
-0.424884	-0.459312
-0.616607	-0.505111
-0.827914	-0.497846
-1.015216	-0.537012
-1.217363	-0.547435
-1.416351	-0.609343
-1.620709	-0.648825
-1.816855	-0.676304
-2.021844	-0.664301
-2.226202	-0.710416
-2.416347	-0.721471
-2.617862	-0.792222
-2.820009	-0.810542
-3.022471	-0.842128
-3.228724	-0.831388
-3.421396	-0.859184
-3.613120	-0.873397
-3.819688	-0.955835
-4.018045	-0.949834
-4.219876	-0.997212
-4.416969	-0.953308
-4.628592	-0.992474
-4.817473	-1.019006
-5.021199	-1.099865
-5.222083	-1.117869
-5.426441	-1.133345
-5.622586	-1.085020
-5.829471	-1.131134
-6.019615	-1.132082
-6.225868	-1.210098
-6.422014	-1.211677
-6.626056	-1.226838
-6.825992	-1.223680
-7.027192	-1.291589
-7.224916	-1.338967
-7.419167	-1.426458
-7.623525	-1.413508
-7.825040	-1.417614
-8.031293	-1.375606
-8.227439	-1.399927
-8.429901	-1.438777
-8.626363	-1.548378
-8.823140	-1.582491
-9.029078	-1.599231
-9.224908	-1.597336
-9.426739	-1.656716
-9.632992	-1.677247
-9.825663	-1.738523
-10.020861	-1.726836
-9.821873	-1.674720
-9.623516	-1.606180
-9.434951	-1.611233
-9.218591	-1.585017
-9.030657	-1.606495
-8.825036	-1.524373
-8.620994	-1.470046
-8.426427	-1.443515
-8.230913	-1.459939
-8.024029	-1.455517
-7.831357	-1.489629
-7.620682	-1.405296
-7.425800	-1.385397
-7.228707	-1.320331
-7.026560	-1.317489
-6.826308	-1.297590
-6.626056	-1.309908
-6.415381	-1.211993
-6.227764	-1.203465
-6.014878	-1.148506
-5.837683	-1.136820
-5.611847	-1.119764
-5.426125	-1.098286
-5.219556	-1.052487
-5.023726	-1.062278
-4.813051	-1.048065
-4.630487	-1.068279
-4.413811	-1.037326
-4.229352	-1.002266
-4.015518	-0.934357
-3.823795	-0.906878
-3.619437	-0.854762
-3.428344	-0.834231
-3.218301	-0.808015
-3.030052	-0.814648
-2.812428	-0.763796
-2.622916	-0.758110
-2.413504	-0.722103
-2.223359	-0.702520
-2.021528	-0.664301
-1.814960	-0.654510
-1.614076	-0.590391
-1.429301	-0.598288
-1.204097	-0.558174
-1.018374	-0.550594
-0.810542	-0.511744
-0.622293	-0.491213
-0.417619	-0.465629
-0.215788	-0.468472
-0.011430	-0.409723
0.178737	-0.397404
0.390071	-0.288434
0.570447	-0.204733
0.786520	-0.075864
0.977952	0.015420
1.188022	0.135460
1.385457	0.196112
1.585103	0.276033
1.775272	0.284246
1.992607	0.346794
2.177090	0.370170
2.389056	0.369538
2.583647	0.366695
2.789295	0.382806
2.981359	0.387860
3.185428	0.440299
3.380335	0.454198
3.592932	0.457989
3.779942	0.448196
3.993487	0.445353
4.180497	0.453566
4.387409	0.488946
4.581684	0.512007
4.789227	0.508848
4.983819	0.492105
5.196732	0.514534
5.378688	0.517377
5.585283	0.556232
5.790931	0.566657
5.992472	0.539174
6.195909	0.521800
6.390184	0.537594
6.583196	0.515798
6.800216	0.577081
6.979960	0.568552
7.193505	0.550862
7.392835	0.559707
7.593744	0.556548
7.790231	0.552126
7.988929	0.629836
8.182573	0.589085
8.399593	0.617200
8.580601	0.600457
8.797621	0.583083
8.982103	0.597930
9.190595	0.629836
9.385818	0.591928
9.593361	0.621938
9.784477	0.603932
10.000549	0.622570
9.785425	0.623518
9.598100	0.612146
9.385186	0.609303
9.188067	0.601089
8.990001	0.598246
8.794778	0.588769
8.585340	0.589717
8.395802	0.611198
8.177519	0.586874
7.991140	0.573290
7.791811	0.583715
7.588690	0.535067
7.387465	0.568552
7.188767	0.572975
6.983435	0.543912
6.791687	0.584663
6.585091	0.554653
6.396186	0.521168
6.187695	0.538858
5.989313	0.523063
5.789035	0.517377
5.587810	0.540437
5.378688	0.501898
5.196416	0.513270
4.979396	0.508216
4.786384	0.482629
4.585475	0.491474
4.385197	0.486735
4.180813	0.468097
3.992224	0.462727
3.781838	0.436508
3.596091	0.445353
3.377492	0.422924
3.187955	0.417554
2.981043	0.409657
2.787400	0.369854
2.580804	0.373961
2.392847	0.372065
2.177090	0.349637
1.991344	0.362588
1.770849	0.303200
1.590473	0.252657
1.382930	0.209695
1.182336	0.110504
0.980795	0.029003
0.784624	-0.086919
0.578977	-0.212629
0.388808	-0.298858
0.175578	-0.379085
-0.010167	-0.415092
-0.217683	-0.409407
-0.422988	-0.465629
-0.620082	-0.492792
-0.812753	-0.543645
-1.017743	-0.572388
-1.214520	-0.571124
-1.423932	-0.570808
-1.617235	-0.585969
-1.819697	-0.599235
-2.024371	-0.659248
-2.217990	-0.678199
-2.418242	-0.702836
-2.625442	-0.736316
-2.808638	-0.766954
-3.034790	-0.838337
-3.212300	-0.861710
-3.433398	-0.878135
-3.615646	-0.892033
-3.816214	-0.897086
-4.016466	-0.943833
-4.227457	-0.993738
-4.416337	-1.014268
-4.635225	-1.045222
-4.810840	-1.023744
-5.023410	-1.055013
-5.220188	-1.133661
-5.423913	-1.171880
-5.620375	-1.192094
-5.827892	-1.160193
-6.008245	-1.129555
-6.230290	-1.153876
-6.413170	-1.167142
-6.626688	-1.226838
-6.828519	-1.286851
-7.024033	-1.258108
-7.226180	-1.271058
-7.421378	-1.309276
-7.619735	-1.386345
-7.833568	-1.461834
-8.024976	-1.469099
-8.227439	-1.426143
-8.432428	-1.414456
-8.620046	-1.416035
-8.825667	-1.479838
-9.027814	-1.537007
-9.225224	-1.540166
-9.429582	-1.512371
-9.621305	-1.535744
-9.836086	-1.576173
-10.020861	-1.687670
-9.820925	-1.693356
-9.631097	-1.644398
-9.427370	-1.562592
-9.226171	-1.516477
-9.027814	-1.511739
-8.816192	-1.515529
-8.627311	-1.513634
-8.426427	-1.467204
-8.225544	-1.401506
-8.024976	-1.415403
-7.825040	-1.411613
-7.620998	-1.443515
-7.425800	-1.414140
-7.221442	-1.339914
-7.036667	-1.287167
-6.816201	-1.298853
-6.618160	-1.274532
-6.425173	-1.294431
-6.221762	-1.240104
-6.010771	-1.187041
-5.829787	-1.096390
-5.619743	-1.080282
-5.428651	-1.060699
-5.220188	-1.096075
-5.016461	-1.047749
-4.821895	-1.007319
-4.628592	-0.949202
-4.422023	-0.943833
-4.223666	-0.915090
-4.019624	-0.940674
-3.826005	-0.898350
-3.615962	-0.882557
-3.422659	-0.830757
-3.225566	-0.842759
-3.018681	-0.808963
-2.821588	-0.803909
-2.610281	-0.780536
-2.413188	-0.760321
-2.228413	-0.713575
-2.020265	-0.710732
-1.815275	-0.668407
-1.620077	-0.661459
-1.416667	-0.616923
-1.217994	-0.584706
-1.016795	-0.537644
-0.819702	-0.513639
-0.620082	-0.476052
-0.412881	-0.464997
-0.214524	-0.416356
-0.015852	-0.403090
0.187267	-0.361713
0.383753	-0.304859
0.581504	-0.187361
0.788415	-0.107134
0.979848	0.031530
1.187391	0.123772
1.384825	0.234019
1.585419	0.269083
1.780326	0.318047
1.986605	0.320258
2.186251	0.374592
2.393162	0.368906
2.588070	0.413763
2.794349	0.372065
2.980727	0.401444
3.181321	0.382174
3.390444	0.430190
3.581244	0.445353
3.789419	0.488946
3.986538	0.455462
4.194396	0.476627
4.380459	0.451039
4.590213	0.480733
4.779435	0.490526
4.994243	0.529065
5.190098	0.499055
5.390060	0.517377
5.579281	0.518325
5.789351	0.544228
5.985838	0.536331
6.194013	0.577713
6.385446	0.529381
6.588882	0.552757
6.790739	0.551178
6.983435	0.564761
7.190031	0.566657
7.387465	0.583399
7.594692	0.527486
7.792127	0.576134
7.987666	0.721445
8.189838	0.613409
8.388221	0.624781
8.591341	0.624781
8.782458	0.592244
8.995687	0.626993
9.185225	0.585610
9.391188	0.601405
9.585779	0.608671
9.789847	0.608987
9.994548	0.589401
9.793007	0.635838
9.582936	0.604564
9.396558	0.639313
9.187435	0.600773
8.999478	0.612146
8.784353	0.574870
8.597343	0.613409
8.383166	0.569500
8.189838	0.603932
7.981032	0.573922
7.795601	0.581820
7.583636	0.557180
7.391256	0.590349
7.186240	0.521800
6.994175	0.570447
6.779999	0.556864
6.592357	0.551494
6.385761	0.548967
6.199699	0.537594
5.978572	0.506953
5.790299	0.526538
5.582440	0.491790
5.394166	0.508532
5.186939	0.518641
4.988241	0.508532
4.785752	0.488315
4.594320	0.506005
4.381407	0.457357
4.187763	0.476627
3.983379	0.446617
3.792578	0.450723
3.580612	0.433033
3.389180	0.427031
3.180373	0.394810
2.982939	0.415975
2.785188	0.390071
2.597862	0.394494
2.378000	0.337949
2.193517	0.349953
1.979024	0.316468
1.782853	0.322786
1.581312	0.257711
1.393986	0.217593
1.171912	0.110820
0.990904	0.027108
0.773568	-0.102396
0.589401	-0.190204
0.380279	-0.297594
0.182212	-0.346236
-0.018379	-0.415724
-0.213577	-0.439729
-0.427726	-0.478895
-0.606184	-0.471946
-0.823808	-0.522167
-1.007635	-0.551225
-1.225575	-0.602394
-1.413193	-0.615660
-1.622604	-0.627662
-1.813696	-0.615028
-2.025950	-0.658616
-2.211673	-0.699045
-2.418874	-0.726209
-2.613124	-0.738527
-2.823167	-0.757478
-3.015839	-0.786537
-3.222407	-0.837390
-3.417290	-0.861710
-3.622279	-0.906562
-3.814003	-0.906562
-4.030679	-0.911615
-4.216718	-0.921723
-4.425181	-0.992790
-4.621643	-1.049644
-4.819368	-1.096390
-5.022462	-1.095127
-5.227452	-1.096706
-5.412543	-1.101128
-5.634589	-1.145348
-5.819364	-1.195569
-6.025301	-1.222100
-6.215761	-1.206624
-6.424857	-1.219574
-6.613106	-1.239788
-6.833572	-1.308329
-7.009820	-1.338335
-7.232497	-1.350022
-7.407165	-1.349074
-7.627947	-1.348127
-7.823777	-1.396768
-8.028450	-1.497842
-8.221122	-1.532270
-8.435587	-1.533849
-8.617835	-1.476995
-8.830090	-1.437197
-9.023393	-1.501000
-9.233120	-1.564803
-9.427054	-1.627342
-9.629833	-1.627658
-9.814924	-1.616919
-10.028757	-1.647241
-9.814292	-1.641871
-9.634255	-1.653874
-9.423580	-1.689249
-9.232488	-1.604285
-9.024340	-1.522794
-8.824404	-1.478574
-8.618466	-1.487418
-8.433376	-1.502264
-8.218911	-1.478259
-8.030662	-1.395505
-7.823145	-1.353496
-7.622262	-1.342441
-7.415692	-1.367710
-7.229654	-1.415088
-7.027192	-1.382555
-6.835152	-1.322542
-6.616896	-1.240420
-6.425173	-1.208519
-6.218288	-1.211677
-6.022774	-1.191463
-5.823470	-1.135241
-5.628587	-1.077755
-5.418228	-1.035115
-5.227452	-1.057856
-5.011092	-1.053434
-4.825685	-1.048380
-4.623222	-1.013952
-4.424550	-0.912247
-4.218928	-0.906562
-4.025310	-0.889190
-3.820320	-0.885084
-3.628281	-0.912879
-3.414763	-0.857604
-3.229672	-0.815596
-3.018681	-0.824755
-2.821904	-0.760637
-2.621652	-0.790011
-2.419189	-0.760953
-2.221148	-0.717049
-2.025635	-0.686095
-1.812433	-0.652299
-1.623552	-0.629557
-1.419510	-0.633032
-1.216099	-0.569229
-1.015532	-0.554068
-0.819702	-0.485528
-0.614080	-0.469419
-0.408459	-0.461839
-0.212945	-0.432780
-0.022169	-0.404353
0.190741	-0.370557
0.385965	-0.282749
0.578661	-0.207892
0.779254	-0.088183
0.982375	0.019842
1.185811	0.107661
1.388616	0.218540
1.572151	0.282983
1.784117	0.321838
1.983446	0.355955
2.186567	0.311413
2.384633	0.345214
2.589649	0.385965
2.782345	0.412816
2.989573	0.441878
3.177530	0.412500
3.391075	0.384069
3.585983	0.426715
3.788156	0.441246
3.984642	0.499371
4.185236	0.500319
4.379511	0.473152
4.595583	0.463675
4.779435	0.474415
4.994243	0.506637
5.191678	0.560655
5.377740	0.525274
5.589074	0.518325
5.787772	0.477258
5.985522	0.517693
6.193697	0.569500
6.387341	0.583083
6.595832	0.572343
6.787896	0.553073
6.984699	0.496212
7.195401	0.551178
7.389992	0.584031
7.587742	0.615936
7.798760	0.589401
7.984823	0.564761
8.187311	0.541701
8.389169	0.601721
8.584392	0.610566
8.795726	0.654160
8.991897	0.618464
9.188383	0.590665
9.393399	0.590033
9.582621	0.602037
9.797429	0.643103
9.993600	0.659530
9.788900	0.584031
9.595256	0.593192
9.389924	0.564445
9.182065	0.608355
8.996634	0.638049
8.784038	0.633942
8.597975	0.610566
8.384114	0.596351
8.185101	0.550230
7.992720	0.599510
7.791495	0.604564
7.589006	0.596983
7.395994	0.559707
7.183712	0.543912
6.997966	0.528117
6.782210	0.552757
6.593620	0.551810
6.399977	0.574870
6.187063	0.522747
5.991840	0.535067
5.786508	0.506005
5.582756	0.526222
5.390060	0.522431
5.187887	0.522747
4.983503	0.480417
4.794913	0.497792
4.580420	0.479786
4.389304	0.487367
4.183656	0.487999
3.989381	0.473783
3.791630	0.450407
3.588194	0.428295
3.386337	0.389439
3.190798	0.430506
2.976937	0.409341
2.795297	0.397653
2.586490	0.376488
2.386213	0.367327
2.188462	0.340476
1.983131	0.342371
1.784117	0.300041
1.582891	0.275401
1.385457	0.198323
1.185811	0.128826
0.983638	0.017631
0.780834	-0.083445
0.588453	-0.209787
0.373645	-0.276748
0.187267	-0.357291
-0.007324	-0.392351
-0.218946	-0.463734
-0.408775	-0.470051
-0.614712	-0.513007
-0.822545	-0.489634
-1.013952	-0.531958
-1.220205	-0.565439
-1.417614	-0.632400
-1.614076	-0.636822
-1.824435	-0.695255
-2.017107	-0.678831
-2.224939	-0.693044
-2.417294	-0.725261
-2.615967	-0.790643
-2.823799	-0.799487
-3.016470	-0.870870
-3.217670	-0.833284
-3.430240	-0.894559
-3.614067	-0.927724
-3.825374	-0.973839
-4.025941	-1.001318
-4.222719	-1.026902
-4.420128	-0.981419
-4.621643	-1.014900
-4.821579	-1.014900
-5.024042	-1.046485
-5.218924	-1.065753
-5.424230	-1.058172
-5.622271	-1.049960
-5.825681	-1.116921
-6.017405	-1.199675
-6.217024	-1.292536
-6.417908	-1.285271
-6.630162	-1.284956
-6.818411	-1.255265
-7.027507	-1.302012
-7.227443	-1.335492
-7.419483	-1.424563
-7.621945	-1.427722
-7.822197	-1.442251
-8.023081	-1.440672
-8.229965	-1.544588
-8.422005	-1.585017
-8.626995	-1.613760
-8.816192	-1.585649
-9.027814	-1.543325
-9.225224	-1.506685
-9.428634	-1.594493
-9.626359	-1.626078
-9.831348	-1.698725
-10.019598	-1.658296
-9.829769	-1.585333
-9.631728	-1.559117
-9.428002	-1.598283
-9.211010	-1.591334
-9.030341	-1.618498
-8.823140	-1.529743
-8.626678	-1.502579
-8.422005	-1.459939
-8.229334	-1.465309
-8.027187	-1.439724
-7.824724	-1.408455
-7.619103	-1.335492
-7.426747	-1.316541
-7.226180	-1.314014
-7.028455	-1.360761
-6.819991	-1.346863
-6.623529	-1.298853
-6.427068	-1.199043
-6.221762	-1.163667
-6.018668	-1.127660
-5.825049	-1.167458
-5.615637	-1.146611
-5.429599	-1.117553
-5.224609	-1.043643
-5.020883	-1.017111
-4.816841	-1.004477
-4.627328	-1.031956
-4.415706	-0.990579
-4.226193	-0.955203
-4.023415	-0.863921
-3.823163	-0.864869
-3.614067	-0.834547
-3.428029	-0.862974
-3.223355	-0.837074
-3.025630	-0.825703
-2.812428	-0.754636
-2.633023	-0.766322
-2.404660	-0.707889
-2.231572	-0.746108
-2.009210	-0.677567
-1.822856	-0.638717
-1.611549	-0.574915
-1.424247	-0.565123
-1.209782	-0.535117
-1.025955	-0.546172
-0.812437	-0.509848
-0.631453	-0.488370
-0.410986	-0.444151
-0.222105	-0.429937
-0.015852	-0.398668
0.182528	-0.357291
0.384069	-0.281486
0.573606	-0.202838
0.789679	-0.078075
0.979216	0.008154
1.192129	0.135144
1.382298	0.189162
1.584471	0.254868
1.780958	0.311413
1.988185	0.360377
2.178038	0.364484
2.394426	0.380594
2.580488	0.342687
2.794981	0.386912
2.982939	0.417554
3.189218	0.447564
3.384442	0.444405
3.588510	0.431769
3.777415	0.386596
4.005176	0.453566
4.171021	0.486735
4.392463	0.528749
4.579157	0.512955
4.792070	0.503478
4.982555	0.463675
5.199259	0.503794
5.377740	0.537910
5.595392	0.572975
5.778927	0.549598
5.995947	0.529697
6.185800	0.496212
6.404399	0.540753
6.593305	0.564445
6.794846	0.582451
6.980592	0.560971
7.207405	0.518009
7.379568	0.531592
7.594692	0.580556
7.780438	0.609303
7.992720	0.627940
8.186364	0.601089
8.393907	0.560971
8.581549	0.537910
8.796041	0.588138
8.984631	0.640576
9.195017	0.644683
9.384554	0.612462
9.589886	0.596983
9.790164	0.593508
9.989493	0.610882
9.783214	0.622570
9.592413	0.621307
9.385818	0.601405
9.189015	0.585294
8.987473	0.591928
8.790039	0.612777
8.587867	0.622886
8.392012	0.622886
8.179414	0.558443
7.995247	0.559707
7.788652	0.563498
7.593744	0.572975
7.380831	0.600773
7.197296	0.586242
6.983119	0.546439
6.794214	0.537278
6.586671	0.511691
6.396818	0.525274
6.183273	0.576765
5.992788	0.540121
5.777979	0.536331
5.590653	0.526854
5.379319	0.512955
5.190414	0.516429
4.983819	0.506321
4.792702	0.480101
4.584527	0.491158
4.384881	0.476627
4.183341	0.488315
3.993803	0.473152
3.792894	0.456409
3.593564	0.429242
3.386969	0.406182
3.185743	0.419765
2.982307	0.413763
2.788031	0.382174
2.591229	0.391019
2.383686	0.351216
2.181513	0.351848
1.984394	0.329735
1.778430	0.290564
1.584787	0.264345
1.382930	0.211275
1.185495	0.123140
0.983954	0.035637
0.787783	-0.091973
0.577397	-0.201890
0.381542	-0.292856
0.177158	-0.380348
-0.006376	-0.399615
-0.219262	-0.428358
-0.415092	-0.473841
-0.617555	-0.488370
-0.819386	-0.532274
-1.022796	-0.543961
-1.208519	-0.555963
-1.427090	-0.579336
-1.608391	-0.618502
-1.821277	-0.664617
-2.015843	-0.733158
-2.219885	-0.719576
-2.413820	-0.744528
-2.622600	-0.720523
-2.817482	-0.758426
-3.024998	-0.828230
-3.217354	-0.874976
-3.430240	-0.907825
-3.619752	-0.931830
-3.814003	-0.923618
-4.024362	-0.978893
-4.221139	-0.982999
-4.423286	-1.017111
-4.631119	-1.017427
-4.813051	-1.003213
-5.024358	-1.028482
-5.224926	-1.113447
-5.416333	-1.164299
-5.629219	-1.217679
-5.826628	-1.192726
-6.021826	-1.175038
-6.224289	-1.168089
-6.423277	-1.209466
-6.629530	-1.259055
-6.824413	-1.303275
-7.021822	-1.275164
-7.228707	-1.304854
-7.418220	-1.341493
-7.625420	-1.405612
-7.829462	-1.458991
-8.012341	-1.490893
-8.233124	-1.492788
-8.426427	-1.496578
-8.620046	-1.520583
-8.830721	-1.588492
-9.030025	-1.604600
-9.225855	-1.619130
-9.433687	-1.580280
-9.624780	-1.582491
-9.834823	-1.649136
-10.018334	-1.714202
-9.819345	-1.669351
-9.629201	-1.647241
-9.428318	-1.534796
-9.218274	-1.504159
-9.034131	-1.496578
-8.818719	-1.489629
-8.637418	-1.476363
-8.419478	-1.435934
-8.225544	-1.353496
-8.032241	-1.380975
-7.817460	-1.380975
-7.626999	-1.417614
-7.421378	-1.377185
-7.223022	-1.327912
-7.032561	-1.286535
-6.820622	-1.295063
-6.625424	-1.285271
-6.424541	-1.316857
-6.220815	-1.262214
-6.024353	-1.195885
-5.825996	-1.121975
-5.617848	-1.114394
-5.420755	-1.137767
-5.210396	-1.136504
-5.024673	-1.073965
-4.820000	-1.038273
-4.617853	-0.972891
-4.426445	-0.975102
-4.221771	-0.970680
-4.015834	-0.951729
-3.820952	-0.913195
-3.613751	-0.856657
-3.432135	-0.827598
-3.221144	-0.838653
-3.020261	-0.808331
-2.816850	-0.799171
-2.617862	-0.747371
-2.413820	-0.704415
-2.232519	-0.680410
-2.014264	-0.681358
-1.821277	-0.658932
-1.615655	-0.667460
-1.413193	-0.573335
-1.221469	-0.566386
-1.010478	-0.523746
-0.821597	-0.515218
-0.621029	-0.487739
-0.413829	-0.468472
-0.216735	-0.417619
-0.019642	-0.401510
0.191373	-0.338655
0.377120	-0.296331
0.576134	-0.193362
0.781150	-0.091025
0.982375	0.030898
1.184864	0.124719
1.384825	0.230860
1.576889	0.250446
1.789171	0.300041
1.979024	0.320574
2.186251	0.365747
2.384949	0.391967
2.587754	0.402075
2.791506	0.399232
2.982623	0.378067
3.184164	0.389124
3.385073	0.462411
3.581560	0.456093
3.795421	0.470309
3.985590	0.448828
4.189974	0.435244
4.390883	0.452619
4.584211	0.512955
4.786384	0.516113
4.987926	0.541069
5.179990	0.483576
5.384058	0.487051
5.580861	0.508532
5.789667	0.563498
5.989313	0.562550
6.186116	0.569500
6.390816	0.484524
6.594884	0.521168
6.777472	0.539174
6.993860	0.598246
7.182765	0.590665
7.391888	0.589401
7.590901	0.511059
7.790863	0.544544
7.987982	0.569184
8.192681	0.649421
8.375901	0.623202
8.595448	0.604564
8.786249	0.557180
8.999162	0.563182
9.185540	0.598878
9.388345	0.661425
9.589254	0.639944
9.794586	0.634258
9.984439	0.575186
9.796165	0.579292
9.588306	0.615936
9.391188	0.635838
9.188699	0.615305
8.990001	0.590349
8.792566	0.544544
8.593237	0.596035
8.381903	0.618464
8.190786	0.646262
7.985455	0.615936
7.794654	0.575502
7.588690	0.533488
7.390624	0.564130
7.188767	0.575818
6.991333	0.608355
6.787264	0.549598
6.598675	0.540121
6.391448	0.503478
6.197804	0.516429
5.988050	0.535699
5.789983	0.575502
5.587178	0.501898
5.390060	0.524327
5.184728	0.477574
4.999298	0.507900
4.777539	0.510111
4.588002	0.517061
4.380459	0.465254
4.187763	0.473783
3.979904	0.427663
3.788156	0.457989
3.581244	0.438087
3.393918	0.446617
3.180373	0.410604
2.986098	0.394810
2.790874	0.371118
2.586174	0.373961
2.377684	0.367643
2.186883	0.378383
1.979656	0.324365
1.786328	0.312045
1.580048	0.256448
1.386089	0.207168
1.180757	0.123772
0.990272	0.032478
0.778622	-0.097027
0.588138	-0.187677
0.378383	-0.312124
0.189162	-0.367082
-0.018063	-0.421093
-0.214840	-0.429621
-0.421409	-0.470998
-0.612185	-0.477315
-0.827598	-0.540486
-1.007635	-0.549646
-1.228418	-0.602710
-1.411297	-0.597340
-1.622920	-0.616607
-1.816539	-0.618187
-2.031320	-0.678199
-2.215463	-0.686727
-2.424243	-0.745476
-2.610281	-0.743897
-2.830432	-0.785590
-3.013943	-0.780220
-3.229040	-0.836758
-3.416974	-0.866132
-3.627649	-0.909089
-3.814950	-0.923618
-4.024362	-0.935620
-4.212612	-0.942569
-4.432762	-1.033219
-4.617221	-1.044274
-4.823474	-1.069859
-5.010776	-1.062278
-5.221135	-1.063226
-5.416649	-1.112815
-5.625113	-1.182303
-5.814626	-1.222416
-6.027828	-1.248316
-6.218604	-1.192726
-6.428331	-1.175354
-6.620371	-1.202833
-6.825045	-1.266320
-7.024033	-1.318436
-7.232813	-1.365183
-7.416324	-1.348127
-7.624473	-1.364867
-7.819671	-1.398663
-8.027503	-1.460887
-8.223648	-1.500368
-8.432744	-1.531006
-8.616571	-1.523110
-8.829142	-1.553432
-9.017076	-1.591966
-9.230277	-1.645977
-9.418842	-1.628921
-9.628570	-1.612813
-9.821557	-1.564487
-10.026862	-1.638081
-9.816819	-1.688302
-9.636782	-1.741365
-9.420737	-1.738839
-9.235015	-1.640608
-9.017707	-1.514266
-8.826299	-1.463098
-8.617835	-1.432144
-8.436535	-1.439408
-8.220490	-1.420457
-8.029082	-1.388240
-7.815248	-1.374027
-7.633317	-1.381923
-7.415377	-1.420773
-7.234708	-1.427090
-7.012662	-1.409402
-6.823149	-1.332334
-6.620687	-1.253054
-6.428015	-1.230313
-6.216077	-1.230313
-6.023722	-1.202833
-5.826628	-1.144084
-5.627008	-1.081545
-5.420124	-1.067332
-5.221767	-1.072070
-5.016777	-1.062278
-4.825369	-1.043011
-4.616905	-0.985525
-4.424234	-0.905614
-4.216402	-0.887295
-4.025310	-0.868343
-3.817477	-0.885084
-3.619437	-0.888242
-3.420764	-0.823176
-3.227461	-0.792854
-3.016470	-0.779588
-2.826010	-0.772324
-2.615967	-0.801698
-2.420453	-0.773587
-2.211041	-0.707573
-2.022160	-0.654826
-1.813696	-0.606500
-1.625763	-0.591655
-1.414456	-0.579968
-1.219574	-0.534485
-1.018058	-0.522483
-0.820334	-0.495951
-0.611238	-0.484896
-0.427095	-0.474789
-0.211682	-0.442887
-0.024064	-0.408775
0.191057	-0.356343
0.376804	-0.262850
0.583715	-0.206628
0.780518	-0.071442
0.988377	0.017315
1.186127	0.120613
1.397145	0.209379
1.575310	0.275085
1.788539	0.312993
1.985342	0.345214
2.184672	0.303200
2.384633	0.364484
2.582384	0.383437
2.789927	0.417238
2.985150	0.431138
3.173108	0.406814
3.391391	0.394810
3.581876	0.434297
3.787208	0.456725
3.984958	0.487999
4.179550	0.469361
4.385513	0.450407
4.587686	0.444405
4.781962	0.477258
4.994243	0.538226
5.185992	0.562234
5.385953	0.537594
5.582440	0.517377
5.786824	0.473468
5.987418	0.516113
6.188959	0.567920
6.382918	0.560023
6.600570	0.571079
6.781578	0.530013
6.985646	0.503478
7.189083	0.585610
7.389044	0.579292
7.591218	0.611830
7.799077	0.588769
7.979136	0.544860
8.199315	0.557496
8.389800	0.612146
8.588498	0.612146
8.792566	0.657634
8.986210	0.576765
9.189015	0.576134
9.388029	0.569184
9.589254	0.600457
9.795534	0.656371
9.987598	0.673429
9.789847	0.610882
9.593677	0.606775
9.383923	0.564130
9.183013	0.593824
8.996003	0.624150
8.787512	0.614041
8.596080	0.587506
8.383799	0.578029
8.187311	0.572343
7.991140	0.603932
7.788020	0.593824
7.596272	0.602037
7.390308	0.556864
7.187187	0.543596
6.991333	0.562234
6.773049	0.558443
6.598359	0.555916
6.393975	0.559075
6.188643	0.502530
5.994051	0.514850
5.780190	0.498423
5.581808	0.520536
5.392903	0.554021
5.179358	0.534435
4.992348	0.502214
4.789543	0.526854
4.581052	0.469045
4.387409	0.493053
4.188711	0.476311
3.990960	0.452303
3.796685	0.440930
3.585983	0.437771
3.393602	0.411868
3.189850	0.443773
2.980727	0.396073
2.790559	0.404602
2.586174	0.370802
2.383054	0.366379
2.187199	0.343951
1.976181	0.339528
1.785696	0.292460
1.582260	0.276349
1.382298	0.197059
1.187391	0.126299
0.983006	0.016367
0.780202	-0.095447
0.585610	-0.195257
0.370802	-0.285592
0.191373	-0.351289
-0.016484	-0.374031
-0.220526	-0.458048
-0.416040	-0.487739
-0.620398	-0.531327
-0.824440	-0.548383
-1.008267	-0.548699
-1.218942	-0.587549
-1.413824	-0.605237
-1.618182	-0.615660
-1.822224	-0.676936
-2.018370	-0.659879
-2.223991	-0.706310
-2.416662	-0.741054
-2.615651	-0.821597
-2.828537	-0.853814
-3.020576	-0.871502
-3.223671	-0.818754
-3.432135	-0.833915
-3.613435	-0.824440
-3.822215	-0.884452
-4.018677	-0.901192
-4.226193	-0.947623
-4.423918	-0.950781
-4.618484	-1.029429
-4.819684	-1.052802
-5.024042	-1.146295
-5.210712	-1.165563
-5.425493	-1.176302
-5.621954	-1.140926
-5.826628	-1.172511
-6.022458	-1.193674
-6.223341	-1.244210
-6.421067	-1.246421
-6.629847	-1.264741
-6.819043	-1.254949
-7.028455	-1.321279
-7.224285	-1.402769
-7.422009	-1.473837
-7.625104	-1.458360
-7.819355	-1.449200
-8.028450	-1.384134
-8.228070	-1.421089
-8.423901	-1.427722
-8.626047	-1.482365
-8.821877	-1.494999
-9.029710	-1.513318
-9.225539	-1.560697
-9.429582	-1.671562
-9.632360	-1.716413
-9.823136	-1.778005
-10.017702	-1.721467
-9.827242	-1.656401
-9.624147	-1.592914
-9.424844	-1.605548
-9.222381	-1.553748
-9.018970	-1.546483
-8.816823	-1.454254
-8.627311	-1.420457
-8.424532	-1.404980
-8.232808	-1.479206
-8.027187	-1.508265
-7.831673	-1.494999
-7.619735	-1.384766
-7.427379	-1.349390
-7.224600	-1.291904
-7.029087	-1.323806
-6.816833	-1.283060
-6.627635	-1.253370
-6.418856	-1.179144
-6.224921	-1.163352
-6.011719	-1.167773
-5.830734	-1.241683
-5.615322	-1.212941
-5.429283	-1.174722
-5.217661	-1.057224
-5.019936	-1.013005
-4.817473	-0.983314
-4.622907	-0.995317
-4.422971	-0.958362
-4.222719	-0.934989
-4.019309	-0.873081
-3.823163	-0.883820
-3.619437	-0.869291
-3.426134	-0.892980
-3.221144	-0.858868
-3.021524	-0.816227
-2.816534	-0.755268
-2.622916	-0.738211
-2.419505	-0.695255
-2.219885	-0.730631
-2.018370	-0.669039
-1.821908	-0.645350
-1.618498	-0.598604
-1.420457	-0.597340
-1.209466	-0.568597
-1.026587	-0.581863
-0.812121	-0.503531
-0.627662	-0.491529
-0.412565	-0.425199
-0.223368	-0.425831
-0.009535	-0.387297
0.185687	-0.363608
0.391019	-0.287487
0.575818	-0.208207
0.794733	-0.077759
0.981427	0.009102
1.189602	0.139251
1.379455	0.181580
1.584787	0.266240
1.781274	0.322154
1.985974	0.366379
2.177406	0.366379
2.391583	0.371118
2.581436	0.337633
2.794349	0.397969
2.977569	0.416922
3.187639	0.447248
3.385073	0.444405
3.589458	0.415343
3.782154	0.403023
3.989697	0.469045
4.181129	0.484208
4.391831	0.512007
4.579157	0.501582
4.787016	0.462411
4.988557	0.453882
5.195153	0.523379
5.378372	0.533172
5.599498	0.569184
5.777031	0.522747
6.000053	0.489262
6.184536	0.482629
6.387973	0.558443
6.589829	0.585294
6.789475	0.603616
6.981224	0.556232
7.200455	0.520536
7.382411	0.523695
7.599115	0.598246
7.784861	0.608671
7.991140	0.631099
8.182889	0.570763
8.393591	0.549598
8.580285	0.568552
8.800148	0.630783
8.981788	0.653528
9.195017	0.659846
9.382975	0.595403
9.595572	0.566657
9.786373	0.592876
9.994864	0.645315
9.785741	0.654791
9.593045	0.633311
9.383290	0.576134
9.195649	0.546755
8.986210	0.579924
8.794778	0.628572
8.590394	0.642156
8.390116	0.627624
8.185416	0.560023
7.993984	0.545176
7.787072	0.566973
7.596588	0.599826
7.386833	0.590981
7.191926	0.566973
6.985962	0.526222
6.789159	0.524327
6.588250	0.531592
6.393343	0.572975
6.180746	0.569184
5.989629	0.544544
5.788404	0.509480
5.596024	0.491790
5.382794	0.502214
5.195153	0.540753
4.984135	0.508532
4.793018	0.495264
4.573471	0.466202
4.392779	0.440930
4.178918	0.473783
3.991592	0.488315
3.780258	0.470940
3.592932	0.436508
3.381598	0.402075
3.191430	0.395442
2.979148	0.397021
2.790243	0.394494
2.580804	0.395757
2.380843	0.353427
2.179617	0.339528
1.986605	0.316152
1.777799	0.304148
1.582260	0.278244
1.381666	0.221383
1.183284	0.116822
0.987429	0.032478
0.780834	-0.095763
0.577713	-0.205996
0.378699	-0.305175
0.184739	-0.379085
-0.011430	-0.402774
-0.223053	-0.432780
-0.415092	-0.468156
-0.615344	-0.480158
-0.815912	-0.520903
-1.017111	-0.526905
-1.212309	-0.559122
-1.418246	-0.602078
-1.613760	-0.633348
-1.830121	-0.682305
-2.016159	-0.720839
-2.224939	-0.711995
-2.413188	-0.744844
-2.621968	-0.742317
-2.816850	-0.771376
-3.025314	-0.818754
-3.217354	-0.836758
-3.431187	-0.862658
-3.613435	-0.909720
-3.815582	-0.937200
-4.023730	-1.039221
-4.230299	-1.057540
-4.420444	-1.089757
-4.631434	-1.088810
-4.807050	-1.061962
-5.022779	-1.075228
-5.219872	-1.115342
-5.421703	-1.113762
-5.623534	-1.157350
-5.824733	-1.131450
-6.021194	-1.170616
-6.224921	-1.238841
-6.419487	-1.284324
-6.628583	-1.323806
-6.819675	-1.343389
-7.024981	-1.278954
-7.225864	-1.319068
-7.413482	-1.342441
-7.623209	-1.412245
-7.827567	-1.426458
-8.021502	-1.425195
-8.228070	-1.441304
-8.423268	-1.511107
-8.614676	-1.571120
-8.824404	-1.635554
-9.024024	-1.642819
-9.227434	-1.603653
-9.432108	-1.526584
-9.624147	-1.510476
-9.831033	-1.592282
-10.014544	-1.637133
-9.831980	-1.620709
-9.633623	-1.600178
-9.437794	-1.530375
-9.221749	-1.563539
-9.030972	-1.610286
-8.813664	-1.602074
-8.628574	-1.573647
-8.416320	-1.483944
-8.226807	-1.396768
-8.035084	-1.440356
-7.816512	-1.412877
-7.626683	-1.425827
-7.422326	-1.380659
-7.224285	-1.305802
-7.033824	-1.299485
-6.819675	-1.352864
-6.621634	-1.343389
-6.427383	-1.377817
-6.211971	-1.271374
-6.022142	-1.193989
-5.819995	-1.084072
-5.619112	-1.078387
-5.420124	-1.067648
-5.225557	-1.041748
-5.020252	-0.989632
-4.821263	-0.976050
-4.628592	-0.960889
-4.428340	-0.999423
-4.223035	-1.002266
-4.016466	-0.979208
-3.822531	-0.914142
-3.612172	-0.865501
-3.426765	-0.844338
-3.226829	-0.862342
-3.016470	-0.826651
-2.825063	-0.805804
-2.620389	-0.738527
-2.414451	-0.717997
-2.226202	-0.710732
-2.007947	-0.707889
-1.822856	-0.685779
-1.617550	-0.652299
-1.409402	-0.563860
-1.223680	-0.545224
-1.012689	-0.509217
-0.818438	-0.508585
-0.625451	-0.474473
-0.411302	-0.439729
-0.219262	-0.392351
-0.016168	-0.397720
0.191373	-0.342446
0.377120	-0.311492
0.587506	-0.202206
0.788099	-0.095763
0.982059	0.032478
1.187391	0.123772
1.382930	0.219172
1.579732	0.238126
1.787591	0.312045
1.977760	0.330367
2.189094	0.377435
2.387161	0.374908
2.588701	0.391019
2.795297	0.356902
2.990520	0.391967
3.191114	0.405234
3.394234	0.463675
3.588510	0.449775
3.788471	0.439983
3.991908	0.428611
4.186183	0.443142
4.387724	0.486419
4.579789	0.519272
4.788911	0.499371
4.992032	0.501266
5.188203	0.461148
5.385953	0.512639
5.584967	0.540437
5.783665	0.571711
5.996263	0.545492
6.186431	0.526854
6.393027	0.485156
6.596779	0.555284
6.781578	0.570132
6.993228	0.603301
7.189083	0.571079
7.392203	0.532856
7.591218	0.501898
7.791179	0.578029
7.988929	0.598562
8.188575	0.654160
8.386009	0.595719
8.597028	0.568868
8.785617	0.549598
8.997267	0.615936
9.183329	0.623518
9.391188	0.657950
9.585779	0.599510
9.795218	0.575186
9.980017	0.562234
9.795850	0.634890
9.585464	0.658582
9.389924	0.651948
9.183329	0.597930
8.994424	0.555284
8.785301	0.532856
8.595448	0.632047
8.383166	0.625413
8.190154	0.640576
7.980716	0.590033
7.794338	0.529065
7.585531	0.523063
7.393783	0.594455
7.187187	0.588769
6.990701	0.610250
6.784737	0.538858
6.595200	0.503162
6.388920	0.521484
6.192750	0.570132
5.992156	0.562234
5.779874	0.562866
5.583704	0.486419
5.386901	0.490842
5.185676	0.483892
4.986346	0.533488
4.785437	0.523695
4.588634	0.513902
4.381407	0.441562
4.189026	0.459568
3.984958	0.425136
3.802055	0.486419
3.577453	0.455146
3.392023	0.448828
3.185112	0.395442
2.984518	0.380594
2.780766	0.375224
2.589333	0.404918
2.374840	0.369222
2.188462	0.368275
1.978076	0.300673
1.789803	0.302568
1.579417	0.253920
1.388300	0.217277
1.182020	0.124403
0.985850	0.030267
0.778306	-0.096711
0.590349	-0.184834
0.370486	-0.308333
0.192005	-0.356027
-0.019642	-0.400563
-0.213893	-0.437834
-0.420462	-0.469103
-0.603973	-0.497530
-0.820649	-0.540486
-1.005740	-0.548383
-1.217679	-0.603341
-1.415088	-0.600183
-1.624815	-0.618818
-1.812433	-0.650088
-2.025635	-0.696203
-2.213252	-0.722734
-2.424875	-0.788116
-2.613756	-0.796960
-2.833906	-0.836442
-3.013312	-0.832652
-3.225566	-0.877503
-3.423607	-0.881609
-3.622911	-0.906878
-3.815266	-0.897086
-4.029732	-0.939727
-4.211664	-0.979840
-4.433078	-1.043643
-4.614378	-1.056277
-4.823158	-1.070806
-5.015198	-1.050591
-5.226189	-1.065753
-5.414754	-1.103655
-5.629535	-1.140610
-5.814310	-1.149770
-6.024037	-1.178828
-6.210076	-1.147875
-6.431490	-1.153876
-6.621634	-1.243579
-6.827887	-1.312435
-7.027823	-1.382239
-7.235340	-1.396452
-7.418535	-1.381923
-7.625736	-1.398347
-7.820618	-1.432775
-8.028134	-1.484892
-8.228703	-1.523110
-8.428322	-1.528164
-8.618151	-1.539534
-8.828826	-1.622920
-9.021181	-1.698093
-9.229329	-1.747051
-9.417579	-1.733153
-9.633939	-1.650083
-9.820609	-1.604600
-10.024335	-1.658296
-9.820609	-1.694935
-9.634255	-1.693671
-9.429582	-1.678826
-9.227434	-1.615339
-9.022760	-1.552168
-8.828194	-1.533849
-8.620994	-1.521215
-8.430218	-1.532270
-8.219858	-1.488998
-8.032241	-1.453622
-7.823777	-1.425195
-7.627315	-1.404664
-7.416956	-1.410034
-7.232813	-1.390451
-7.020243	-1.337072
-6.830098	-1.295379
-6.620371	-1.268215
-6.427383	-1.282113
-6.219867	-1.295695
-6.025301	-1.250843
-5.823786	-1.195885
-5.632062	-1.088178
-5.417597	-1.044906
-5.225241	-1.030377
-5.012039	-1.041748
-4.821263	-1.012689
-4.622591	-0.988052
-4.419496	-0.936568
-4.217665	-0.975418
-4.027205	-0.959625
-3.822215	-0.964679
-3.619437	-0.912563
-3.423291	-0.852235
-3.226514	-0.802962
-3.016470	-0.787800
-2.820009	-0.761585
-2.621020	-0.755899
-2.428349	-0.714206
-2.220201	-0.667776
-2.022160	-0.645666
-1.817486	-0.639349
-1.621657	-0.656405
-1.411929	-0.640928
-1.218310	-0.593234
-1.012057	-0.553436
-0.821913	-0.484264
-0.618502	-0.461523
-0.412565	-0.458996
-0.217683	-0.420146
-0.017115	-0.387929
0.191689	-0.351289
0.386281	-0.282117
0.580240	-0.216735
0.783677	-0.085024
0.986165	0.019526
1.181073	0.124719
1.391775	0.220120
1.576573	0.270663
1.787591	0.293407
1.981867	0.335421
2.176774	0.320890
2.390319	0.395442
2.582068	0.390387
2.785504	0.411552
2.986098	0.390387
3.182900	0.382806
3.389180	0.404287
3.584403	0.461148
3.782470	0.463359
3.994435	0.488315
4.183656	0.440299
4.384881	0.445037
4.588950	0.480733
4.786384	0.525590
4.994243	0.533804
5.190414	0.544228
5.383426	0.484524
5.590337	0.505689
5.786192	0.513902
5.994051	0.562866
6.191486	0.562234
6.389868	0.540437
6.597095	0.512323
6.786001	0.522115
6.987226	0.545808
7.187187	0.619095
7.388097	0.602669
7.580793	0.585926
7.794338	0.522431
7.983559	0.533172
8.192366	0.591296
8.385694	0.644683
8.589446	0.617200
8.797305	0.629204
8.982103	0.544544
9.190910	0.571079
9.389608	0.611198
9.587043	0.660793
9.793007	0.645946
9.989178	0.636785
9.785110	0.539174
9.599047	0.597614
9.374762	0.613725
9.184277	0.646262
8.990001	0.617832
8.787512	0.579924
8.592289	0.518009
8.387273	0.566025
8.183205	0.600142
7.993668	0.638997
7.786757	0.608671
7.596903	0.580872
7.382727	0.507900
7.189083	0.538226
6.986594	0.579292
6.786948	0.584347
6.591725	0.557496
6.396818	0.524327
6.180746	0.479786
5.989629	0.520536
5.786192	0.544228
5.582440	0.557180
5.388165	0.541701
5.185360	0.492105
4.988557	0.454514
4.791439	0.511375
4.581368	0.513586
4.387093	0.521800
4.182709	0.479154
3.993487	0.420397
3.790051	0.400496
3.588510	0.435244
3.385389	0.430822
3.196800	0.457357
2.975673	0.401759
2.796876	0.373961
2.584595	0.345530
2.388740	0.370170
2.184040	0.354059
1.980603	0.356271
1.780958	0.286774
1.588893	0.263397
1.377244	0.185055
1.190234	0.131353
0.978900	0.018263
0.789679	-0.085340
0.582767	-0.207260
0.379647	-0.288119
0.185055	-0.378137
-0.013641	-0.394246
-0.226527	-0.455206
-0.409407	-0.488370
-0.626399	-0.501005
-0.816859	-0.529431
-1.017111	-0.546803
-1.215783	-0.561649
-1.419510	-0.599551
-1.613760	-0.595761
-1.825383	-0.641244
-2.014264	-0.659879
-2.224307	-0.687990
-2.418242	-0.745160
-2.619441	-0.796960
-2.818429	-0.825387
-3.018997	-0.854130
-3.219565	-0.832336
-3.435293	-0.888242
-3.613435	-0.900561
-3.824110	-0.926461
-4.013939	-0.944148
-4.227773	-0.957730
-4.420760	-0.977313
-4.624486	-1.055645
-4.814946	-1.065753
-5.027200	-1.126397
-5.211344	-1.098917
-5.427704	-1.090705
-5.614690	-1.114078
-5.830734	-1.194937
-6.014562	-1.217679
-6.224605	-1.258424
-6.412854	-1.245158
-6.629530	-1.268215
-6.819359	-1.254002
-7.032245	-1.338651
-7.221442	-1.410982
-7.429906	-1.458676
-7.617839	-1.446673
-7.826619	-1.449200
-8.023396	-1.418878
-8.233756	-1.487734
-8.419794	-1.503527
-8.628574	-1.525637
-8.821877	-1.525005
-9.029078	-1.525005
-9.225224	-1.617235
-9.423896	-1.720835
-9.617199	-1.754947
-9.830716	-1.769161
-10.015807	-1.693671
-9.826295	-1.575226
-9.626042	-1.546799
-9.428949	-1.526900
-9.221749	-1.530059
-9.026551	-1.526584
-8.823457	-1.478259
-8.631101	-1.502895
-8.422321	-1.518056
-8.231544	-1.546167
-8.021502	-1.535744
-7.825040	-1.481417
-7.618471	-1.422036
-7.427379	-1.376869
-7.224916	-1.342441
-7.031298	-1.367394
-6.812410	-1.303591
-6.632689	-1.248316
-6.420119	-1.199043
-6.227764	-1.197780
-6.012351	-1.208835
-5.833261	-1.222100
-5.614690	-1.178197
-5.434968	-1.147243
-5.211028	-1.037326
-5.028148	-1.010162
-4.815578	-1.000055
-4.623538	-0.968469
-4.425181	-0.962784
-4.227773	-0.933094
-4.014886	-0.891401
-3.828217	-0.915406
-3.608382	-0.890769
-3.420764	-0.898034
-3.217354	-0.878767
-3.019313	-0.791591
-2.816850	-0.757478
-2.626074	-0.738211
-2.405292	-0.728736
-2.230624	-0.713891
-2.015211	-0.666512
-1.824751	-0.617555
-1.618182	-0.601446
-1.414140	-0.588812
-1.217363	-0.580600
-1.018374	-0.567966
-0.817807	-0.515534
-0.625451	-0.473209
-0.413829	-0.426463
-0.223368	-0.407512
-0.010482	-0.380348
0.191057	-0.340235
0.382174	-0.275484
0.587506	-0.198416
0.799471	-0.088498
0.976057	0.015104
1.195604	0.126615
1.377875	0.189162
1.590473	0.263397
1.782537	0.326576
1.982499	0.333842
2.182776	0.344898
2.391899	0.354375
2.579541	0.368590
2.799404	0.411868
2.973462	0.425452
3.191430	0.411236
3.382546	0.418818
3.589142	0.391335
3.788787	0.450407
3.985274	0.465570
4.176707	0.502846
4.390568	0.477890
4.578209	0.480417
4.795545	0.453882
4.990452	0.504741
5.186624	0.525906
5.383742	0.546439
5.585915	0.518009
5.780190	0.508532
5.994367	0.502214
6.183273	0.556232
6.395870	0.554969
6.599307	0.577081
6.790423	0.540753
6.993228	0.511059
7.192873	0.527802
7.390940	0.588138
7.595008	0.603301
7.786757	0.612146
7.991140	0.573606
8.183205	0.544228
8.387905	0.550230
8.589130	0.614041
8.792883	0.640260
8.986842	0.645315
9.192174	0.585610
9.383923	0.576449
9.592097	0.585610
9.783846	0.645946
9.993916	0.640260
9.791111	0.639944
9.588939	0.569816
9.391504	0.553073
9.183645	0.569816
8.989685	0.645630
8.795726	0.628888
8.586287	0.642156
8.386326	0.556548
8.190786	0.533804
7.985138	0.559075
7.792442	0.626045
7.585531	0.607091
7.390308	0.615936
7.189399	0.517377
6.985331	0.526538
6.782842	0.528117
6.592673	0.587506
6.387657	0.565709
6.191170	0.566025
5.990892	0.491474
5.788720	0.501898
5.583072	0.509796
5.385637	0.552757
5.185044	0.527486
4.991716	0.507900
4.788596	0.440299
4.586422	0.451671
4.383302	0.474415
4.186499	0.513586
3.988117	0.481049
3.786892	0.467466
3.584403	0.397653
3.382862	0.399232
3.186691	0.414395
2.983571	0.433981
2.778239	0.404918
2.593756	0.396073
2.391267	0.317100
2.184988	0.344267
1.979972	0.321522
1.782537	0.328472
1.580680	0.266240
1.389248	0.216329
1.178861	0.101975
0.989324	0.039744
0.778306	-0.110292
0.590033	-0.189888
0.379647	-0.311492
0.188846	-0.346868
-0.021537	-0.410670
-0.211050	-0.419830
-0.421409	-0.478895
-0.604921	-0.484580
-0.820334	-0.528800
-1.018690	-0.513639
-1.220837	-0.569861
-1.416351	-0.574599
-1.621657	-0.624188
