# Configuration automatically generated by WRITE_CONFIG()
connection eth
ip 192.168.0.10
samplehz 1000.000000
settleus 10.000000
nsample 128

# Analog Inputs
aichannel 0
ainegative 199
airange 10.000000
airesolution 0

aichannel 1
ainegative 199
airange 10.000000
airesolution 0

# Analog Outputs
aochannel 0
aosignal triangle
aofrequency 5.000000
aoamplitude 2.000000
aooffset 2.500000
aoduty 0.500000

# Meta Parameters
int:periods 10
flt:plate_Thigh_C 431.634022
flt:plate_Tlow_C 238.429462
flt:plate_Q_kW 1.181160
flt:plate_Tpeak_C 1331.192812
flt:cool_Thigh_C 83.442949
flt:cool_Tlow_C 21.932501
flt:air_psig 80.000000
flt:water_gph 1.200000
flt:cool_Q_kW 0.000000
flt:standoff_in 0.288000
flt:oxygen_scfh 14.668312
flt:fuel_scfh 10.288969
flt:flow_scfh 24.957281
flt:ratio_fto 0.701442

## End Configuration ##
#: Mon Oct  3 16:12:12 2016
-7.620366	-1.241999
-10.025283	-1.508265
-9.817135	-1.481101
-9.636466	-1.542693
-9.426739	-1.586913
-9.226803	-1.645977
-9.030657	-1.592598
-8.826299	-1.525321
-8.624784	-1.415403
-8.423901	-1.341809
-8.224280	-1.238841
-8.027819	-1.210730
-7.819671	-1.158930
-7.620682	-1.198411
-7.421062	-1.195569
-7.234076	-1.294431
-7.027507	-1.336440
-6.827571	-1.361076
-6.625109	-1.281797
-6.424857	-1.241052
-6.221447	-1.119764
-6.012667	-1.110920
-5.822838	-1.025955
-5.624797	-0.982999
-5.424861	-0.937516
-5.220188	-0.921407
-5.019304	-0.929303
-4.818737	-1.001634
-4.624486	-0.974471
-4.421707	-0.976366
-4.224298	-0.900561
-4.014886	-0.849708
-3.825058	-0.811174
-3.614067	-0.788432
-3.428344	-0.748003
-3.221460	-0.748003
-3.023419	-0.712627
-2.817482	-0.749266
-2.624495	-0.742633
-2.407503	-0.771060
-2.228729	-0.716417
-2.017107	-0.687359
-1.826962	-0.611554
-1.615655	-0.576494
-1.425511	-0.530063
-1.220521	-0.526589
-1.014900	-0.465313
-0.816859	-0.435939
-0.621029	-0.401510
-0.415724	-0.382243
-0.221157	-0.391719
-0.008587	-0.373399
0.179369	-0.351289
0.382806	-0.296331
0.577397	-0.203154
0.790626	-0.104923
0.980163	0.001204
1.186127	0.140198
1.383562	0.243180
1.590157	0.342371
1.773692	0.391335
1.990080	0.452303
2.176774	0.488631
2.390319	0.528749
2.581752	0.542965
2.791190	0.576449
2.982307	0.554969
3.192061	0.575502
3.376860	0.583715
3.594196	0.639313
3.778363	0.681958
3.998542	0.691119
4.179865	0.689540
4.394358	0.691435
4.585475	0.685433
4.793018	0.747980
4.982239	0.753351
5.195468	0.770409
5.379951	0.759984
5.582440	0.731870
5.779243	0.745453
5.988681	0.802630
6.190222	0.834220
6.391448	0.870864
6.589829	0.860439
6.793582	0.847172
6.986910	0.818741
7.193821	0.856648
7.388412	0.855701
7.594060	0.876550
7.793074	0.864862
7.981032	0.845908
8.178782	0.840854
8.394539	0.892976
8.578390	0.898663
8.801727	0.976689
8.991581	0.960262
9.188067	0.946363
9.390556	0.936254
9.587043	0.920459
9.793638	0.922986
9.986966	0.970371
9.785110	0.919196
9.590518	0.958367
9.388345	0.947942
9.183013	0.950785
8.999794	0.918564
8.786880	0.931200
8.596711	0.927725
8.391696	0.929936
8.183205	0.896451
7.993036	0.902769
7.790547	0.820636
7.588374	0.838958
7.392203	0.820952
7.183081	0.855701
6.993228	0.880972
6.782842	0.885079
6.592357	0.822216
6.393975	0.820320
6.187379	0.782097
5.989313	0.820005
5.789351	0.804526
5.583072	0.796944
5.397009	0.759669
5.187255	0.686697
4.999613	0.671534
4.790491	0.723025
4.585475	0.723972
4.386461	0.749876
4.183341	0.710389
3.991908	0.660793
3.785628	0.637733
3.587562	0.630783
3.394234	0.646262
3.176898	0.637417
2.986729	0.587822
2.785820	0.532856
2.591545	0.492737
2.384633	0.485788
2.185935	0.501582
1.976181	0.451671
1.786644	0.430190
1.572151	0.341739
1.384825	0.244444
1.176334	0.144937
0.979848	0.021422
0.779570	-0.117557
0.582451	-0.212313
0.378383	-0.298226
0.194532	-0.310860
-0.019958	-0.359186
-0.203154	-0.376874
-0.419830	-0.404037
-0.610606	-0.453311
-0.824124	-0.541750
-1.015216	-0.564491
-1.218626	-0.603973
-1.412561	-0.558490
-1.625447	-0.571756
-1.815591	-0.577441
-2.027845	-0.605868
-2.210409	-0.634927
-2.420768	-0.649772
-2.617862	-0.658300
-2.822536	-0.691781
-3.019629	-0.756215
-3.222407	-0.875292
-3.408130	-0.926461
-3.625754	-0.949202
-3.815898	-0.924881
-4.024678	-0.886979
-4.226193	-0.881293
-4.418865	-0.884768
-4.632698	-0.883820
-4.818737	-0.910036
-5.016146	-0.905930
-5.225557	-0.979524
-5.412543	-1.037957
-5.624166	-1.139663
-5.827576	-1.176618
-6.018668	-1.161141
-6.226816	-1.114394
-6.423277	-1.128608
-6.615001	-1.091653
-6.830414	-1.134609
-7.017716	-1.128608
-7.233760	-1.175986
-7.422326	-1.225575
-7.618787	-1.320647
-7.828515	-1.403401
-8.018974	-1.445094
-8.227755	-1.411929
-8.432428	-1.449832
-8.618466	-1.419194
-8.830090	-1.458044
-9.012338	-1.450148
-9.217643	-1.458676
-9.438741	-1.469415
-9.620989	-1.496894
-9.829769	-1.538271
-10.022124	-1.625447
-9.820609	-1.628921
-9.631728	-1.629553
-9.430529	-1.541430
-9.223644	-1.468151
-9.029078	-1.416983
-8.816823	-1.361708
-8.622257	-1.344652
-8.427059	-1.307697
-8.224280	-1.235682
-8.030977	-1.226838
-7.824409	-1.262530
-7.621314	-1.320331
-7.422641	-1.373395
-7.223022	-1.319068
-7.034140	-1.272953
-6.817464	-1.176933
-6.626688	-1.119764
-6.418224	-1.082493
-6.226816	-1.032904
-6.010140	-0.995633
-5.823154	-1.007635
-5.616269	-1.001950
-5.434021	-1.085335
-5.207237	-1.100181
-5.026253	-1.111867
-4.814946	-1.091337
-4.627328	-1.023428
-4.415074	-0.960257
-4.223351	-0.922355
-4.018045	-0.852551
-3.824426	-0.842128
-3.608382	-0.778641
-3.432135	-0.765059
-3.217038	-0.758426
-3.015839	-0.771376
-2.816850	-0.804857
-2.618809	-0.778009
-2.416662	-0.711680
-2.224939	-0.684516
-2.014580	-0.605237
-1.824119	-0.588812
-1.615024	-0.536064
-1.420773	-0.517429
-1.211993	-0.491845
-1.016163	-0.480474
-0.825071	-0.479526
-0.616291	-0.492792
-0.422357	-0.461523
-0.220526	-0.461207
-0.011114	-0.393614
0.184108	-0.347815
0.382174	-0.285908
0.578661	-0.220526
0.781465	-0.097974
0.983638	0.014788
1.182652	0.150623
1.386721	0.239389
1.586682	0.349637
1.777483	0.383437
1.987237	0.447880
2.182776	0.479786
2.382106	0.535383
2.592808	0.545808
2.781713	0.563182
2.985782	0.551178
3.187955	0.607723
3.376860	0.600773
3.591353	0.675325
3.782470	0.685433
3.987801	0.696174
4.192817	0.690803
4.381407	0.693962
4.594004	0.687960
4.784173	0.737872
4.985714	0.721129
5.192941	0.743242
5.388165	0.752087
5.585283	0.786204
5.787772	0.786836
5.985838	0.805473
6.196224	0.847172
6.389552	0.848435
6.595832	0.844013
6.791371	0.865493
6.987226	0.822216
7.184660	0.816530
7.392203	0.841170
7.585531	0.856648
7.797181	0.928041
7.976294	0.931200
8.187943	0.915405
8.384114	0.904665
8.595448	0.909087
8.783090	0.919512
8.997582	0.957103
9.178591	0.946679
9.394031	0.947626
9.580093	0.886658
9.797429	0.880025
9.987282	0.942256
9.793638	0.979848
9.580409	0.984902
9.392767	0.972266
9.182065	0.910982
8.997898	0.898347
8.783090	0.875286
8.598607	0.931200
8.385062	0.930252
8.188891	0.901506
7.983559	0.861071
7.793706	0.804526
7.581109	0.819373
7.397890	0.905928
7.179606	0.883815
6.996703	0.908455
6.782842	0.876866
6.595516	0.815582
6.388288	0.809580
6.192118	0.833904
5.988050	0.812107
5.791247	0.804842
5.587494	0.731554
5.390692	0.725552
5.182833	0.710073
4.997402	0.732818
4.786384	0.750508
4.590845	0.753667
4.381407	0.702492
4.184288	0.688276
3.988433	0.641208
3.789103	0.654160
3.582508	0.625729
3.384757	0.623518
3.184796	0.579924
2.982623	0.595403
2.789611	0.554021
2.582700	0.548967
2.388740	0.506005
2.182145	0.513902
1.980919	0.439351
1.785380	0.420713
1.578785	0.331631
1.385457	0.253605
1.182652	0.118717
0.981111	0.016367
0.786836	-0.121663
0.574554	-0.201574
0.379015	-0.278327
0.189794	-0.298226
-0.022801	-0.361713
-0.209471	-0.398668
-0.415408	-0.481422
-0.617871	-0.497846
-0.810226	-0.532590
-1.022480	-0.521219
-1.212941	-0.545540
-1.415719	-0.536696
-1.622288	-0.571756
-1.822540	-0.591971
-2.021213	-0.623556
-2.223359	-0.650404
-2.411293	-0.700309
-2.627337	-0.767902
-2.814323	-0.818438
-3.022471	-0.827914
-3.225566	-0.834547
-3.425186	-0.796644
-3.610909	-0.784642
-3.822531	-0.769797
-4.015518	-0.768533
-4.229983	-0.798224
-4.416654	-0.826019
-4.627960	-0.874660
-4.818420	-0.943517
-5.022147	-1.039221
-5.220503	-1.104918
-5.432758	-1.123554
-5.617217	-1.102392
-5.837368	-1.093864
-6.014246	-1.061331
-6.231870	-1.070806
-6.419487	-1.089757
-6.626056	-1.122606
-6.817148	-1.180092
-7.027507	-1.264425
-7.222705	-1.364867
-7.428327	-1.464045
-7.613733	-1.462150
-7.836411	-1.464361
-8.019922	-1.411929
-8.230597	-1.395820
-8.426111	-1.375290
-8.626995	-1.363919
-8.816823	-1.328859
-9.034131	-1.343073
-9.216063	-1.364551
-9.441584	-1.477627
-9.626675	-1.586913
-9.823136	-1.723678
-10.019598	-1.757474
-9.827874	-1.680721
-9.625727	-1.559117
-9.434635	-1.492788
-9.222381	-1.428985
-9.030025	-1.405296
-8.821561	-1.325069
-8.626678	-1.312119
-8.430533	-1.308013
-8.229965	-1.407191
-8.019607	-1.471941
-7.823777	-1.506370
-7.616260	-1.383502
-7.425168	-1.310856
-7.224916	-1.184514
-7.026244	-1.132398
-6.822518	-1.085967
-6.630478	-1.095127
-6.420751	-1.051855
-6.229027	-1.046485
-6.018352	-0.995949
-5.826313	-1.103023
-5.615322	-1.127660
-5.427704	-1.175038
-5.219872	-1.097654
-5.024042	-1.039221
-4.815578	-0.933409
-4.627645	-0.920459
-4.421391	-0.805804
-4.223351	-0.799171
-4.016782	-0.778641
-3.820004	-0.817491
-3.620384	-0.834547
-3.425186	-0.882557
-3.221776	-0.870554
-3.025314	-0.858552
-2.815903	-0.775166
-2.619125	-0.744213
-2.414767	-0.691149
-2.226834	-0.664617
-2.023108	-0.606500
-1.823803	-0.576178
-1.619446	-0.540802
-1.418246	-0.550594
-1.212625	-0.529116
-1.019006	-0.562280
-0.823176	-0.514902
-0.621029	-0.476052
-0.419198	-0.416671
-0.215472	-0.370557
-0.017115	-0.346868
0.190426	-0.326653
0.375856	-0.267272
0.583083	-0.211366
0.780518	-0.100817
0.986481	0.031214
1.178861	0.139882
1.393038	0.263397
1.584471	0.336053
1.796121	0.396705
1.977760	0.442194
2.191621	0.475047
2.378000	0.492737
2.593756	0.547071
2.778871	0.570447
2.987361	0.597930
3.180689	0.600142
3.393286	0.632995
3.578717	0.658582
3.791946	0.677852
3.980536	0.694910
4.193133	0.683854
4.381407	0.666795
4.587370	0.662057
4.784805	0.697437
4.995191	0.754298
5.188203	0.776727
5.387217	0.788415
5.581808	0.787783
5.795669	0.773884
5.991209	0.778622
6.186431	0.816846
6.390500	0.837695
6.602149	0.851278
6.787264	0.809264
6.997018	0.786520
7.185292	0.811791
7.393783	0.891713
7.585215	0.914141
7.790547	0.937833
7.982612	0.911930
8.189838	0.876234
8.381903	0.859807
8.603029	0.911930
8.787196	0.921091
8.998530	0.951417
9.182065	0.904349
9.387713	0.885711
9.587991	0.885079
9.793007	0.953944
9.987282	0.964369
9.799641	1.007646
9.578197	0.961526
9.394979	0.944151
9.181118	0.894556
8.993476	0.910351
8.788775	0.901506
8.595764	0.918248
8.387273	0.871180
8.191102	0.883184
7.980716	0.863914
7.787704	0.897715
7.587427	0.885079
7.389676	0.927409
7.190346	0.887290
6.988805	0.865178
6.793582	0.833272
6.598990	0.821584
6.386709	0.776411
6.193065	0.809264
5.986470	0.762196
5.783981	0.796628
5.586863	0.795997
5.379319	0.772304
5.191678	0.743874
4.980976	0.751771
4.789543	0.710705
4.586422	0.735661
4.391515	0.701544
4.181129	0.708809
3.990960	0.642787
3.781522	0.605828
3.592932	0.607407
3.378755	0.620043
3.186059	0.609618
2.983571	0.615305
2.791822	0.560339
2.581752	0.539490
2.388108	0.515482
2.177722	0.471888
1.992292	0.470940
1.778115	0.405866
1.591421	0.319627
1.386089	0.243180
1.187075	0.105134
0.983954	0.006575
0.789047	-0.105555
0.577713	-0.210102
0.382490	-0.266640
0.180001	-0.340550
-0.012693	-0.393298
-0.218631	-0.419198
-0.416356	-0.459943
-0.619766	-0.461839
-0.815596	-0.474789
-1.018374	-0.499109
-1.212941	-0.507006
-1.425511	-0.538907
-1.613444	-0.559122
-1.823488	-0.615976
-2.018370	-0.673461
-2.220833	-0.735369
-2.416662	-0.763164
-2.616914	-0.788432
-2.823483	-0.771376
-3.024051	-0.778641
-3.215775	-0.762532
-3.434346	-0.788116
-3.613751	-0.781483
-3.825690	-0.774535
-4.020256	-0.790959
-4.220508	-0.825071
-4.424550	-0.907825
-4.617221	-1.051223
-4.809577	-1.056909
-5.024358	-1.093548
-5.211344	-1.030061
-5.428020	-0.988684
-5.622271	-0.974786
-5.824417	-1.016479
-6.024353	-1.043643
-6.219235	-1.083756
-6.421067	-1.074596
-6.632057	-1.149770
-6.812726	-1.239473
-7.034772	-1.396136
-7.221126	-1.454254
-7.425168	-1.436882
-7.627947	-1.382870
-7.822829	-1.327280
-8.025291	-1.269163
-8.231861	-1.328544
-8.420742	-1.324121
-8.628890	-1.369920
-8.819350	-1.386977
-9.033500	-1.471310
-9.224591	-1.560065
-9.428318	-1.631132
-9.638361	-1.645030
-9.822504	-1.606495
-10.025914	-1.528164
-9.828821	-1.502264
-9.626359	-1.426143
-9.425159	-1.392346
-9.229329	-1.358865
-9.021181	-1.330439
-8.830721	-1.349706
-8.614992	-1.408455
-8.429270	-1.448568
-8.229965	-1.521531
-8.021817	-1.470046
-7.823145	-1.438777
-7.623525	-1.343704
-7.415692	-1.274217
-7.236287	-1.223680
-7.016452	-1.153244
-6.835152	-1.131450
-6.618160	-1.164299
-6.420119	-1.193674
-6.223658	-1.257792
-6.023722	-1.241052
-5.820943	-1.211046
-5.633009	-1.156403
-5.410016	-1.078387
-5.227452	-1.014900
-5.018988	-0.980472
-4.814314	-0.898981
-4.623538	-0.874029
-4.425181	-0.816859
-4.217033	-0.824440
-4.026889	-0.892980
-3.814003	-0.913195
-3.618489	-0.945096
-3.414763	-0.910984
-3.231883	-0.839285
-3.018365	-0.795381
-2.821588	-0.743897
-2.618494	-0.709469
-2.416978	-0.677883
-2.224307	-0.626715
-2.026582	-0.618502
-1.811169	-0.608079
-1.617550	-0.625767
-1.416983	-0.627346
-1.218310	-0.590076
-1.013636	-0.542066
-0.822229	-0.497530
-0.620398	-0.433412
-0.423304	-0.418251
-0.209155	-0.354448
-0.022801	-0.350026
0.192953	-0.320336
0.376488	-0.284012
0.586874	-0.207892
0.780518	-0.119452
0.979532	0.039428
1.184864	0.131669
1.393354	0.268452
1.581944	0.312045
1.791698	0.374592
1.979972	0.417870
2.189410	0.484208
2.384633	0.521484
2.585227	0.572975
2.784241	0.570447
2.985150	0.596667
3.176898	0.574238
3.394550	0.623518
3.583456	0.649737
3.791946	0.666480
3.984642	0.666164
4.187763	0.646262
4.386145	0.649105
4.582948	0.719234
4.783541	0.736292
4.996455	0.773884
5.181569	0.786520
5.384690	0.765355
5.585283	0.756826
5.784297	0.776095
5.994367	0.810844
6.187063	0.825375
6.392079	0.801051
6.593936	0.808001
6.783789	0.801999
6.986278	0.833904
7.195401	0.867389
7.384938	0.886343
7.598483	0.909087
7.779491	0.876234
7.992720	0.872759
8.183520	0.877813
8.388221	0.855069
8.590394	0.905296
8.797936	0.882236
8.986210	0.897083
9.196913	0.949838
9.375710	0.949206
9.599995	0.942888
9.786057	0.982691
9.991388	0.967528
9.792059	0.980163
9.587043	0.964685
9.385186	0.942572
9.193122	0.912878
8.981156	0.868337
8.802991	0.873707
8.583444	0.909087
8.386642	0.918564
8.189838	0.950153
7.980084	0.894556
7.799708	0.870548
7.595956	0.850331
7.384938	0.860123
7.196348	0.887606
6.981540	0.874339
6.789159	0.832956
6.589829	0.790942
6.389868	0.758405
6.188643	0.792838
5.988997	0.831377
5.786824	0.814318
5.588442	0.830745
5.379004	0.761564
5.195468	0.718602
4.981923	0.718918
4.790807	0.727763
4.577578	0.720182
4.386145	0.721129
4.181129	0.644999
3.991908	0.644683
3.782470	0.610250
3.590089	0.647210
3.381283	0.636154
3.188902	0.637417
2.976305	0.604248
2.794349	0.578345
2.580488	0.514218
2.386845	0.528433
2.178986	0.468729
1.988501	0.465570
1.773692	0.391019
1.586998	0.343635
1.386405	0.243180
1.184864	0.135460
0.986165	-0.007008
0.782097	-0.102712
0.580556	-0.243899
0.384385	-0.297278
0.179053	-0.376558
-0.010167	-0.391719
-0.220526	-0.409091
-0.416987	-0.421093
-0.621661	-0.458996
-0.819386	-0.458048
-1.014584	-0.500373
-1.214836	-0.486475
-1.419194	-0.523430
-1.616287	-0.553121
-1.821908	-0.631453
-2.023739	-0.680410
-2.216411	-0.715786
-2.419505	-0.708205
-2.609650	-0.711995
-2.826326	-0.688306
-3.024683	-0.728104
-3.220512	-0.721155
-3.428976	-0.743581
-3.617542	-0.744213
-3.820636	-0.797592
-4.030047	-0.860763
-4.215770	-0.925197
-4.424866	-0.961520
-4.621327	-0.965942
-4.814946	-0.914774
-5.020252	-0.926145
-5.222083	-0.930567
-5.416333	-0.952992
-5.628272	-0.966258
-5.815573	-1.019006
-6.029091	-1.071122
-6.217024	-1.179460
-6.424541	-1.260319
-6.622898	-1.352233
-6.823781	-1.326648
-7.028455	-1.302959
-7.227759	-1.246421
-7.417272	-1.237262
-7.630158	-1.251791
-7.813985	-1.258424
-8.029398	-1.231260
-8.227439	-1.263162
-8.427059	-1.293168
-8.614361	-1.418878
-8.819350	-1.561328
-9.024340	-1.610917
-9.235962	-1.616919
-9.422632	-1.552484
-9.632044	-1.533849
-9.821240	-1.524689
-10.022756	-1.520899
-9.818398	-1.475100
-9.633307	-1.455517
-9.426423	-1.406875
-9.231225	-1.469099
-9.020234	-1.545851
-8.822509	-1.628605
-8.615308	-1.562276
-8.440956	-1.478574
-8.224912	-1.339914
-8.036346	-1.262530
-7.824409	-1.223996
-7.629526	-1.218626
-7.416324	-1.145664
-7.231549	-1.167142
-7.017084	-1.157666
-6.827256	-1.243579
-6.618475	-1.288430
-6.429911	-1.308961
-6.213866	-1.237577
-6.028460	-1.177881
-5.816837	-1.065437
-5.637747	-1.051539
-5.423282	-0.985210
-5.227136	-0.987105
-5.015830	-0.966890
-4.826317	-0.962152
-4.622275	-0.923934
-4.428972	-0.962784
-4.219244	-0.960257
-4.024362	-0.989947
-3.815898	-0.938463
-3.621016	-0.883504
-3.423607	-0.813701
-3.224934	-0.778325
-3.018997	-0.719576
-2.825694	-0.715470
-2.612808	-0.660195
-2.419505	-0.655773
-2.215779	-0.644718
-2.027214	-0.679778
-1.813380	-0.657353
-1.610917	-0.621661
-1.420141	-0.553121
-1.211993	-0.513323
-1.015532	-0.460575
-0.819702	-0.443203
-0.623240	-0.411618
-0.416356	-0.406880
-0.217051	-0.375294
-0.015220	-0.378137
0.186635	-0.340235
0.379647	-0.339919
0.580240	-0.217051
0.786836	-0.117873
0.976373	0.027108
1.188654	0.143357
1.379771	0.260554
1.582260	0.329735
1.782221	0.403971
1.981551	0.439667
2.187515	0.507268
2.390319	0.523695
2.584911	0.555284
2.792454	0.580240
2.984202	0.614041
3.184796	0.602353
3.377808	0.612777
3.593248	0.616884
3.790998	0.635522
3.999173	0.663321
4.179865	0.702176
4.388356	0.708178
4.584211	0.717339
4.787964	0.736608
4.985714	0.735977
5.192941	0.753035
5.380899	0.783677
5.591917	0.765987
5.777347	0.758721
5.995947	0.746085
6.186431	0.774832
6.387657	0.832956
6.587934	0.866441
6.791687	0.889502
6.983435	0.859176
7.198560	0.847488
7.379251	0.830745
7.595956	0.889502
7.785177	0.897083
7.988297	0.917616
8.183520	0.873391
8.396434	0.842117
8.582497	0.845592
8.799200	0.923302
8.985579	0.952049
9.194386	1.000381
9.380132	0.967212
9.594625	0.951733
9.784793	0.911298
9.999286	0.950469
9.779107	0.970055
9.598731	0.984270
9.379184	0.935306
9.198808	0.914773
8.987790	0.876866
8.799517	0.877182
8.588498	0.911614
8.403700	0.948890
8.186680	0.924882
7.995563	0.902769
7.792758	0.856648
7.601010	0.842117
7.380199	0.839590
7.195401	0.854437
6.987226	0.833904
6.786001	0.830745
6.589198	0.823164
6.391131	0.828534
6.182325	0.783045
5.991840	0.833904
5.789035	0.801051
5.580229	0.784308
5.388480	0.765987
5.187255	0.733449
4.990137	0.693962
4.785752	0.716075
4.585159	0.674061
4.387093	0.715127
4.183972	0.687329
3.990960	0.684801
3.783733	0.639313
3.584087	0.641208
3.387600	0.623202
3.187007	0.641208
2.982939	0.591296
2.796245	0.581820
2.592176	0.510427
2.382106	0.486735
2.187199	0.457673
1.981551	0.449460
1.786012	0.398600
1.580048	0.355323
1.382614	0.224226
1.184548	0.153466
0.988693	-0.002902
0.781150	-0.104291
0.578661	-0.227475
0.380279	-0.301384
0.188214	-0.337708
-0.015536	-0.364240
-0.215156	-0.388876
-0.419198	-0.390455
-0.618818	-0.434043
-0.820649	-0.459628
-1.014584	-0.501005
-1.217994	-0.558490
-1.413508	-0.594813
-1.618498	-0.645666
-1.815591	-0.661775
-2.021844	-0.658616
-2.223044	-0.685148
-2.418874	-0.702204
-2.618809	-0.693992
-2.820640	-0.711364
-3.018049	-0.703783
-3.229356	-0.767902
-3.419501	-0.813069
-3.623543	-0.892033
-3.814950	-0.940042
-4.026573	-0.961836
-4.218613	-0.931830
-4.425181	-0.913195
-4.620380	-0.901508
-4.821895	-0.925513
-5.011724	-0.900245
-5.229347	-0.921091
-5.427388	-0.935620
-5.628903	-1.015216
-5.819364	-1.100497
-6.025617	-1.224943
-6.221131	-1.248001
-6.431490	-1.300748
-6.616896	-1.258740
-6.837679	-1.251159
-7.020243	-1.251791
-7.240077	-1.252738
-7.413482	-1.222100
-7.619103	-1.238841
-7.827251	-1.245158
-8.027819	-1.322226
-8.222069	-1.421405
-8.436535	-1.546167
-8.614676	-1.570488
-8.828826	-1.549642
-9.024655	-1.467204
-9.225855	-1.387292
-9.432108	-1.362656
-9.622884	-1.397400
-9.821557	-1.439724
-10.027493	-1.512371
-9.817451	-1.482996
-9.636150	-1.545220
-9.424527	-1.625447
-9.223644	-1.681669
-9.026551	-1.645346
-8.820614	-1.534481
-8.625416	-1.393925
-8.426427	-1.363287
-8.222385	-1.256845
-8.037926	-1.272637
-7.818723	-1.230944
-7.625104	-1.254002
-7.422641	-1.239473
-7.228707	-1.280534
-7.030034	-1.312119
-6.827571	-1.321595
-6.620371	-1.252423
-6.429595	-1.217363
-6.215129	-1.112815
-6.027196	-1.103655
-5.827260	-1.038905
-5.623850	-0.982683
-5.431810	-0.957099
-5.219872	-0.947623
-5.021199	-0.946044
-4.822211	-1.007319
-4.622907	-0.996580
-4.418233	-0.993106
-4.224614	-0.926461
-4.021835	-0.872450
-3.824110	-0.835810
-3.611856	-0.776430
-3.429924	-0.726841
-3.221144	-0.709153
-3.019313	-0.660511
-2.815587	-0.661143
-2.617546	-0.671882
-2.409714	-0.699045
-2.224307	-0.697466
-2.013948	-0.659248
-1.825383	-0.612817
-1.613128	-0.573651
-1.416351	-0.537960
-1.213888	-0.525641
-1.022480	-0.490897
-0.818754	-0.459628
-0.621977	-0.455837
-0.418251	-0.403090
-0.224948	-0.422041
-0.009851	-0.386034
0.183792	-0.343709
0.386912	-0.294120
0.573922	-0.211050
0.783361	-0.096079
0.979532	-0.002270
1.190866	0.156625
1.380087	0.240969
1.590789	0.347741
1.781905	0.397653
1.995450	0.433033
2.178670	0.489262
2.393794	0.532540
2.584279	0.559707
2.790559	0.583399
2.978832	0.571395
3.194273	0.563814
3.378439	0.582136
3.592932	0.631415
3.786260	0.685433
3.990012	0.711653
4.184920	0.710073
4.382986	0.696490
4.581684	0.671534
4.791122	0.739135
4.984135	0.744506
5.193257	0.774516
5.385953	0.772936
5.587178	0.749560
5.791247	0.735029
5.986470	0.795997
6.199699	0.824743
6.388605	0.874339
6.591409	0.852858
6.793266	0.866757
6.982172	0.817162
7.189083	0.839590
7.390624	0.861071
7.589322	0.888554
7.795601	0.881288
7.976609	0.880025
8.185101	0.861387
8.393591	0.900874
8.583128	0.905296
8.799517	0.964685
8.990001	0.972266
9.181749	0.954576
9.394347	0.943520
9.582936	0.924566
9.787637	0.907823
9.996443	0.977636
9.783214	0.918248
9.593992	0.946994
9.385502	0.946994
9.188067	0.935938
8.996951	0.910351
8.786249	0.937202
8.595132	0.930568
8.388221	0.921091
8.183837	0.904033
7.984823	0.891081
7.788336	0.840222
7.585531	0.827270
7.391572	0.839590
7.177395	0.857280
6.994807	0.905928
6.780314	0.887290
6.598990	0.821584
6.391131	0.834536
6.189275	0.821268
5.990261	0.815582
5.787772	0.826638
5.576438	0.781781
5.394166	0.753035
5.185044	0.693015
4.998034	0.675956
4.786700	0.727131
4.581052	0.737872
4.380143	0.731554
4.185867	0.713548
3.988117	0.644367
3.790998	0.653844
3.578401	0.632363
3.389812	0.639313
3.181637	0.629204
2.984518	0.581820
2.782029	0.532856
2.592808	0.510111
2.380843	0.492737
2.191621	0.508848
1.975549	0.462727
1.789487	0.429874
1.578785	0.354375
1.388300	0.232440
1.191181	0.131669
0.976057	0.022369
0.783993	-0.113451
0.584979	-0.217683
0.378383	-0.313071
0.193269	-0.327916
-0.020590	-0.365819
-0.213261	-0.385402
-0.420777	-0.429937
-0.616607	-0.481422
-0.818123	-0.535749
-1.012689	-0.560069
-1.215468	-0.595761
-1.413508	-0.574283
-1.624183	-0.622293
-1.818750	-0.625451
-2.025635	-0.645982
-2.214515	-0.629242
-2.418242	-0.645350
-2.621336	-0.632716
-2.815271	-0.675040
-3.020261	-0.717049
-3.227461	-0.836758
-3.416974	-0.862342
-3.626070	-0.896454
-3.814319	-0.882241
-4.015834	-0.883504
-4.223666	-0.894559
-4.417917	-0.920459
-4.622275	-0.910984
-4.823474	-0.952045
-5.010776	-0.940990
-5.226189	-1.006056
-5.419807	-1.056277
-5.621639	-1.126397
-5.831998	-1.155771
-6.016773	-1.169984
-6.227132	-1.147559
-6.426120	-1.163352
-6.619107	-1.131766
-6.833889	-1.159245
-7.025296	-1.171564
-7.228707	-1.212625
-7.422957	-1.247685
-7.619735	-1.292536
-7.828830	-1.419194
-8.018343	-1.466256
-8.229650	-1.446041
-8.430533	-1.440988
-8.612782	-1.380659
-8.826299	-1.366446
-9.034763	-1.388556
-9.221117	-1.368973
-9.437794	-1.417614
-9.619410	-1.463098
-9.828190	-1.524058
-10.018334	-1.652294
-9.829137	-1.666192
-9.627938	-1.658296
-9.434003	-1.613128
-9.213536	-1.525637
-9.029710	-1.458991
-8.819982	-1.378448
-8.625099	-1.318120
-8.416636	-1.268847
-8.235020	-1.232524
-8.018659	-1.252107
-7.824724	-1.311487
-7.616576	-1.359497
-7.426747	-1.425195
-7.218599	-1.368341
-7.041089	-1.326648
-6.818727	-1.233155
-6.629530	-1.163667
-6.422646	-1.117237
-6.226184	-1.048696
-6.016773	-1.007635
-5.829787	-1.008267
-5.617533	-0.974471
-5.429283	-1.059435
-5.214186	-1.091653
-5.020252	-1.106814
-4.822526	-1.082809
-4.622907	-1.036378
-4.421707	-0.943201
-4.226509	-0.913826
-4.019624	-0.850656
-3.826321	-0.844654
-3.613435	-0.781483
-3.429924	-0.758742
-3.219881	-0.727788
-3.020576	-0.743897
-2.826642	-0.734737
-2.618809	-0.742002
-2.418242	-0.678199
-2.216727	-0.657037
-2.019317	-0.553436
-1.822540	-0.551541
-1.612497	-0.502900
-1.423932	-0.493108
-1.206939	-0.483633
-1.015216	-0.479842
-0.820649	-0.440992
-0.616291	-0.471946
-0.407512	-0.452363
-0.219578	-0.463734
-0.012062	-0.400563
0.184739	-0.357922
0.377751	-0.276432
0.586558	-0.216104
0.777043	-0.101764
0.988377	0.000257
1.183600	0.155677
1.382298	0.240337
1.585419	0.353743
1.783801	0.396389
1.977760	0.439667
2.184988	0.482944
2.384317	0.530645
2.589017	0.548019
2.785504	0.555916
2.983886	0.554337
3.186691	0.591928
3.384757	0.611198
3.587878	0.656371
3.788787	0.681327
3.984642	0.673745
4.191554	0.685749
4.375405	0.665532
4.589898	0.687013
4.783857	0.734081
4.986030	0.721445
5.185676	0.731870
5.390376	0.759037
5.574859	0.783361
5.794405	0.791574
5.974466	0.795365
6.200963	0.834536
6.382918	0.839274
6.596464	0.842117
6.782842	0.850015
6.992596	0.822216
7.182133	0.827270
7.398205	0.849699
7.583320	0.841170
7.799077	0.914457
7.976609	0.911930
8.192998	0.894556
8.388221	0.892345
8.595764	0.904665
8.788144	0.924566
8.997582	0.952049
9.180486	0.944467
9.394979	0.934990
9.584516	0.882552
9.793007	0.883184
9.989178	0.943520
9.791743	0.993115
9.586095	0.993747
9.392136	0.993431
9.184909	0.922986
8.993476	0.914141
8.789092	0.896767
8.592289	0.933727
8.384114	0.929304
8.192050	0.913825
7.982612	0.833272
7.803499	0.823795
7.586163	0.839590
7.392519	0.911614
7.187187	0.890765
6.992280	0.904033
6.785685	0.853174
6.593936	0.805473
6.383550	0.788415
6.191486	0.839906
5.985206	0.814318
5.785245	0.824111
5.582756	0.748612
5.393851	0.733449
5.190730	0.710389
4.994875	0.749244
4.781014	0.729343
4.588634	0.763459
4.383934	0.696174
4.182393	0.698069
3.988749	0.647526
3.789103	0.673113
3.584403	0.640260
3.389496	0.638049
3.182900	0.581188
2.981675	0.585610
2.788663	0.539490
2.582068	0.544860
2.390319	0.512323
2.184988	0.509480
1.979972	0.449144
1.777799	0.416291
1.582260	0.341108
1.381034	0.253920
1.185495	0.131353
0.986481	0.017631
0.785888	-0.115978
0.574870	-0.211682
0.389124	-0.292541
0.188214	-0.324758
-0.014589	-0.357607
-0.222421	-0.399299
-0.409407	-0.474789
-0.624820	-0.513955
-0.810858	-0.534485
-1.024691	-0.537960
-1.209782	-0.538275
-1.421405	-0.538275
-1.616603	-0.566386
-1.823172	-0.578073
-2.018370	-0.611238
-2.220201	-0.632084
-2.413188	-0.667460
-2.623231	-0.710100
-2.807374	-0.779588
-3.021524	-0.814964
-3.218301	-0.828230
-3.425818	-0.815596
-3.609645	-0.821281
-3.826637	-0.835495
-4.013623	-0.827914
-4.226825	-0.853814
-4.415390	-0.857920
-4.626381	-0.893296
-4.820000	-0.956151
-5.028780	-1.058172
-5.218608	-1.122290
-5.425809	-1.167458
-5.622586	-1.136820
-5.831366	-1.118816
-6.017088	-1.081545
-6.226816	-1.072701
-6.420119	-1.056593
-6.631110	-1.078387
-6.814937	-1.117553
-7.032245	-1.187041
-7.218915	-1.267268
-7.429590	-1.381923
-7.620366	-1.395505
-7.829462	-1.418246
-8.024660	-1.375922
-8.232808	-1.377501
-8.421373	-1.350338
-8.628574	-1.364235
-8.821877	-1.320963
-9.030972	-1.359813
-9.216695	-1.360761
-9.430529	-1.479838
-9.629833	-1.595125
-9.831980	-1.694935
-10.018019	-1.700620
-9.825663	-1.631764
-9.621937	-1.483944
-9.433056	-1.443515
-9.223644	-1.363287
-9.030657	-1.335176
-8.821245	-1.242947
-8.621625	-1.212941
-8.430533	-1.185461
-8.230282	-1.252107
-8.025924	-1.305802
-7.826303	-1.389503
-7.615313	-1.361392
-7.425800	-1.323806
-7.224916	-1.231260
-7.024981	-1.188620
-6.825992	-1.151665
-6.620371	-1.151033
-6.420435	-1.102708
-6.225237	-1.099865
-6.018352	-1.069859
-5.827260	-1.128608
-5.624797	-1.168405
-5.411280	-1.184198
-5.225241	-1.131450
-5.016461	-1.045222
-4.818420	-0.937516
-4.627013	-0.890137
-4.424234	-0.819070
-4.217033	-0.783063
-4.025626	-0.780220
-3.817162	-0.793170
-3.620384	-0.826966
-3.418869	-0.848445
-3.231567	-0.853498
-3.018997	-0.836442
-2.826957	-0.770744
-2.609334	-0.727788
-2.425190	-0.670934
-2.217358	-0.621029
-2.018370	-0.593866
-1.814328	-0.573019
-1.617866	-0.557858
-1.413508	-0.563860
-1.217994	-0.546803
-1.010794	-0.554068
-0.826335	-0.529431
-0.614712	-0.477315
-0.420462	-0.424252
-0.210418	-0.374347
-0.019326	-0.344341
0.190426	-0.322231
0.372381	-0.270431
0.585294	-0.205365
0.782097	-0.112188
0.988377	0.020790
1.184548	0.150307
1.386089	0.270347
1.579417	0.329735
1.788223	0.401759
1.979972	0.450091
2.193201	0.486735
2.378000	0.497476
2.592492	0.546439
2.787084	0.578977
2.983571	0.603301
3.178478	0.606775
3.396446	0.653212
3.578085	0.647842
3.791630	0.684170
3.984326	0.669639
4.186815	0.680379
4.386145	0.667743
4.586107	0.689224
4.786700	0.687013
4.991400	0.771673
5.174935	0.772620
5.394798	0.798840
5.576754	0.762512
5.791247	0.795997
5.983311	0.788099
6.189907	0.841170
6.389236	0.840854
6.596779	0.864862
6.780630	0.800103
6.992912	0.795365
7.184029	0.813055
7.390940	0.905928
7.590270	0.914457
7.800024	0.924250
7.995879	0.902453
8.192681	0.871180
8.391379	0.871180
8.598923	0.926777
8.790356	0.922355
8.998215	0.938149
9.191543	0.885711
9.388977	0.861387
9.596204	0.898978
9.786689	0.965948
9.994864	0.987429
9.793638	1.019650
9.587675	0.968791
9.388345	0.938781
9.186172	0.911930
8.989054	0.918564
8.798884	0.919827
8.588182	0.915721
8.392643	0.865178
8.187628	0.880341
7.991457	0.852226
7.793074	0.886343
7.598483	0.888870
7.380831	0.910351
7.189714	0.891397
6.981224	0.864862
6.792003	0.841486
6.590146	0.827586
6.393343	0.786520
6.192433	0.801999
5.993420	0.770409
5.781138	0.793154
5.594760	0.793154
5.380899	0.763775
5.196416	0.750192
4.983187	0.760616
4.786384	0.715127
4.582948	0.741979
4.387724	0.711021
4.181445	0.691435
3.987801	0.657634
3.783417	0.624150
3.597039	0.615620
3.381283	0.634890
3.186691	0.616884
2.980096	0.614041
2.792138	0.569184
2.591861	0.522747
2.388740	0.502846
2.184040	0.488631
1.985658	0.482944
1.776535	0.395442
1.588893	0.330051
1.381982	0.221067
1.198131	0.121560
0.981111	-0.003218
0.783361	-0.106502
0.583715	-0.225579
0.381542	-0.281170
0.181265	-0.375294
-0.005429	-0.391087
-0.227159	-0.437202
-0.411302	-0.439729
-0.621977	-0.464997
-0.819386	-0.450784
-1.013636	-0.499109
-1.221785	-0.490265
-1.424879	-0.526273
-1.609022	-0.509217
-1.829489	-0.566702
-2.012053	-0.604605
-2.229361	-0.676620
-2.411293	-0.702520
-2.622284	-0.733473
-2.819061	-0.731894
-3.020576	-0.743897
-3.218301	-0.736316
-3.429608	-0.773271
-3.614067	-0.749582
-3.824110	-0.786537
-4.019624	-0.811805
-4.223035	-0.881925
-4.425181	-0.967206
-4.615326	-1.088810
-4.814314	-1.108709
-5.020883	-1.137767
-5.208185	-1.107761
-5.431494	-1.073333
-5.616269	-1.053434
-5.824733	-1.044590
-6.027196	-1.036062
-6.215761	-1.032272
-6.428331	-1.073649
-6.624477	-1.158298
-6.821254	-1.255265
-7.028455	-1.394557
-7.229338	-1.415403
-7.418220	-1.383818
-7.627315	-1.320331
-7.812722	-1.290641
-8.031609	-1.275796
-8.219227	-1.316857
-8.428954	-1.303275
-8.628258	-1.376553
-8.825036	-1.394241
-9.025288	-1.476363
-9.236910	-1.581859
-9.420737	-1.635554
-9.641835	-1.680090
-9.814924	-1.649768
-10.022756	-1.550905
-9.826611	-1.519636
-9.626675	-1.413508
-9.430529	-1.376869
-9.225224	-1.378133
-9.023393	-1.370868
-8.832616	-1.409086
-8.614676	-1.456149
-8.433376	-1.502895
-8.225544	-1.487734
-8.026871	-1.405296
-7.820302	-1.361076
-7.623525	-1.279270
-7.420430	-1.231260
-7.230602	-1.207255
-7.020243	-1.125133
-6.832309	-1.133345
-6.618475	-1.132082
-6.423277	-1.143769
-6.219552	-1.170932
-6.023722	-1.170300
-5.828207	-1.108709
-5.626377	-1.052802
-5.416018	-0.977313
-5.229032	-0.989316
-5.013303	-0.962152
-4.821263	-0.944780
-4.621643	-0.922670
-4.418549	-0.904983
-4.223351	-0.864237
-4.011412	-0.910352
-3.817477	-0.904667
-3.617857	-0.929935
-3.418237	-0.860447
-3.226198	-0.840232
-3.016154	-0.785905
-2.822851	-0.759689
-2.614703	-0.705362
-2.412241	-0.683884
-2.221464	-0.629242
-2.019949	-0.636506
-1.814012	-0.585654
-1.624499	-0.634927
-1.410982	-0.625451
-1.217047	-0.616291
-1.012689	-0.551857
-0.819070	-0.497214
-0.622609	-0.430253
-0.411934	-0.412565
-0.207892	-0.366451
-0.016168	-0.344657
0.193585	-0.309913
0.377435	-0.277380
0.581504	-0.221473
0.786204	-0.114083
0.976689	0.014788
1.192129	0.155045
1.386721	0.272874
1.581312	0.321206
1.784433	0.382490
1.987553	0.405866
2.184672	0.478838
2.388108	0.525274
2.580173	0.554969
2.795297	0.593192
2.977253	0.594771
3.185428	0.581504
3.390444	0.644367
3.585351	0.654160
3.787840	0.689856
3.994751	0.669639
4.180813	0.645630
4.394674	0.664584
4.573787	0.695858
4.793966	0.722077
4.986662	0.788415
5.183780	0.775147
5.382163	0.783045
5.592865	0.767250
5.782718	0.763143
5.994051	0.785256
6.182641	0.802314
6.392079	0.814318
6.590777	0.819689
6.785369	0.813371
6.984699	0.856017
7.190662	0.845908
7.388729	0.873391
7.594692	0.908455
7.786757	0.876866
7.995563	0.905296
8.182889	0.895188
8.391064	0.860123
8.589130	0.875602
8.790987	0.880656
8.986526	0.893924
9.187752	0.977952
9.381395	0.961526
9.599679	0.972582
9.781319	0.946047
9.995179	0.953944
9.789216	0.947310
9.588622	0.965000
9.386765	0.946994
9.189015	0.930568
8.996951	0.847172
8.796357	0.856017
8.582812	0.871180
8.400857	0.936254
8.186364	0.941940
7.988297	0.931516
7.784861	0.879393
7.594060	0.845592
7.392519	0.839274
7.192558	0.898978
6.980276	0.862335
6.797057	0.871495
6.585091	0.802314
6.389552	0.751455
6.188327	0.783677
5.991209	0.826322
5.786508	0.826638
5.578649	0.839274
5.385953	0.766934
5.196100	0.738188
4.983819	0.703123
4.790807	0.721761
4.580737	0.710073
4.377616	0.720182
4.189342	0.662373
3.984642	0.639628
3.788471	0.612462
3.596091	0.639313
3.381914	0.624781
3.191114	0.631099
2.986729	0.588138
2.782977	0.563498
2.592808	0.529697
2.381790	0.501898
2.190042	0.489262
1.980288	0.463675
1.780642	0.378383
1.584155	0.343003
1.378191	0.234335
1.180757	0.130405
0.990272	-0.001954
0.776095	-0.118189
0.588138	-0.228422
0.375224	-0.311176
0.186319	-0.384138
-0.005745	-0.379085
-0.211366	-0.421725
-0.414145	-0.426147
-0.618187	-0.466576
-0.826335	-0.480474
-1.003845	-0.498478
-1.224943	-0.521219
-1.416351	-0.546803
-1.615339	-0.563544
-1.824435	-0.651667
-2.019317	-0.692728
-2.221464	-0.704731
-2.422664	-0.677251
-2.611861	-0.621345
-2.827589	-0.636190
-3.014575	-0.676620
-3.224934	-0.698098
-3.422975	-0.752425
-3.620068	-0.776430
-3.821268	-0.807383
-4.020572	-0.898665
-4.216402	-0.942569
-4.417917	-1.014584
-4.618169	-1.010162
-4.821263	-1.002582
-5.023094	-0.980788
-5.226189	-0.947939
-5.422966	-0.944148
-5.621954	-0.989947
-5.822522	-1.028482
-6.023406	-1.115658
-6.215445	-1.163983
-6.430226	-1.276428
-6.618160	-1.309908
-6.828203	-1.330439
-7.016452	-1.304539
-7.234708	-1.309276
-7.418220	-1.280218
-7.627315	-1.322542
-7.818723	-1.262214
-8.042979	-1.301064
-8.218595	-1.314014
-8.427691	-1.377817
-8.627311	-1.480470
-8.822509	-1.589123
-9.029078	-1.609654
-9.228066	-1.613128
-9.425791	-1.558170
-9.633623	-1.536376
-9.809870	-1.496262
-10.020861	-1.467835
-9.821873	-1.420141
-9.627622	-1.376238
-9.426423	-1.333281
-9.228066	-1.375606
-9.024024	-1.468783
-8.826615	-1.549958
-8.618466	-1.579648
-8.432428	-1.518056
-8.224280	-1.422036
-8.029398	-1.328544
-7.830410	-1.232208
-7.621630	-1.218626
-7.422009	-1.200307
-7.226496	-1.200938
-7.023717	-1.172195
-6.826308	-1.212309
-6.623845	-1.267584
-6.420119	-1.303591
-6.226184	-1.237577
-6.016457	-1.170932
-5.830734	-1.090705
-5.621323	-1.070806
-5.425177	-1.015847
-5.229032	-0.993106
-5.017093	-0.937516
-4.822211	-0.931830
-4.623538	-0.921723
-4.412231	-0.948255
-4.228088	-0.966890
-4.013307	-0.947623
-3.823163	-0.878767
-3.617226	-0.828230
-3.422659	-0.759689
-3.216722	-0.755899
-3.017418	-0.707573
-2.810849	-0.693992
-2.621652	-0.667776
-2.407819	-0.648509
-2.229045	-0.655142
-2.017738	-0.686727
-1.818434	-0.662722
-1.618814	-0.651351
-1.411613	-0.607132
-1.210414	-0.552489
-1.021217	-0.518692
-0.813069	-0.457732
-0.626715	-0.442887
-0.415408	-0.403721
-0.217367	-0.373083
-0.014273	-0.338024
0.179053	-0.344341
0.387544	-0.293172
0.577397	-0.235687
0.792838	-0.093868
0.978584	0.007206
1.189602	0.147464
1.382298	0.236862
1.580364	0.330999
1.777167	0.391651
1.988185	0.451671
2.177406	0.477890
2.391267	0.552126
2.583647	0.539174
2.795613	0.591928
2.972830	0.590033
3.188902	0.601721
3.380335	0.597299
3.596091	0.626045
3.782154	0.632363
3.996646	0.691751
4.178918	0.701228
4.393411	0.739767
4.582316	0.707230
4.794913	0.747033
4.985082	0.741663
5.196100	0.779570
5.390376	0.767882
5.590653	0.797576
5.776400	0.750824
5.991840	0.763459
6.178850	0.768830
6.393027	0.841170
6.591093	0.880656
6.788212	0.885711
6.983119	0.839906
7.191610	0.847488
7.388097	0.841486
7.591533	0.895188
7.792442	0.896767
7.985770	0.917300
8.186364	0.874023
8.389484	0.830745
8.591973	0.829481
8.789092	0.926145
8.991897	0.958367
9.184277	0.995958
9.390556	0.971634
9.588306	0.938149
9.792059	0.901506
9.991705	0.955524
9.785741	0.954892
9.592729	0.973530
9.390872	0.911614
9.185856	0.883815
8.997267	0.871180
8.789408	0.918248
8.590077	0.930568
8.391064	0.956471
8.183520	0.919827
7.988614	0.892976
7.793074	0.852226
7.585215	0.848435
7.393467	0.861703
7.186556	0.878761
6.992596	0.830113
6.784737	0.828218
6.597727	0.829797
6.392395	0.808316
6.196224	0.810528
5.990892	0.821584
5.789983	0.807685
5.584967	0.796312
5.388796	0.772936
5.190730	0.735977
4.990452	0.728395
4.778487	0.717339
4.586739	0.703755
4.372246	0.698069
4.190606	0.709125
3.984010	0.668059
3.791630	0.659214
3.582824	0.638365
3.391391	0.638997
3.177530	0.614041
2.995259	0.602985
2.779186	0.559075
2.593440	0.531592
2.377368	0.478838
2.189094	0.468097
1.980288	0.436824
1.785064	0.415027
1.573099	0.331631
1.396197	0.262450
1.172860	0.137039
0.993115	0.029319
0.782413	-0.128612
0.583399	-0.218315
0.378067	-0.311176
0.187898	-0.334233
-0.018379	-0.375926
-0.209787	-0.368346
-0.429306	-0.400247
-0.613133	-0.392982
-0.826966	-0.452363
-1.011110	-0.487423
-1.218626	-0.552805
-1.417614	-0.603341
-1.619761	-0.642823
-1.822540	-0.637454
-2.026266	-0.656089
-2.211673	-0.637454
-2.422664	-0.667776
-2.617230	-0.660511
-2.819377	-0.695571
-3.021208	-0.726525
-3.223039	-0.807383
-3.422028	-0.839285
-3.620068	-0.952361
-3.818109	-0.942885
-4.021835	-0.962152
-4.218928	-0.929303
-4.419812	-0.938779
-4.628276	-0.945096
-4.809893	-0.969733
-5.016777	-0.950781
-5.225241	-0.983630
-5.414754	-0.972891
-5.621639	-1.036378
-5.831366	-1.081545
-6.017720	-1.221785
-6.223026	-1.253370
-6.421067	-1.245158
-6.624793	-1.191778
-6.825676	-1.204413
-7.025296	-1.180724
-7.227443	-1.235366
-7.424537	-1.220205
-7.619735	-1.247053
-7.821566	-1.281165
-8.022133	-1.364235
-8.231229	-1.451095
-8.423901	-1.539534
-8.632680	-1.552168
-8.826931	-1.536060
-9.025919	-1.451411
-9.223644	-1.420141
-9.428634	-1.398347
-9.627622	-1.383818
-9.827242	-1.414140
-10.017071	-1.452674
-9.835138	-1.466256
-9.620042	-1.549326
-9.431792	-1.611549
-9.212905	-1.644714
-9.032236	-1.606811
-8.826931	-1.539219
-8.626678	-1.455201
-8.421058	-1.373395
-8.235967	-1.314646
-8.020238	-1.264425
-7.830726	-1.237262
-7.617208	-1.228102
-7.424852	-1.269795
-7.225232	-1.301380
-7.023085	-1.376869
-6.819043	-1.336440
-6.634900	-1.270426
-6.419171	-1.168721
-6.232817	-1.099233
-6.014562	-1.051539
-5.828523	-1.019638
-5.619743	-0.956467
-5.426756	-0.929935
-5.215450	-0.920144
-5.025937	-1.019006
-4.814314	-1.055329
-4.624802	-1.077755
-4.416654	-1.014584
-4.221771	-0.961520
-4.012676	-0.868343
-3.820320	-0.839601
-3.617857	-0.808963
-3.426450	-0.798855
-3.216722	-0.736948
-3.030368	-0.706942
-2.814008	-0.658932
-2.621020	-0.691781
-2.415399	-0.746108
-2.220201	-0.770744
-2.028793	-0.715786
-1.820329	-0.633348
-1.615339	-0.542697
-1.427090	-0.530379
-1.214836	-0.476684
-1.016795	-0.479526
-0.820334	-0.433728
-0.611554	-0.421725
-0.423620	-0.403090
-0.209155	-0.418251
-0.013325	-0.382875
0.182528	-0.389192
0.381858	-0.295067
0.576765	-0.226211
0.779254	-0.099238
0.980163	0.006259
1.182336	0.135144
1.389879	0.245391
1.575942	0.364168
1.779062	0.395442
1.985342	0.464307
2.173931	0.468729
2.383370	0.543280
2.587122	0.564445
2.786136	0.593192
2.987045	0.593192
3.181321	0.600773
3.382230	0.573606
3.590405	0.659530
3.788156	0.666480
3.989697	0.707230
4.184288	0.715759
4.382039	0.703123
4.591477	0.696174
4.783225	0.722709
4.993611	0.743558
5.192626	0.783993
5.385953	0.765355
5.583072	0.737556
5.786508	0.747349
5.987102	0.777359
6.193065	0.849699
6.385446	0.852858
6.600254	0.875602
6.783473	0.856648
6.990701	0.835168
7.178342	0.844013
7.395994	0.876550
7.585847	0.879393
7.794654	0.892660
7.979768	0.847172
8.200895	0.887290
8.383799	0.897399
8.592921	0.914141
8.787828	0.952049
8.997898	0.970055
9.182697	0.935938
9.390872	0.954576
9.584516	0.916669
9.794586	0.937518
9.983808	0.946363
9.795534	0.922986
9.585148	0.931831
9.392136	0.960262
9.188067	0.945099
8.993792	0.928041
8.788144	0.920775
8.599238	0.930568
8.380956	0.901190
8.197104	0.914457
7.981348	0.902453
7.798129	0.853489
7.588690	0.838327
7.388412	0.826954
7.190662	0.846224
6.982487	0.893924
6.781578	0.881288
6.597095	0.877182
6.386709	0.836431
6.190222	0.807685
5.994051	0.799156
5.791563	0.810844
5.586546	0.796628
5.379951	0.776727
5.186307	0.694910
4.993927	0.699964
4.779435	0.696805
4.590213	0.743242
4.376668	0.720182
4.181129	0.711337
3.995067	0.677852
3.783417	0.631099
3.590721	0.608355
3.389496	0.645630
3.174371	0.596983
2.989888	0.606775
2.785504	0.531276
2.585859	0.519904
2.387161	0.498739
2.181197	0.487999
1.989448	0.456093
1.784748	0.439667
1.578153	0.330367
1.401883	0.264029
1.188970	0.126299
0.986797	0.019842
0.784940	-0.109345
0.578661	-0.229054
0.387860	-0.283381
0.181580	-0.312124
-0.017115	-0.361713
-0.214840	-0.358238
-0.417935	-0.417619
-0.615976	-0.460259
-0.818754	-0.511428
-1.023428	-0.582495
-1.208835	-0.586285
-1.428354	-0.592918
-1.613444	-0.593550
-1.820645	-0.569229
-2.020897	-0.620082
-2.219253	-0.637138
-2.419505	-0.651351
-2.620704	-0.702836
-2.815587	-0.704731
-3.024683	-0.792538
-3.213563	-0.843075
-3.427397	-0.888874
-3.615646	-0.899929
-3.825374	-0.876556
-4.015518	-0.861710
-4.220824	-0.873081
-4.420760	-0.838653
-4.631119	-0.899613
-4.811472	-0.917301
-5.020883	-0.968469
-5.214186	-1.033535
-5.433705	-1.087546
-5.622586	-1.146611
-5.826944	-1.199359
-6.018352	-1.182619
-6.230922	-1.183882
-6.414750	-1.124186
-6.637743	-1.131766
-6.820939	-1.120080
-7.031298	-1.097022
-7.223337	-1.114078
-7.422009	-1.181355
-7.624156	-1.309276
-7.827567	-1.446357
-8.025608	-1.500368
-8.234703	-1.510160
-8.425796	-1.468467
-8.619730	-1.421089
-8.828510	-1.401190
-9.022760	-1.383186
-9.235646	-1.374027
-9.421369	-1.401190
-9.629833	-1.428985
-9.826611	-1.509528
-10.014860	-1.602389
-9.825031	-1.678826
-9.623200	-1.667140
-9.423265	-1.627026
-9.234383	-1.530375
-9.019917	-1.468783
-8.834511	-1.426774
-8.623521	-1.389819
-8.425796	-1.291273
-8.231861	-1.284640
-8.016448	-1.258424
-7.831357	-1.309592
-7.624156	-1.388556
-7.414113	-1.425827
-7.234076	-1.347811
-7.022769	-1.268531
-6.819359	-1.107445
-6.628899	-1.059751
-6.420751	-1.008267
-6.219235	-0.990263
-6.019615	-0.984894
-5.818732	-0.984578
-5.631114	-1.006372
-5.419492	-1.031956
-5.219240	-1.057540
-5.022462	-1.065437
-4.812419	-1.020269
-4.623538	-0.982683
-4.423918	-0.928040
-4.215770	-0.897402
-4.026889	-0.873081
-3.811160	-0.832652
-3.620384	-0.798540
-3.422028	-0.775166
-3.217038	-0.768849
-3.011101	-0.802646
-2.819061	-0.828230
-2.610281	-0.782115
-2.425506	-0.754952
-2.214200	-0.669355
-2.027214	-0.628610
-1.811801	-0.585338
-1.624499	-0.536064
-1.410034	-0.518061
-1.226522	-0.501005
-1.010794	-0.472262
-0.826966	-0.499425
-0.614080	-0.470998
-0.429937	-0.484580
-0.208523	-0.441624
-0.020906	-0.379085
0.189478	-0.339603
0.377120	-0.283697
0.584979	-0.202838
0.783361	-0.120716
0.983322	0.026160
1.178230	0.116822
1.395566	0.269715
1.580048	0.350269
1.789487	0.393546
1.983131	0.449775
2.194780	0.483260
2.385581	0.504741
2.591545	0.554653
2.788031	0.539174
2.988625	0.593192
3.178478	0.611830
3.388548	0.624150
3.583456	0.638049
3.789735	0.673429
3.994119	0.676588
4.179865	0.702492
4.383934	0.700912
4.591477	0.717970
4.782909	0.692699
4.987926	0.711337
5.189466	0.713864
5.382794	0.777359
5.586231	0.799787
5.780822	0.818109
5.994051	0.803262
6.188327	0.830745
6.390184	0.801051
6.596148	0.859807
6.783789	0.872759
6.991964	0.886343
7.190978	0.839590
7.389044	0.804210
7.600379	0.819689
7.787704	0.892345
7.988929	0.909087
8.187311	0.951417
8.385062	0.926777
8.589762	0.892660
8.790039	0.870548
8.986210	0.927409
9.192174	0.958367
9.380132	0.980163
9.594940	0.923934
9.794902	0.913194
9.987914	0.887922
9.793638	0.943204
9.593992	0.975425
9.384238	0.986797
9.195649	0.975425
8.983999	0.929936
8.796357	0.879077
8.589130	0.902769
8.384430	0.892029
8.188575	0.910982
7.990825	0.884447
7.791811	0.847488
7.598483	0.856333
7.384306	0.825059
7.196664	0.866757
6.985646	0.874970
6.791371	0.865809
6.589198	0.844644
6.391763	0.825691
6.188011	0.783993
5.991840	0.780834
5.786192	0.757457
5.592549	0.773884
5.378688	0.745769
5.193573	0.759353
4.985082	0.739135
4.794598	0.702807
4.573787	0.716075
4.382986	0.717970
4.180182	0.668375
3.995699	0.703123
3.776783	0.656055
3.591037	0.623518
3.381914	0.598246
3.186691	0.581504
2.976305	0.577081
2.792770	0.593824
2.579857	0.535699
2.390319	0.530013
2.177406	0.462727
1.990712	0.450723
1.778115	0.411236
1.581312	0.347425
1.389564	0.255184
1.188970	0.142725
0.976373	-0.003218
0.781781	-0.104923
0.579924	-0.216104
0.383753	-0.268851
0.184424	-0.321599
-0.010798	-0.360765
-0.217367	-0.408459
-0.418251	-0.451731
-0.620398	-0.508269
-0.818438	-0.513955
-1.012689	-0.555963
-1.216099	-0.535433
-1.424563	-0.561965
-1.620393	-0.564175
-1.820645	-0.588180
-2.014580	-0.601762
-2.215147	-0.651351
-2.420453	-0.663985
-2.617546	-0.744528
-2.819061	-0.792854
-3.021524	-0.840864
-3.221460	-0.831388
-3.423291	-0.856973
-3.619121	-0.841812
-3.816214	-0.866764
-4.023415	-0.838021
-4.222403	-0.852867
-4.425498	-0.845918
-4.621327	-0.899297
-4.811472	-0.964995
-5.022779	-1.057856
-5.218608	-1.113447
-5.420124	-1.158298
-5.628903	-1.121343
-5.818732	-1.105234
-6.027512	-1.092916
-6.219552	-1.109656
-6.422646	-1.097970
-6.624161	-1.118816
-6.826308	-1.131450
-7.023401	-1.177881
-7.229338	-1.266320
-7.412850	-1.371500
-7.630474	-1.427406
-7.818723	-1.419825
-8.028450	-1.385397
-8.226807	-1.362024
-8.428322	-1.379080
-8.616571	-1.392030
-8.836722	-1.378448
-9.015180	-1.370868
-9.237541	-1.384450
-9.420106	-1.407823
-9.630465	-1.520267
-9.813028	-1.651347
-10.018966	-1.722414
-9.819345	-1.603969
-9.636782	-1.491524
-9.420737	-1.409402
-9.240068	-1.403085
-9.017391	-1.349706
-8.830721	-1.357602
-8.615624	-1.336440
-8.430218	-1.333281
-8.221753	-1.355075
-8.026555	-1.398663
-7.815565	-1.413193
-7.628894	-1.431512
-7.416008	-1.335492
-7.238182	-1.271690
-7.021190	-1.213257
-6.829466	-1.162720
-6.618475	-1.097338
-6.423909	-1.078387
-6.209760	-1.065753
-6.026564	-1.075860
-5.819364	-1.076176
-5.627956	-1.124186
-5.428020	-1.093548
-5.220188	-1.040168
-5.024042	-0.967206
-4.821579	-0.912247
-4.614694	-0.827598
-4.422023	-0.816543
-4.220508	-0.772008
-4.017729	-0.801066
-3.819373	-0.776746
-3.617857	-0.857604
-3.418869	-0.892033
-3.217354	-0.921091
-3.013943	-0.856025
-2.821904	-0.818754
-2.619757	-0.732526
-2.414451	-0.705678
-2.224307	-0.646298
-2.018686	-0.620082
-1.819381	-0.568913
-1.620709	-0.570177
-1.415088	-0.500373
-1.217363	-0.543645
-1.017111	-0.514270
-0.814964	-0.510480
-0.620398	-0.446993
-0.416987	-0.416040
-0.213577	-0.372136
-0.007640	-0.361081
0.195796	-0.305491
0.377120	-0.293488
0.583715	-0.191467
0.784940	-0.111556
0.983322	0.016051
1.184864	0.131985
1.384193	0.259922
1.583523	0.341739
1.781590	0.425452
1.980603	0.454830
2.188778	0.474415
2.387476	0.472204
2.583331	0.521168
2.788663	0.573922
2.981043	0.602353
3.189218	0.641524
3.381914	0.645946
3.590721	0.618779
3.787208	0.642472
3.997594	0.683854
4.184604	0.700596
4.387724	0.723657
4.580420	0.695226
4.791754	0.691751
4.981607	0.705019
5.195153	0.751139
5.375529	0.797892
5.597603	0.817162
5.781138	0.810844
5.992472	0.799156
6.188327	0.781150
6.397766	0.816214
6.579089	0.826007
6.797057	0.855701
6.974906	0.833588
7.202982	0.859176
7.384306	0.851594
7.600062	0.860755
7.785493	0.895819
7.992720	0.941940
8.179730	0.917616
8.397066	0.934359
8.584076	0.904033
8.797936	0.884447
8.983367	0.908771
9.195649	0.924250
9.387713	0.916037
9.593677	0.956471
9.788900	0.959630
9.998970	0.951101
9.785110	0.942572
9.602206	0.972898
9.385502	0.943204
9.189331	0.968475
8.990317	0.940045
8.790039	0.901506
8.590077	0.860755
8.391379	0.870232
8.181941	0.868968
7.992720	0.926777
7.791811	0.912562
7.590586	0.907823
7.392519	0.850015
7.186240	0.847172
6.991648	0.844644
6.786001	0.874023
6.589514	0.836431
6.399345	0.837063
6.184220	0.759984
5.991524	0.751139
5.788404	0.765355
5.580861	0.801367
5.388165	0.798840
5.184728	0.794101
4.987294	0.721445
4.792070	0.714496
4.577893	0.687960
4.390883	0.727131
4.185236	0.693015
3.988117	0.684801
3.787840	0.638365
3.583140	0.596667
3.384126	0.585610
3.181637	0.627940
2.978200	0.593192
2.787084	0.600142
2.592176	0.548335
2.378947	0.510111
2.185303	0.482313
1.975549	0.446617
1.788223	0.410920
1.580680	0.342687
1.382930	0.223595
1.189602	0.131985
0.990588	0.001204
0.780834	-0.112503
0.579924	-0.203154
0.374908	-0.298542
0.189162	-0.349394
-0.023117	-0.412565
-0.213577	-0.452679
-0.417935	-0.454890
-0.616291	-0.457101
-0.822860	-0.468787
-1.016795	-0.471314
-1.219258	-0.517429
-1.408139	-0.513007
-1.624183	-0.567334
