# Configuration automatically generated by WRITE_CONFIG()
connection eth
ip 192.168.0.10
samplehz 1000.000000
settleus 10.000000
nsample 128

# Analog Inputs
aichannel 0
ainegative 199
airange 10.000000
airesolution 0

aichannel 1
ainegative 199
airange 10.000000
airesolution 0

# Analog Outputs
aochannel 0
aosignal triangle
aofrequency 5.000000
aoamplitude 2.000000
aooffset 2.500000
aoduty 0.500000

# Meta Parameters
int:periods 10
flt:plate_Thigh_C 366.381005
flt:plate_Tlow_C 191.288383
flt:plate_Q_kW 1.070432
flt:plate_Tpeak_C 1183.936042
flt:cool_Thigh_C 76.989835
flt:cool_Tlow_C 22.923703
flt:air_psig 80.000000
flt:water_gph 2.000000
flt:cool_Q_kW 0.000000
flt:standoff_in 0.228000
flt:oxygen_scfh 12.930031
flt:fuel_scfh 7.113188
flt:flow_scfh 20.043219
flt:ratio_fto 0.550129

## End Configuration ##
#: Mon Jul 25 16:09:00 2016
-7.038246	-3.435293
-9.341142	-4.139333
-9.347459	-4.128910
-9.327876	-4.119434
-9.308925	-4.120698
-9.219853	-4.094798
-9.016128	-4.024678
-8.829457	-3.966561
-8.624152	-3.900863
-8.435271	-3.842746
-8.230282	-3.784629
-8.024976	-3.732512
-7.824724	-3.655128
-7.616576	-3.598906
-7.427695	-3.535104
-7.221758	-3.454876
-7.024664	-3.425502
-6.821254	-3.335167
-6.629215	-3.310215
-6.419171	-3.222407
-6.223973	-3.192401
-6.024985	-3.097329
-5.825049	-3.038264
-5.630483	-3.003204
-5.422019	-2.931505
-5.228400	-2.876547
-5.025305	-2.791582
-4.820316	-2.728411
-4.633646	-2.669346
-4.417917	-2.595752
-4.224298	-2.548058
-4.021520	-2.456144
-3.821268	-2.400554
-3.634598	-2.318432
-3.428344	-2.283372
-3.230304	-2.192406
-3.023419	-2.147870
-2.829484	-2.069538
-2.615967	-1.988995
-2.424559	-1.942565
-2.219885	-1.864865
-2.025950	-1.813064
-1.833279	-1.730310
-1.627026	-1.650715
-1.427406	-1.578700
-1.217679	-1.485523
-1.017427	-1.432775
-0.835179	-1.340546
-0.617871	-1.206624
-0.432464	-1.063226
-0.213893	-0.852235
-0.035435	-0.698098
0.188530	-0.487423
0.368906	-0.317493
0.574238	-0.108397
0.775463	0.031846
0.976057	0.158204
1.179809	0.258659
1.379139	0.335106
1.564569	0.378383
1.774956	0.390387
1.967968	0.419765
2.179302	0.427663
2.368523	0.441246
2.582700	0.494633
2.780134	0.485472
2.973146	0.502846
3.174371	0.480101
3.369278	0.524959
3.577137	0.506321
3.773624	0.556548
3.982431	0.561286
4.171652	0.538858
4.377932	0.558759
4.577261	0.563182
4.773748	0.565077
4.975921	0.594455
5.167038	0.587822
5.378688	0.588138
5.567277	0.593824
5.777031	0.609303
5.977309	0.598562
6.174112	0.627309
6.383550	0.613093
6.575298	0.622254
6.779367	0.634574
6.971747	0.628256
7.179606	0.643419
7.372302	0.652580
7.571948	0.644999
7.776648	0.665216
7.967448	0.658582
8.178467	0.664268
8.373058	0.647842
8.582180	0.677220
8.769822	0.651632
8.979893	0.693647
9.176379	0.695542
9.371602	0.662373
9.571564	0.687329
9.769315	0.667427
9.975594	0.691751
9.774053	0.700280
9.569669	0.710073
9.378552	0.678799
9.165639	0.648474
8.977050	0.672482
8.780247	0.652264
8.571440	0.705019
8.378112	0.666795
8.175307	0.661425
7.969660	0.628572
7.771594	0.634574
7.579845	0.656371
7.368196	0.665848
7.170445	0.653844
6.969536	0.625413
6.768311	0.605512
6.579405	0.626361
6.371230	0.627309
6.181693	0.667427
5.975729	0.605828
5.769134	0.593824
5.578018	0.566657
5.362261	0.569184
5.180937	0.607723
4.965497	0.598246
4.778171	0.576134
4.571259	0.536331
4.379511	0.523379
4.170389	0.539174
3.977693	0.572975
3.774888	0.566025
3.576822	0.534751
3.375912	0.499687
3.175951	0.462095
2.972514	0.504425
2.780766	0.499055
2.572275	0.478206
2.378000	0.477574
2.172036	0.393546
1.976181	0.416922
1.767058	0.382174
1.576889	0.396705
1.374401	0.321838
1.175703	0.255500
0.977320	0.155361
0.775779	0.033426
0.571079	-0.110292
0.368275	-0.299805
0.171472	-0.499741
-0.018063	-0.681989
-0.230633	-0.858552
-0.415092	-1.037641
-0.630189	-1.228418
-0.828546	-1.323806
-1.016479	-1.443515
-1.231892	-1.499105
-1.417614	-1.583754
-1.628605	-1.650399
-1.820013	-1.738523
-2.025635	-1.820013
-2.228413	-1.877815
-2.417610	-1.952672
-2.626074	-1.998787
-2.820956	-2.057536
-3.030368	-2.144396
-3.222092	-2.188616
-3.433398	-2.285899
-3.617857	-2.319695
-3.822847	-2.403713
-4.025310	-2.463725
-4.221771	-2.545215
-4.432130	-2.627337
-4.623222	-2.679453
-4.820632	-2.763155
-5.013303	-2.804216
-5.229979	-2.885075
-5.429283	-2.946982
-5.628272	-3.014575
-5.836420	-3.082484
-6.020563	-3.112806
-6.223658	-3.200929
-6.425173	-3.236305
-6.624477	-3.328535
-6.825676	-3.376229
-7.022454	-3.453297
-7.238814	-3.494358
-7.419167	-3.549633
-7.627631	-3.626385
-7.825040	-3.697137
-8.023712	-3.765046
-8.230597	-3.816530
-8.424216	-3.864224
-8.628574	-3.913181
-8.815560	-3.971930
-9.029078	-4.067950
-9.225539	-4.114697
-9.296290	-4.131752
-9.339562	-4.125436
-9.352197	-4.118803
-9.368937	-4.117539
-9.345564	-4.122277
-9.335457	-4.117539
-9.313031	-4.108696
-9.221749	-4.073951
-9.032867	-4.014886
-8.821245	-3.949189
-8.624784	-3.929922
-8.428006	-3.855380
-8.229965	-3.823479
-8.023081	-3.718299
-7.825672	-3.684819
-7.632369	-3.618805
-7.411271	-3.552475
-7.232813	-3.520258
-7.020875	-3.423923
-6.830730	-3.381598
-6.619739	-3.288737
-6.424857	-3.246728
-6.226500	-3.181978
-6.026248	-3.126704
-5.830102	-3.061637
-5.629851	-2.990570
-5.425809	-2.929610
-5.229979	-2.866439
-5.012987	-2.801057
-4.820316	-2.737571
-4.622591	-2.675031
-4.433078	-2.611861
-4.212296	-2.529423
-4.025941	-2.485519
-3.825690	-2.398343
-3.616910	-2.352544
-3.426765	-2.271685
-3.225882	-2.209778
-3.025314	-2.139342
-2.818114	-2.072065
-2.620073	-2.009210
-2.427717	-1.946671
-2.220833	-1.858547
-2.028793	-1.807063
-1.817171	-1.705042
-1.627658	-1.663981
-1.415403	-1.572067
-1.229365	-1.522162
-1.021533	-1.413824
-0.825387	-1.336124
-0.634927	-1.202833
-0.420777	-1.024691
-0.221157	-0.891401
-0.021537	-0.698414
0.179053	-0.503847
0.377751	-0.300753
0.576765	-0.115346
0.768830	0.024896
0.977320	0.172420
1.181073	0.258975
1.375664	0.353427
1.572151	0.358166
1.776219	0.393546
1.970179	0.379331
2.164770	0.439351
2.377684	0.476311
2.573539	0.480733
2.776659	0.495264
2.974094	0.468413
3.167737	0.484524
3.379071	0.521800
3.572083	0.550862
3.780258	0.569184
3.975797	0.533804
4.175759	0.528117
4.380775	0.527486
4.561151	0.576449
4.776907	0.588769
4.970235	0.597614
5.183780	0.577397
5.370159	0.560655
5.576438	0.585926
5.778611	0.619411
5.970675	0.636154
6.182957	0.647842
6.374389	0.599510
6.583196	0.618779
6.766415	0.613409
6.982172	0.665848
7.172656	0.651948
7.374197	0.666480
7.585215	0.629836
7.768750	0.628888
7.974082	0.657319
8.165831	0.675325
8.376848	0.690172
8.571756	0.669007
8.775825	0.662689
8.977365	0.665216
9.167218	0.666480
9.373498	0.703755
9.578197	0.704703
9.771210	0.693015
9.977805	0.657950
9.770262	0.703439
9.576934	0.672166
9.364337	0.695542
9.175431	0.706914
8.974206	0.652580
8.781510	0.668059
8.568281	0.653212
8.368004	0.665848
8.170253	0.667427
7.971239	0.658898
7.774753	0.649421
7.578897	0.650685
7.365352	0.639313
7.184029	0.644051
6.965745	0.632047
6.781578	0.649421
6.568349	0.616568
6.387657	0.643419
6.173164	0.608039
5.982048	0.617200
5.774504	0.597930
5.570752	0.584031
5.376161	0.586874
5.177146	0.591928
4.978448	0.574238
4.781646	0.557180
4.571891	0.566341
4.372246	0.547071
4.165334	0.544544
3.980220	0.571079
3.776151	0.509164
3.574295	0.534751
3.371806	0.491790
3.174055	0.524011
2.971566	0.485788
2.778239	0.504741
2.583963	0.463991
2.384633	0.433981
2.171720	0.430190
1.972390	0.406814
1.772113	0.410289
1.576889	0.374592
1.375348	0.318995
1.188654	0.250762
0.971950	0.140198
0.777991	0.037532
0.579292	-0.132402
0.367011	-0.305806
0.178737	-0.484580
-0.023117	-0.679147
-0.220210	-0.869607
-0.428358	-1.071754
-0.624188	-1.221785
-0.825071	-1.337072
-1.027218	-1.420773
-1.217047	-1.492788
-1.428038	-1.593861
-1.621972	-1.658296
-1.834543	-1.740734
-2.019633	-1.788428
-2.224623	-1.878130
-2.420137	-1.917928
-2.620389	-2.002261
-2.831064	-2.082804
-3.017418	-2.138395
-3.229356	-2.226202
-3.425502	-2.270422
-3.626701	-2.340542
-3.821899	-2.407503
-4.018361	-2.483308
-4.225562	-2.550269
-4.430551	-2.588803
-4.624170	-2.674400
-4.821263	-2.697773
-5.021831	-2.809901
-5.219872	-2.843698
-5.422334	-2.936243
-5.625745	-2.980147
-5.820311	-3.036053
-6.024669	-3.108700
-6.221447	-3.165869
-6.428331	-3.240095
-6.626372	-3.298844
-6.823149	-3.347486
-7.034772	-3.399918
-7.225548	-3.445717
-7.422641	-3.544579
-7.624788	-3.608066
-7.823777	-3.678501
-8.035084	-3.742936
-8.216700	-3.784313
-8.436535	-3.848431
-8.614676	-3.914129
-8.828510	-3.991829
-9.018970	-4.038891
-9.223644	-4.100483
-9.316821	-4.109959
-9.340826	-4.110275
-9.350617	-4.118171
-9.353776	-4.128910
-9.340510	-4.131437
-9.333562	-4.120698
-9.309557	-4.107432
-9.231541	-4.090060
-9.017076	-4.015834
-8.827247	-3.998146
-8.616571	-3.908759
-8.430849	-3.881280
-8.220174	-3.755886
-8.028767	-3.737250
-7.821250	-3.646916
-7.614997	-3.612804
-7.425800	-3.547106
-7.231865	-3.483303
-7.022138	-3.417290
-6.829782	-3.343380
-6.621003	-3.288737
-6.428647	-3.228724
-6.215129	-3.171871
-6.024669	-3.120070
-5.824733	-3.043002
-5.621007	-3.003836
-5.432126	-2.934348
-5.224294	-2.891392
-5.028780	-2.802321
-4.823158	-2.753363
-4.630487	-2.680085
-4.417601	-2.617546
-4.227457	-2.562587
-4.028468	-2.488046
-3.821584	-2.415083
-3.626070	-2.356966
-3.419185	-2.268527
-3.232199	-2.213568
-3.020576	-2.134289
-2.821904	-2.092596
-2.626074	-1.997839
-2.415399	-1.930562
-2.229676	-1.872445
-2.019949	-1.778320
-1.828541	-1.737575
-1.620393	-1.651347
-1.426774	-1.586281
-1.221785	-1.496578
-1.007635	-1.420457
-0.830757	-1.331702
-0.624188	-1.200622
-0.422357	-1.067332
-0.223053	-0.878135
-0.023117	-0.714522
0.181580	-0.480158
0.380910	-0.310544
0.568552	-0.121032
0.775779	0.037848
0.972582	0.163259
1.174439	0.273506
1.371873	0.313941
1.569308	0.361009
1.775903	0.387544
1.973022	0.416606
2.183724	0.461148
2.372313	0.455146
2.574170	0.471572
2.782345	0.460516
2.965880	0.481049
3.186059	0.505373
3.369278	0.548335
3.581244	0.537278
3.772361	0.533172
3.985274	0.520852
4.165334	0.530645
4.373825	0.575502
4.574103	0.588138
4.776907	0.580872
4.979712	0.574870
5.173040	0.545808
5.374265	0.586242
5.572963	0.606775
5.765975	0.643103
5.980468	0.638049
6.167794	0.593824
6.384498	0.599194
6.576246	0.600773
6.782842	0.666164
6.970168	0.660478
7.178342	0.671534
7.377040	0.618148
7.579213	0.602985
7.781702	0.640892
7.975346	0.686697
8.171516	0.699649
8.376217	0.678168
8.574599	0.641208
8.785933	0.620359
8.971995	0.666480
9.177643	0.733133
9.375710	0.699017
9.574723	0.713548
9.772473	0.634890
9.977174	0.663321
9.772473	0.683538
9.568721	0.735661
9.377289	0.715443
9.169745	0.679115
8.980208	0.627309
8.779931	0.635206
8.569860	0.661425
8.381587	0.699333
8.166462	0.675956
7.975977	0.675009
7.764644	0.603301
7.574475	0.633311
7.378620	0.649105
7.163811	0.662689
6.981855	0.665848
6.767047	0.619727
6.580669	0.603301
6.373442	0.611198
6.176955	0.636154
5.976046	0.635522
5.771977	0.617832
5.570436	0.592244
5.370790	0.564130
5.185044	0.581188
4.980028	0.566973
4.780698	0.604564
4.579157	0.552126
4.373509	0.548335
4.180182	0.539806
3.972638	0.516429
3.778995	0.556232
3.575242	0.528433
3.369278	0.519904
3.170264	0.491474
2.969039	0.491474
2.780450	0.481049
2.574170	0.469677
2.372945	0.477890
2.183724	0.430190
1.971758	0.416291
1.772113	0.391651
1.573415	0.361641
1.380087	0.318363
1.171912	0.256132
0.981111	0.165786
0.773884	0.028371
0.572659	-0.115662
0.376804	-0.283697
0.171156	-0.498162
-0.016800	-0.682305
-0.234423	-0.884452
-0.421409	-1.060699
-0.630189	-1.230313
-0.835495	-1.321279
-1.016163	-1.424563
-1.235051	-1.526268
-1.417614	-1.571436
-1.630185	-1.671562
-1.818750	-1.725888
-2.027530	-1.811169
-2.219569	-1.871498
-2.414767	-1.946039
-2.622600	-2.011737
-2.823483	-2.070486
-3.024683	-2.146291
-3.224934	-2.204408
-3.425502	-2.292847
-3.622911	-2.334224
-3.822215	-2.415715
-4.030995	-2.469094
-4.212612	-2.513630
-4.426129	-2.631128
-4.625433	-2.659870
-4.823790	-2.757469
-5.024042	-2.799478
-5.225241	-2.878126
-5.426125	-2.920450
-5.623218	-2.986780
-5.829787	-3.057215
-6.027196	-3.116280
-6.217024	-3.170607
-6.428963	-3.250834
-6.615633	-3.299476
-6.836731	-3.381914
-7.020243	-3.433082
-7.235655	-3.522153
-7.418851	-3.542684
-7.616892	-3.631439
-7.832936	-3.677238
-8.017079	-3.737566
-8.230282	-3.804212
-8.417583	-3.875595
-8.622257	-3.918235
-8.821877	-3.979827
-9.025919	-4.030364
-9.224908	-4.087849
-9.311452	-4.114065
-9.334509	-4.121014
-9.345880	-4.121329
-9.369569	-4.122593
-9.350617	-4.116276
-9.344616	-4.106800
-9.311768	-4.111538
-9.217327	-4.088797
-9.031920	-4.048051
-8.818087	-3.965297
-8.624784	-3.921710
-8.424216	-3.836745
-8.226807	-3.786208
-8.024344	-3.718615
-7.817775	-3.652917
-7.630789	-3.611224
-7.421378	-3.536367
-7.224285	-3.478881
-7.034140	-3.423291
-6.821254	-3.377176
-6.628267	-3.298213
-6.417592	-3.242938
-6.229027	-3.163343
-6.021826	-3.084379
-5.829155	-3.053109
-5.627956	-2.981411
-5.420755	-2.932453
-5.237244	-2.865492
-5.020252	-2.778948
-4.828212	-2.727148
-4.621959	-2.656712
-4.431815	-2.618178
-4.229036	-2.533213
-4.018361	-2.473832
-3.831375	-2.405292
-3.615015	-2.325065
-3.432135	-2.282740
-3.218617	-2.215147
-3.026578	-2.153240
-2.824747	-2.063853
-2.625126	-1.998471
-2.422980	-1.926140
-2.223991	-1.863601
-2.024371	-1.815907
-1.823488	-1.720203
-1.621025	-1.673457
-1.422036	-1.565119
-1.222732	-1.507949
-1.031008	-1.423932
-0.823492	-1.326017
-0.634295	-1.232524
-0.418882	-1.041116
-0.225895	-0.884452
-0.019958	-0.684200
0.177790	-0.495951
0.372697	-0.301384
0.576449	-0.116610
0.773568	0.031214
0.974161	0.160416
1.184232	0.257711
1.370294	0.323733
1.574046	0.381226
1.764847	0.397337
1.983131	0.407761
2.169825	0.410289
2.383054	0.460516
2.578593	0.457357
2.771605	0.497160
2.973462	0.482629
3.171212	0.508532
3.376860	0.515798
3.574295	0.520536
3.778995	0.549598
3.982431	0.545176
4.167861	0.536647
4.380143	0.577713
4.569996	0.550230
4.780698	0.579924
4.968024	0.565393
5.184096	0.603301
5.368263	0.577397
5.576122	0.625413
5.781770	0.600142
5.973518	0.605196
6.183904	0.629836
6.375021	0.609934
6.582880	0.633311
6.777155	0.643103
6.971747	0.629836
7.180553	0.632047
7.368196	0.633626
7.576055	0.660793
7.780123	0.659530
7.968396	0.682274
8.177203	0.648789
8.370847	0.658582
8.577442	0.633311
8.764452	0.671218
8.984631	0.689540
9.163112	0.688592
9.371602	0.685433
9.572512	0.672166
9.774053	0.672166
9.977805	0.699333
9.771210	0.721445
9.577250	0.704703
9.366232	0.680695
9.167534	0.662689
8.985894	0.652896
8.766347	0.663005
8.586603	0.697121
8.360422	0.662373
8.175940	0.646894
7.967448	0.607723
7.781386	0.633626
7.571632	0.654791
7.372618	0.677852
7.179922	0.665848
6.973958	0.617832
6.776524	0.603301
6.577194	0.595087
6.376916	0.656687
6.175375	0.637733
5.971623	0.632995
5.780190	0.596035
5.570752	0.542017
5.376792	0.582451
5.175567	0.602985
4.980660	0.620359
4.776276	0.579608
4.569996	0.552757
4.374773	0.518641
4.169125	0.529065
3.975481	0.574238
3.776151	0.555600
3.574610	0.547703
3.379387	0.495580
3.170580	0.473152
2.979148	0.484524
2.769710	0.492105
2.581436	0.502530
2.377684	0.452934
2.171720	0.430190
1.977129	0.391019
1.772744	0.401128
1.575310	0.381858
1.371558	0.336369
1.175387	0.260870
0.979848	0.145884
0.768514	0.028687
0.579924	-0.107450
0.366063	-0.319072
0.186003	-0.478263
-0.024696	-0.701888
-0.221473	-0.857920
-0.433728	-1.065437
-0.626083	-1.200938
-0.825387	-1.350022
-1.023428	-1.430249
-1.221153	-1.504159
-1.426458	-1.577753
-1.622920	-1.642819
-1.822540	-1.736943
-2.025950	-1.801694
-2.224623	-1.871182
-2.428033	-1.946039
-2.619441	-1.985205
-2.829169	-2.071118
-3.027525	-2.124497
-3.225250	-2.233151
-3.429924	-2.273896
-3.624490	-2.373075
-3.825058	-2.402133
-4.017413	-2.476359
-4.221456	-2.551848
-4.427077	-2.613440
-4.631119	-2.687034
-4.823790	-2.743256
-5.022147	-2.802953
-5.226189	-2.874336
-5.416018	-2.939086
-5.625113	-3.036685
-5.825681	-3.070166
-6.016457	-3.140285
-6.237555	-3.194928
-6.419803	-3.238200
-6.634584	-3.317796
-6.818727	-3.388863
-7.029402	-3.442874
-7.220179	-3.482671
-7.425484	-3.557213
-7.626052	-3.606802
-7.822829	-3.685134
-8.031609	-3.756202
-8.228703	-3.806107
-8.428638	-3.877174
-8.615940	-3.904022
-8.825352	-3.982353
-9.025288	-4.042050
-9.213853	-4.104905
-9.296290	-4.130173
-9.322190	-4.131752
-9.342405	-4.130173
-9.341774	-4.136490
-9.335141	-4.139965
-9.318716	-4.132069
-9.300081	-4.120698
-9.230593	-4.099852
-9.020234	-4.017729
-8.819035	-3.963402
-8.624468	-3.913181
-8.425163	-3.867698
-8.229650	-3.799158
-8.022133	-3.742936
-7.832621	-3.667131
-7.609627	-3.593537
-7.424221	-3.555950
-7.227128	-3.480777
-7.022454	-3.433714
-6.828519	-3.369280
-6.625424	-3.295054
-6.428647	-3.234726
-6.220183	-3.167133
-6.021511	-3.132389
-5.828839	-3.055320
-5.621007	-2.978568
-5.432758	-2.938770
-5.214186	-2.856648
-5.028464	-2.811481
-4.813367	-2.740413
-4.634909	-2.687666
-4.423286	-2.594489
-4.225877	-2.549953
-4.027836	-2.461198
-3.820004	-2.401817
-3.624174	-2.346543
-3.425502	-2.267263
-3.228724	-2.207883
-3.027209	-2.127024
-2.820640	-2.061958
-2.629233	-2.006999
-2.417294	-1.920139
-2.232519	-1.892660
-2.022476	-1.792218
-1.830121	-1.747998
-1.618498	-1.636818
-1.427722	-1.591966
-1.219890	-1.490577
-1.018690	-1.426458
-0.830125	-1.336756
-0.624188	-1.193674
-0.420462	-1.034167
-0.226527	-0.881609
-0.021853	-0.703467
0.176210	-0.506374
0.378699	-0.289698
0.569816	-0.126401
0.773252	0.045746
0.982375	0.158836
1.166226	0.267820
1.385141	0.334474
1.565833	0.376488
1.771797	0.376488
1.970495	0.401444
2.177722	0.441562
2.369154	0.464623
2.575750	0.495264
2.780450	0.488946
2.970303	0.475363
3.174371	0.490526
3.372437	0.512323
3.579981	0.569816
3.772677	0.543280
3.973586	0.544228
4.182393	0.531276
4.367507	0.528749
4.581684	0.590981
4.768694	0.583083
4.986346	0.608039
5.173987	0.563498
5.378372	0.582451
5.573911	0.573922
5.776400	0.610250
5.975098	0.638997
6.178218	0.628256
6.376600	0.620359
6.579405	0.608355
6.772101	0.635838
6.979960	0.636785
7.167602	0.671534
7.379568	0.655107
7.575423	0.626677
7.776648	0.662373
7.975977	0.638365
8.172780	0.680379
8.380639	0.668691
8.578390	0.667743
8.779931	0.657319
8.976102	0.665532
9.171957	0.680063
9.378236	0.689856
9.570300	0.691119
9.779423	0.684486
9.974647	0.682906
9.780686	0.702807
9.565878	0.681011
9.376025	0.691435
9.165323	0.675325
8.971679	0.676588
8.776140	0.679747
8.569860	0.660162
8.375901	0.653844
8.173097	0.662057
7.978505	0.662057
7.778859	0.630152
7.578897	0.660162
7.381779	0.660793
7.166022	0.619411
6.978381	0.657003
6.769258	0.610566
6.584775	0.641524
6.373126	0.620359
6.182641	0.633942
5.978889	0.590665
5.769450	0.594771
5.576122	0.586874
5.372370	0.591928
5.173672	0.608987
4.981923	0.577081
4.774064	0.559391
4.580105	0.551810
4.359294	0.538226
4.175443	0.565393
3.976113	0.544544
3.771097	0.536331
3.580928	0.501266
3.370542	0.514850
3.180373	0.488631
2.975041	0.512639
2.779818	0.493369
2.571327	0.463359
2.378315	0.438403
2.175195	0.421977
1.970811	0.415343
1.780642	0.420081
1.566149	0.370802
1.384193	0.326260
1.169701	0.218540
0.974477	0.168629
0.784624	0.042903
0.566341	-0.132086
0.375540	-0.299489
0.169261	-0.499109
-0.008903	-0.660195
-0.230001	-0.874029
-0.420462	-1.068595
-0.626083	-1.235682
-0.831073	-1.333913
-1.022796	-1.423300
-1.223048	-1.504790
-1.425195	-1.580280
-1.620393	-1.670614
-1.826330	-1.729995
-2.029109	-1.814012
-2.237257	-1.869918
-2.413504	-1.923929
-2.628917	-2.010158
-2.822220	-2.058167
-3.026262	-2.159873
-3.224618	-2.197775
-3.425186	-2.282424
-3.619121	-2.317168
-3.819373	-2.407503
-4.031311	-2.477622
-4.227457	-2.537635
-4.423918	-2.601753
-4.629855	-2.666188
-4.817473	-2.713250
-5.030675	-2.790950
-5.222083	-2.859806
-5.430547	-2.938454
-5.618796	-2.986148
-5.821890	-3.073008
-6.026564	-3.100172
-6.215445	-3.178504
-6.434017	-3.253361
-6.620371	-3.322849
-6.829466	-3.380335
-7.022138	-3.420448
-7.226811	-3.491200
-7.426747	-3.540789
-7.620998	-3.614699
-7.831041	-3.698716
-8.022133	-3.732512
-8.229965	-3.800421
-8.422321	-3.839271
-8.631733	-3.921710
-8.818719	-3.973510
-9.022129	-4.061317
-9.223012	-4.108696
-9.303871	-4.114381
-9.340510	-4.111854
-9.349354	-4.121961
-9.354408	-4.129226
-9.338299	-4.132069
-9.333562	-4.120382
-9.323770	-4.100483
-9.217958	-4.055948
-9.026551	-4.032259
-8.823140	-3.958980
-8.628574	-3.933080
-8.427059	-3.841482
-8.231861	-3.807370
-8.025924	-3.728722
-7.824724	-3.679133
-7.625420	-3.634282
-7.422326	-3.562583
-7.229654	-3.494990
-7.029087	-3.428976
-6.820939	-3.356014
-6.637427	-3.309583
-6.416645	-3.241359
-6.229659	-3.195876
-6.018668	-3.102699
-5.817469	-3.067323
-5.631114	-2.997519
-5.415070	-2.941929
-5.233453	-2.895182
-5.014250	-2.812428
-4.824422	-2.746415
-4.622907	-2.666819
-4.428656	-2.619125
-4.225877	-2.556270
-4.024046	-2.493415
-3.825690	-2.418874
-3.623543	-2.342752
-3.427397	-2.282740
-3.222723	-2.192090
-3.025630	-2.161452
-2.825063	-2.074908
-2.615651	-2.010789
-2.433403	-1.958989
-2.217674	-1.847177
-2.030372	-1.809274
-1.818118	-1.721782
-1.631764	-1.665876
-1.421089	-1.571120
-1.222416	-1.513003
-1.019954	-1.422984
-0.826335	-1.321911
-0.621977	-1.209782
-0.427726	-1.057856
-0.216735	-0.883820
-0.029750	-0.705678
0.179685	-0.486475
0.368906	-0.294436
0.581504	-0.101449
0.773568	0.025212
0.973530	0.179685
1.182336	0.259922
1.370294	0.325629
1.575310	0.353427
1.769901	0.390703
1.974917	0.419450
2.172352	0.451987
2.372945	0.467782
2.580804	0.465886
2.780134	0.443458
2.974410	0.484208
3.167106	0.498423
3.381283	0.558443
3.569872	0.532856
3.778047	0.544544
3.975481	0.500003
4.165966	0.527802
4.374141	0.581188
4.569680	0.587506
4.780066	0.602037
4.971499	0.567604
5.180621	0.548967
5.374897	0.564761
5.577386	0.618464
5.779874	0.642787
5.970675	0.621622
6.173796	0.622254
6.374074	0.567288
6.579405	0.625413
6.772417	0.659530
6.975853	0.685433
7.174868	0.661741
7.371986	0.629836
7.579213	0.608987
7.780123	0.632995
7.967764	0.694278
8.180994	0.686697
8.369583	0.677852
8.584076	0.643103
8.765083	0.628888
8.983051	0.679747
9.170061	0.699964
9.364021	0.717655
9.576303	0.699333
9.767735	0.664268
9.977805	0.651317
9.769946	0.691751
9.574723	0.714812
9.371919	0.713864
9.171640	0.687645
8.980840	0.647842
8.773613	0.636785
8.577127	0.677852
8.373374	0.671534
8.174676	0.699333
7.964921	0.638365
7.776016	0.634574
7.581425	0.625413
7.364720	0.638681
7.184344	0.668375
6.967640	0.641524
6.779999	0.629204
6.573403	0.605828
6.379128	0.613725
6.175691	0.617200
5.977309	0.623834
5.767239	0.635522
5.574859	0.584031
5.367947	0.573922
5.180621	0.566025
4.974658	0.585610
4.785437	0.581188
4.569048	0.556548
4.385197	0.555916
4.166598	0.531276
3.981168	0.551494
3.778363	0.528117
3.575242	0.549914
3.371490	0.504109
3.176583	0.494001
2.971566	0.490210
2.778871	0.475679
2.579857	0.473152
2.381159	0.460200
2.177406	0.416606
1.979972	0.425767
1.766742	0.390071
1.574046	0.372065
1.367451	0.311413
1.176966	0.270347
0.977952	0.143673
0.771041	0.042903
0.583399	-0.115662
0.368275	-0.293488
0.183792	-0.478895
-0.025959	-0.686727
-0.220842	-0.871818
-0.426779	-1.080598
-0.631137	-1.214520
-0.823492	-1.328544
-1.026902	-1.434039
-1.220205	-1.504159
-1.423300	-1.602074
-1.625447	-1.647241
-1.826014	-1.756526
-2.021213	-1.790639
-2.224939	-1.885079
-2.426138	-1.948882
-2.619125	-1.997523
-2.826642	-2.085963
-3.029104	-2.139342
-3.222407	-2.214515
-3.429924	-2.269790
-3.617857	-2.351596
-3.829164	-2.411925
-4.025626	-2.474464
-4.231247	-2.551848
-4.426445	-2.597647
-4.621643	-2.675347
-4.824738	-2.734728
-5.014566	-2.801689
-5.233138	-2.858227
-5.425809	-2.922977
-5.630798	-2.987096
-5.827892	-3.047424
-6.022142	-3.118807
-6.223026	-3.190822
-6.422014	-3.237253
-6.628267	-3.313374
-6.826308	-3.349381
-7.035404	-3.434662
-7.227128	-3.481408
-7.418851	-3.561003
-7.631421	-3.607118
-7.814617	-3.659234
-8.029082	-3.738198
-8.219543	-3.775785
-8.435903	-3.866119
-8.617204	-3.916656
-8.828194	-3.982353
-9.026867	-4.036996
-9.224276	-4.067318
-9.320928	-4.100483
-9.343669	-4.109643
-9.356303	-4.113117
-9.371779	-4.112802
-9.358514	-4.108696
-9.355671	-4.097009
-9.313031	-4.097641
-9.225539	-4.094166
-9.018338	-4.011412
-8.823772	-3.987407
-8.616887	-3.890124
-8.430533	-3.833586
-8.230913	-3.769468
-8.024660	-3.727143
-7.825988	-3.669657
-7.627631	-3.617857
-7.421694	-3.546790
-7.234392	-3.482671
-7.019611	-3.409077
-6.834204	-3.375281
-6.616580	-3.297265
-6.433701	-3.248939
-6.216709	-3.152604
-6.024037	-3.120386
-5.827260	-3.039212
-5.622902	-3.002257
-5.430547	-2.941929
-5.219556	-2.870229
-5.024673	-2.799794
-4.823158	-2.736623
-4.628592	-2.669662
-4.428656	-2.612808
-4.221771	-2.552164
-4.027205	-2.497205
-3.823795	-2.401817
-3.623859	-2.353807
-3.425186	-2.252102
-3.232515	-2.234414
-3.024367	-2.138395
-2.827905	-2.090385
-2.631759	-2.007631
-2.421084	-1.925825
-2.233467	-1.879394
-2.022160	-1.797272
-1.826646	-1.741681
-1.622920	-1.651031
-1.421089	-1.581543
-1.224943	-1.502264
-1.018374	-1.413193
-0.826019	-1.348442
-0.632716	-1.211046
-0.416987	-1.060383
-0.234107	-0.879714
-0.021537	-0.680726
0.177474	-0.481737
0.378067	-0.296647
0.571079	-0.115978
0.782413	0.052063
0.973530	0.155361
1.168753	0.254236
1.379139	0.326892
1.568676	0.370802
1.779378	0.396073
1.966704	0.414079
2.178986	0.457357
2.386213	0.438087
2.571012	0.473468
2.786768	0.491474
2.971882	0.472836
3.179741	0.520852
3.370226	0.519588
3.574295	0.528749
3.772361	0.526854
3.977061	0.544228
4.171021	0.558443
4.369402	0.566341
4.576946	0.570132
4.774380	0.549598
4.978765	0.581820
5.178726	0.562866
5.365736	0.608987
5.578965	0.612146
5.769134	0.605512
5.977625	0.620359
6.173480	0.591296
6.379444	0.622570
6.577194	0.637101
6.772733	0.671534
6.973958	0.639944
7.177079	0.628572
7.378304	0.633626
7.585531	0.631099
7.773173	0.686065
7.980400	0.688276
8.165831	0.658898
8.386326	0.634574
8.567333	0.638049
8.787196	0.669007
8.966625	0.695542
9.175116	0.723025
9.377920	0.680379
9.571880	0.664900
9.780686	0.641524
9.971487	0.709125
9.771842	0.724288
9.572196	0.713232
9.371919	0.682274
9.176695	0.648474
8.969152	0.626045
8.778667	0.698701
8.567966	0.686381
8.380639	0.699964
8.167094	0.630783
7.980084	0.626677
7.782018	0.593824
7.572896	0.680379
7.384938	0.674693
7.168866	0.657003
6.982172	0.641208
6.771153	0.583399
6.580353	0.600773
6.378496	0.651317
6.172848	0.647526
5.979836	0.639313
5.773557	0.586242
5.573595	0.569184
5.378056	0.555600
5.172092	0.620043
4.974342	0.586558
4.771853	0.600142
4.580105	0.535699
4.370034	0.517061
4.177970	0.543280
3.975797	0.554021
3.779310	0.565393
3.573663	0.530961
3.372122	0.497792
3.179741	0.475047
2.969355	0.483576
2.783609	0.499687
2.578277	0.473152
2.368523	0.458936
2.183408	0.429558
1.967652	0.389124
1.785064	0.399548
1.568992	0.369538
1.386721	0.334158
1.173175	0.245075
0.976057	0.163574
0.776095	0.034373
0.567604	-0.124506
0.376488	-0.296647
0.177474	-0.499109
-0.021537	-0.675040
-0.225895	-0.883189
-0.418567	-1.055013
-0.626083	-1.221153
-0.835495	-1.340546
-1.017427	-1.417930
-1.227470	-1.519004
-1.420773	-1.565434
-1.625131	-1.660191
-1.825383	-1.722098
-2.023423	-1.811801
-2.232203	-1.886343
-2.416347	-1.937195
-2.622284	-2.019633
-2.826010	-2.070486
-3.021208	-2.154503
-3.229040	-2.222412
-3.422343	-2.290321
-3.625754	-2.333593
-3.816846	-2.407819
-4.035101	-2.478254
-4.214507	-2.531002
-4.420760	-2.636497
-4.627013	-2.682612
-4.823158	-2.753995
-5.025621	-2.798531
-5.223030	-2.856648
-5.431494	-2.932769
-5.628587	-2.988043
-5.830102	-3.058163
-6.030986	-3.118807
-6.212603	-3.157657
-6.431490	-3.241675
-6.621950	-3.298213
-6.834836	-3.385388
-7.016452	-3.408446
-7.235655	-3.502570
-7.423905	-3.525628
-7.620682	-3.603012
-7.828198	-3.669342
-8.020554	-3.733144
-8.229334	-3.793788
-8.429901	-3.853801
-8.620362	-3.901811
-8.826615	-3.957085
-9.018023	-4.022467
-9.226487	-4.104273
-9.303871	-4.122277
-9.319980	-4.131752
-9.339247	-4.128278
-9.356619	-4.127015
-9.336720	-4.131121
-9.331035	-4.125751
-9.301344	-4.123540
-9.217327	-4.085954
-9.026867	-4.040787
-8.808927	-3.969088
-8.620362	-3.916024
-8.427375	-3.856012
-8.219858	-3.789366
-8.034767	-3.730933
-7.825040	-3.662393
-7.629842	-3.617857
-7.427063	-3.534472
-7.218599	-3.488357
-7.035404	-3.441926
-6.814305	-3.382230
-6.632057	-3.305161
-6.422646	-3.245465
-6.232502	-3.183557
-6.020879	-3.104909
-5.834840	-3.053741
-5.626692	-2.983621
-5.419492	-2.912554
-5.225557	-2.859491
-5.018988	-2.790003
-4.826949	-2.750205
-4.621959	-2.676295
-4.426445	-2.623547
-4.232510	-2.553427
-4.016466	-2.461830
-3.830427	-2.416662
-3.616278	-2.327276
-3.427081	-2.293479
-3.220512	-2.191774
-3.030684	-2.145975
-2.826326	-2.044902
-2.619441	-1.993101
-2.426138	-1.943196
-2.223675	-1.865496
-2.030372	-1.813696
-1.826330	-1.717676
-1.621657	-1.653242
-1.419825	-1.566066
-1.215783	-1.506685
-1.028482	-1.428038
-0.816859	-1.323490
-0.627978	-1.207255
-0.427095	-1.033851
-0.224000	-0.881925
-0.025959	-0.700309
0.180949	-0.502900
0.369854	-0.294752
0.578345	-0.105239
0.776411	0.026476
0.971318	0.159152
1.177598	0.272242
1.366503	0.322470
1.578469	0.378383
1.761056	0.381226
1.981235	0.408709
2.170141	0.423872
2.383370	0.479470
2.579225	0.479154
2.773184	0.481049
2.977253	0.486103
3.171844	0.491790
3.378124	0.525274
3.579665	0.535383
3.779310	0.560339
3.987485	0.537910
4.167861	0.530645
4.381407	0.564130
4.575366	0.549598
4.779435	0.612777
4.973078	0.567920
5.183780	0.593192
5.366368	0.563498
5.569804	0.598562
5.772925	0.605512
5.969411	0.624150
6.178534	0.631415
6.376916	0.609618
6.577510	0.627940
6.771153	0.634890
6.968588	0.648789
7.179922	0.669323
7.370722	0.632047
7.573527	0.658898
7.784861	0.636785
7.969660	0.648789
8.179414	0.647526
8.366108	0.679431
8.576179	0.643103
8.768874	0.660478
8.976733	0.685433
9.167850	0.658266
9.370655	0.688276
9.576303	0.693331
9.773421	0.681958
9.976542	0.712600
9.769630	0.689856
9.580725	0.689224
9.373182	0.666480
9.168797	0.681643
8.979576	0.682906
8.768559	0.664584
8.586603	0.689224
8.366108	0.641208
8.179098	0.663637
7.964605	0.635838
7.781070	0.658266
7.576055	0.660793
7.371038	0.654476
7.175499	0.630152
6.973958	0.626045
6.775576	0.628572
6.580037	0.632363
6.375968	0.663005
6.182641	0.615936
5.968780	0.593192
5.780506	0.595719
5.569804	0.571711
5.367947	0.618779
5.178094	0.591612
4.979396	0.589401
4.774380	0.542649
4.576946	0.541069
4.374141	0.554653
4.175759	0.560655
3.979588	0.572027
3.778995	0.535067
3.575242	0.500635
3.380019	0.487051
3.168053	0.502214
2.976305	0.525590
2.775080	0.496528
2.583647	0.476942
2.382738	0.420081
2.173931	0.399548
1.972390	0.420081
1.766426	0.412184
1.577205	0.376172
1.370610	0.318047
1.181073	0.245391
0.980479	0.142094
0.772304	0.033426
0.581188	-0.107134
0.361009	-0.322547
0.182528	-0.469419
-0.030381	-0.672829
-0.218315	-0.852867
-0.426147	-1.085651
-0.619450	-1.212309
-0.826335	-1.337387
-1.023744	-1.429933
-1.226522	-1.489945
-1.423616	-1.583438
-1.622920	-1.655137
-1.826962	-1.744208
-2.030056	-1.805168
-2.217042	-1.871182
-2.437509	-1.940985
-2.623863	-1.989627
-2.824431	-2.091964
-3.029736	-2.139026
-3.225566	-2.234098
-3.427081	-2.253997
-3.625438	-2.355387
-3.826637	-2.398975
-4.022151	-2.488677
-4.231247	-2.561640
-4.428024	-2.615335
-4.633646	-2.671557
-4.826632	-2.736307
-5.019304	-2.782738
-5.231243	-2.868650
-5.414122	-2.919503
-5.628272	-2.991834
-5.829471	-3.023419
-6.015509	-3.082168
-6.230606	-3.153235
-6.416645	-3.213563
-6.630794	-3.299160
-6.816201	-3.355066
-7.029087	-3.404340
-7.223022	-3.444137
-7.420430	-3.525944
-7.623841	-3.599222
-7.821250	-3.679765
-8.018659	-3.748937
-8.225860	-3.794420
-8.427059	-3.867067
-8.624468	-3.911602
-8.820614	-4.005727
-9.034131	-4.059738
-9.213853	-4.100167
-9.303240	-4.125751
-9.329140	-4.121014
-9.347143	-4.124172
-9.337352	-4.139018
-9.341142	-4.140281
-9.319348	-4.128278
-9.308293	-4.121329
-9.226171	-4.097324
-9.026551	-4.035101
-8.825667	-3.995619
-8.625416	-3.921710
-8.420426	-3.850326
-8.226175	-3.777996
-8.019607	-3.709771
-7.833252	-3.658602
-7.616892	-3.593537
-7.427063	-3.565110
-7.232497	-3.479197
-7.021822	-3.426450
-6.831046	-3.353171
-6.622898	-3.301371
-6.429595	-3.238832
-6.219235	-3.179451
-6.025301	-3.123545
-5.830419	-3.047740
-5.624166	-2.977620
-5.430231	-2.934664
-5.220819	-2.859491
-5.032886	-2.809901
-4.821263	-2.720830
-4.636804	-2.686718
-4.425813	-2.591962
-4.222403	-2.555954
-4.029732	-2.489625
-3.818109	-2.410345
-3.621964	-2.350333
-3.424554	-2.266632
-3.222407	-2.213568
-3.024683	-2.130814
-2.824431	-2.080593
-2.624495	-2.025003
-2.417926	-1.929931
-2.227150	-1.884763
-2.020897	-1.792218
-1.824119	-1.747051
-1.622920	-1.648820
-1.425511	-1.601758
-1.222100	-1.501316
-1.019322	-1.422984
-0.830441	-1.328544
-0.621977	-1.191147
-0.423936	-1.060699
-0.224632	-0.903087
-0.018695	-0.708205
0.172104	-0.493740
0.378699	-0.282117
0.568868	-0.128612
0.776727	0.053643
0.982059	0.163890
1.166857	0.268768
1.391775	0.322154
1.566781	0.358798
1.777167	0.376488
1.968599	0.418502
2.178354	0.457041
2.367891	0.464307
2.577645	0.462727
2.778555	0.452934
2.971882	0.463675
3.175003	0.536331
3.371174	0.536331
3.580612	0.566341
3.775204	0.526222
3.969479	0.521484
4.177970	0.524643
4.368771	0.561602
4.583580	0.613409
4.773748	0.578029
4.984135	0.589401
5.171144	0.536331
5.379319	0.584347
5.579597	0.617516
5.777347	0.639628
5.979836	0.636154
6.182325	0.596983
6.374705	0.587190
6.583827	0.616884
6.773365	0.667111
6.978381	0.661425
7.165707	0.657634
7.383358	0.644999
7.575107	0.590033
7.778227	0.658898
7.975977	0.670270
8.173412	0.704071
8.366424	0.659214
8.578074	0.644367
8.775825	0.638681
8.978629	0.674061
9.170061	0.706282
9.377289	0.705335
9.568405	0.687329
9.777528	0.674061
9.968644	0.657003
9.781950	0.705335
9.573460	0.698385
9.371602	0.723025
9.171640	0.661741
8.972627	0.657634
8.784669	0.660162
8.571124	0.660162
8.380323	0.694910
8.168042	0.671850
7.978189	0.647526
7.779807	0.627309
7.575423	0.635838
7.379251	0.649105
7.169181	0.649105
6.973326	0.655423
6.770206	0.607091
6.583196	0.625729
6.370914	0.596667
6.176323	0.633626
5.979836	0.629204
5.768502	0.608355
5.577070	0.594771
5.373317	0.575818
5.177146	0.587506
4.978448	0.572343
4.772485	0.580556
4.578841	0.560339
4.361505	0.541385
4.177970	0.560339
3.977061	0.533172
3.766675	0.541701
3.579033	0.522431
3.373385	0.513902
3.179741	0.496212
2.969039	0.500635
2.782661	0.470940
2.579225	0.460200
2.374525	0.451671
2.172984	0.437456
1.966072	0.420713
1.776219	0.415659
1.565833	0.346478
1.384509	0.334158
1.167805	0.241916
0.978268	0.173367
0.783677	0.032794
0.565709	-0.134297
0.379015	-0.284328
0.172735	-0.490897
-0.014589	-0.672514
-0.233476	-0.883504
-0.424568	-1.072070
-0.632400	-1.223048
-0.831073	-1.323490
-1.024060	-1.413193
-1.220521	-1.502895
-1.425827	-1.576489
-1.622288	-1.660823
-1.822540	-1.716729
-2.026582	-1.816855
-2.237573	-1.868655
-2.417610	-1.940038
-2.633655	-2.025319
-2.827589	-2.064485
-3.033842	-2.160504
-3.224934	-2.189563
-3.434346	-2.282424
-3.619437	-2.330434
-3.823163	-2.414451
-4.020256	-2.479202
-4.226825	-2.533529
-4.422339	-2.590067
-4.634593	-2.667451
-4.815894	-2.725884
-5.029096	-2.799162
-5.212291	-2.855384
-5.432758	-2.928031
-5.619428	-2.966565
-5.828523	-3.049003
-6.024669	-3.105857
-6.211655	-3.193665
-6.435912	-3.248623
-6.621634	-3.312110
-6.827571	-3.360120
-7.028455	-3.426450
-7.227759	-3.500044
-7.422957	-3.555950
-7.621314	-3.611224
-7.828515	-3.687030
-8.020870	-3.714509
-8.229018	-3.796631
-8.424216	-3.837376
-8.623521	-3.932448
-8.823772	-3.947294
-9.030972	-4.029732
-9.233120	-4.070793
-9.316505	-4.096693
-9.336088	-4.120382
-9.336720	-4.130805
-9.343353	-4.144387
-9.337983	-4.132700
-9.336720	-4.114381
-9.313978	-4.111854
-9.217958	-4.087849
-9.027498	-4.047735
-8.822509	-3.968456
-8.619099	-3.915708
-8.429270	-3.829480
-8.223648	-3.792209
-8.025291	-3.728091
-7.816828	-3.675975
-7.623525	-3.615646
-7.419483	-3.525944
-7.224285	-3.475723
-7.032877	-3.408762
-6.821886	-3.358225
-6.631110	-3.303898
-6.414433	-3.241043
-6.229343	-3.176293
-6.020879	-3.084063
-5.825996	-3.053109
-5.633009	-2.989307
-5.413175	-2.925504
-5.229663	-2.871809
-5.016777	-2.799794
-4.827264	-2.729358
-4.623538	-2.674084
-4.423602	-2.626390
-4.224930	-2.557534
-4.024046	-2.476991
-3.827585	-2.419505
-3.618805	-2.332013
-3.429608	-2.295058
-3.223987	-2.209146
-3.029104	-2.170612
-2.826642	-2.073960
-2.611229	-2.014264
-2.433403	-1.946355
-2.223044	-1.853178
-2.028161	-1.825067
-1.820013	-1.720835
-1.629869	-1.670298
-1.420773	-1.571436
-1.227470	-1.500053
-1.018058	-1.421405
-0.825703	-1.332334
-0.626083	-1.210414
-0.428358	-1.055645
-0.217051	-0.885715
-0.027539	-0.680410
0.182528	-0.485212
0.365116	-0.288750
0.583083	-0.106818
0.769777	0.023317
0.974793	0.184108
1.176018	0.244760
1.369662	0.334790
1.572467	0.359429
1.774640	0.405550
1.971758	0.433981
2.171404	0.441878
2.374525	0.445985
2.581120	0.471256
2.776975	0.466202
2.978516	0.508532
3.168053	0.500951
3.381914	0.540121
3.571136	0.499055
3.784365	0.551494
3.976429	0.515166
4.173232	0.554021
4.380143	0.580556
4.564942	0.568236
4.780382	0.570447
4.971183	0.561286
5.180937	0.581188
5.374581	0.602985
5.572963	0.624466
5.772293	0.621622
5.973834	0.592560
6.173480	0.611514
6.379759	0.607723
6.576878	0.658898
6.773365	0.651632
6.973011	0.662689
7.179922	0.613725
7.371038	0.613725
7.583636	0.666480
7.776648	0.674061
7.970923	0.696805
8.175940	0.655739
8.374005	0.632363
8.581864	0.632363
8.778035	0.673429
8.978945	0.713232
9.168166	0.691751
9.365285	0.684170
9.577250	0.634890
9.764576	0.659214
9.980965	0.710073
9.768051	0.732186
9.581041	0.719550
9.363073	0.675325
9.173536	0.681643
8.978312	0.639944
8.775825	0.683854
8.580285	0.705651
8.369583	0.675641
8.176887	0.660162
7.971239	0.591928
7.775068	0.637101
7.576055	0.663321
7.365984	0.665532
7.179606	0.676904
6.968588	0.625413
6.779367	0.599510
6.575298	0.602037
6.381655	0.658582
6.170005	0.650369
5.975414	0.636154
5.775452	0.593824
5.572963	0.555284
5.372370	0.585610
5.180621	0.596667
4.973078	0.620991
4.783541	0.569500
4.574103	0.548651
4.382986	0.521800
4.170073	0.528749
3.979272	0.573922
3.773940	0.546755
3.577453	0.548967
3.377492	0.486419
3.175319	0.487683
2.975357	0.493685
2.779818	0.496212
2.577645	0.488315
2.381790	0.449460
2.167929	0.413763
1.978076	0.420081
1.767690	0.390703
1.578785	0.383753
1.366503	0.327208
1.187075	0.260870
0.978584	0.138619
0.773884	0.035005
0.573922	-0.131139
0.373329	-0.306438
0.182212	-0.489318
-0.025959	-0.680410
-0.222105	-0.876240
-0.425515	-1.065121
-0.631137	-1.216099
-0.824440	-1.334545
-1.025323	-1.430880
-1.219890	-1.493735
-1.428669	-1.593545
-1.616287	-1.640608
-1.829489	-1.750209
-2.023108	-1.784637
-2.218937	-1.891712
-2.421400	-1.933721
-2.621336	-1.998787
-2.832643	-2.081225
-3.022787	-2.133341
-3.229356	-2.221464
-3.427397	-2.283688
-3.620068	-2.348754
-3.823795	-2.416347
-4.015834	-2.472885
-4.229352	-2.562903
-4.431815	-2.622284
-4.621011	-2.698405
-4.829160	-2.747362
-5.018356	-2.816850
-5.228400	-2.856016
-5.419807	-2.941613
-5.629851	-3.016154
-5.819679	-3.070797
-6.020879	-3.134600
-6.229659	-3.173766
-6.428331	-3.235673
-6.632057	-3.302634
-6.825992	-3.354119
-7.027823	-3.431819
-7.225864	-3.471617
-7.420115	-3.547106
-7.633000	-3.600801
-7.811774	-3.661129
-8.032872	-3.742936
-8.219227	-3.787155
-8.435587	-3.872752
-8.617519	-3.911286
-8.823140	-3.989302
-9.026551	-4.040155
-9.220486	-4.101115
-9.304819	-4.120382
-9.336088	-4.117539
-9.358198	-4.113433
-9.364831	-4.114381
-9.348722	-4.119750
-9.329455	-4.119119
-9.307030	-4.111854
-9.225539	-4.096377
-9.018338	-4.014571
-8.826299	-3.978563
-8.614676	-3.905601
-8.426743	-3.870541
-8.224280	-3.794104
-8.026555	-3.734724
-7.822513	-3.669342
-7.623525	-3.593221
-7.420430	-3.543316
-7.233445	-3.482040
-7.020875	-3.421080
-6.830098	-3.348749
-6.618160	-3.287789
-6.431174	-3.215459
-6.213866	-3.157657
-6.029723	-3.121018
-5.824417	-3.047424
-5.621007	-3.005415
-5.428020	-2.937823
-5.223978	-2.864228
-5.026253	-2.798531
-4.820316	-2.741677
-4.627013	-2.686718
-4.421707	-2.619757
-4.218613	-2.540162
-4.033522	-2.478886
-3.817162	-2.387920
-3.628596	-2.352544
-3.420764	-2.262525
-3.234726	-2.233467
-3.016154	-2.116916
-2.829800	-2.072065
-2.625758	-1.983626
-2.414767	-1.931510
-2.237573	-1.875604
-2.019001	-1.805484
-1.826014	-1.735364
-1.626078	-1.639976
-1.423300	-1.576173
-1.227470	-1.502895
-1.019006	-1.418562
-0.828230	-1.345916
-0.629557	-1.185461
-0.420462	-1.048696
-0.227790	-0.873081
-0.019642	-0.716102
0.177474	-0.480790
0.369854	-0.308017
0.566973	-0.112188
0.781465	0.041007
0.974477	0.154098
1.179177	0.276665
1.380403	0.330367
1.572467	0.368275
1.775587	0.388808
1.971758	0.401759
2.178670	0.457357
2.372945	0.452619
2.571959	0.481049
2.783925	0.484840
2.962090	0.475363
3.184164	0.500003
3.367383	0.510743
3.585983	0.544860
3.771097	0.536963
3.984010	0.545492
4.169757	0.537278
4.374141	0.553389
4.575998	0.573922
4.773748	0.592244
4.985082	0.594140
5.171461	0.573922
5.373633	0.602353
5.577070	0.588769
5.770082	0.604248
5.983943	0.641524
6.172848	0.608355
6.382602	0.631415
6.576246	0.623834
6.776840	0.644999
6.972694	0.634258
7.180238	0.659214
7.380831	0.640576
7.575107	0.638997
7.778859	0.666164
7.973451	0.637101
8.171516	0.659846
8.378112	0.650685
8.577758	0.659530
8.784038	0.668375
8.968204	0.677852
9.174168	0.676588
9.369391	0.667743
9.567142	0.687329
9.775001	0.692383
9.973067	0.717023
9.777212	0.701544
9.572827	0.679115
9.376341	0.687329
9.171325	0.665216
8.975470	0.671534
8.783405	0.698385
8.571440	0.661741
8.381587	0.657319
8.167094	0.636470
7.985455	0.643419
7.770962	0.648158
7.577002	0.682590
7.376725	0.640260
7.168866	0.620991
6.975538	0.623518
6.770838	0.621307
6.582248	0.643419
6.378180	0.640260
6.177587	0.624781
5.984890	0.589401
5.769766	0.566025
5.578018	0.613093
5.372054	0.594455
5.177146	0.630152
4.974026	0.557496
4.781330	0.566973
4.567785	0.511059
4.370034	0.555284
4.175759	0.569184
3.975165	0.549598
3.775520	0.536963
3.577453	0.494317
3.380019	0.483576
3.175635	0.515166
2.970935	0.519588
2.785820	0.514534
2.578593	0.444721
2.370418	0.433349
2.178038	0.402391
1.963545	0.424188
1.781590	0.413132
1.566465	0.380594
1.385141	0.301621
1.166542	0.231176
0.979848	0.149359
0.770093	0.019842
0.571079	-0.123242
0.371433	-0.311492
0.177474	-0.483948
-0.020590	-0.649772
-0.229054	-0.873713
-0.421409	-1.060067
-0.627978	-1.236314
-0.830757	-1.334229
-1.017743	-1.414772
-1.232524	-1.507317
-1.420141	-1.559117
-1.632396	-1.676299
-1.825067	-1.735364
-2.031952	-1.817486
-2.229992	-1.861706
-2.422664	-1.943512
-2.628285	-2.002261
-2.823483	-2.075540
-3.024998	-2.154187
-3.229040	-2.200934
-3.425186	-2.280213
-3.629228	-2.326644
-3.825058	-2.405607
-4.031311	-2.483308
-4.216718	-2.538898
-4.428024	-2.634918
-4.632698	-2.665872
-4.819368	-2.740413
-5.023726	-2.791582
-5.214186	-2.889497
-5.426441	-2.946351
-5.627324	-3.004784
-5.830102	-3.065744
-6.024353	-3.110911
-6.222710	-3.177556
-6.427700	-3.253361
-6.620371	-3.308952
-6.832309	-3.368648
-7.019611	-3.405287
-7.230917	-3.481408
-7.420746	-3.526891
-7.620998	-3.618489
-7.827883	-3.679133
-8.022765	-3.735355
-8.226175	-3.797894
-8.424532	-3.847800
-8.621942	-3.927079
-8.822509	-3.983933
-9.021181	-4.066055
-9.223644	-4.115013
-9.295027	-4.125120
-9.333878	-4.123857
-9.335457	-4.128278
-9.347775	-4.139649
-9.328824	-4.137754
-9.333562	-4.126067
-9.317769	-4.107432
-9.222381	-4.075847
-9.027814	-4.033206
-8.819982	-3.975089
-8.621625	-3.916656
-8.426111	-3.850326
-8.223648	-3.797263
-8.028767	-3.720510
-7.817460	-3.672500
-7.625420	-3.636493
-7.417588	-3.541736
-7.226180	-3.502886
-7.033193	-3.411920
-6.823149	-3.368964
-6.624793	-3.284947
-6.416960	-3.268522
-6.225868	-3.180715
-6.018984	-3.128599
-5.826944	-3.057215
-5.623534	-2.985201
-5.427072	-2.925820
-5.227452	-2.875599
-5.017725	-2.795056
-4.826949	-2.739150
-4.624170	-2.653869
-4.426761	-2.615967
-4.228088	-2.533213
-4.014571	-2.483939
-3.833902	-2.433403
-3.613435	-2.339278
-3.442874	-2.291268
-3.227145	-2.211673
-3.031947	-2.148502
-2.821588	-2.073328
-2.620389	-2.020897
-2.420768	-1.937827
-2.227466	-1.873077
-2.025319	-1.800114
-1.824751	-1.720203
-1.625447	-1.663349
-1.421405	-1.567961
-1.213257	-1.519951
-1.022796	-1.421089
-0.822860	-1.305170
-0.627031	-1.219258
-0.422041	-1.051855
-0.228106	-0.917301
-0.022801	-0.679462
0.173683	-0.495951
0.373961	-0.277380
0.577713	-0.114083
0.777675	0.032162
0.981111	0.171472
1.180441	0.261502
1.378191	0.321206
1.574678	0.348689
1.768638	0.383437
1.977760	0.431454
2.170141	0.455462
2.382422	0.484208
2.581436	0.457673
2.774448	0.457041
2.975357	0.470625
3.168369	0.520536
3.380335	0.542649
3.569556	0.547703
3.781206	0.544544
3.975481	0.498107
4.170073	0.536015
4.378248	0.579608
4.569364	0.580556
4.776591	0.602037
4.963917	0.553073
5.178094	0.565393
5.365420	0.568552
5.577070	0.629204
5.777663	0.627309
5.973518	0.624781
6.180114	0.608987
6.375653	0.585926
6.580037	0.634258
6.773049	0.645630
6.974906	0.676588
7.174868	0.644367
7.366616	0.619727
7.580793	0.634258
7.776964	0.641208
7.981664	0.690172
8.169937	0.678484
8.377796	0.674693
8.577758	0.624781
8.784353	0.644999
8.982420	0.670902
9.172588	0.698385
9.375077	0.708178
9.575987	0.676588
9.772473	0.668691
9.980648	0.671218
9.767419	0.683854
9.579778	0.713864
9.365285	0.689224
9.171957	0.677220
8.976102	0.652896
8.768559	0.662057
8.582812	0.673745
8.365477	0.679431
8.175940	0.667111
7.972503	0.644683
7.780438	0.648158
7.575738	0.633626
7.374513	0.648789
7.174551	0.661109
6.969536	0.637101
6.775576	0.629836
6.576246	0.614041
6.381339	0.629520
6.170321	0.606775
5.969728	0.637417
5.786192	0.607407
5.564434	0.574870
5.382163	0.608039
5.169881	0.563498
4.988241	0.588138
4.773748	0.564130
4.578209	0.566025
4.370982	0.554337
4.172284	0.551494
3.975797	0.536331
3.776783	0.533172
3.576506	0.523063
3.378755	0.502846
3.169317	0.522431
2.980096	0.495264
2.776659	0.472520
2.585859	0.475047
2.368523	0.430822
2.176458	0.453566
1.976497	0.414079
1.775272	0.419134
1.573730	0.347425
1.375980	0.317415
1.178230	0.246339
0.972898	0.154098
0.773252	0.035005
0.575502	-0.120400
0.366695	-0.306122
0.183792	-0.470998
-0.029118	-0.689254
-0.212629	-0.882241
-0.435307	-1.094179
-0.620398	-1.200938
-0.825071	-1.338019
-1.032272	-1.415719
-1.216415	-1.498473
-1.428985	-1.591334
-1.619761	-1.653242
-1.829489	-1.736628
-2.024687	-1.788112
-2.230308	-1.868023
-2.424875	-1.936563
-2.621020	-2.006052
-2.829484	-2.088490
-3.022787	-2.130814
-3.232515	-2.222728
-3.423291	-2.260630
-3.625438	-2.355703
-3.821899	-2.404344
-4.017729	-2.480465
-4.231563	-2.535424
-4.427077	-2.586908
-4.628276	-2.673136
-4.819368	-2.728727
-5.029411	-2.805164
-5.231243	-2.852542
-5.420439	-2.927399
-5.627640	-2.986780
-5.826313	-3.031631
-6.024353	-3.120702
-6.222394	-3.167133
-6.421698	-3.242622
-6.626688	-3.278630
-6.819675	-3.364542
-7.032877	-3.404971
-7.225232	-3.482671
-7.426432	-3.556897
-7.623209	-3.610909
-7.821250	-3.672816
-8.028450	-3.727143
-8.221753	-3.787471
-8.432428	-3.874963
-8.618466	-3.920762
-8.835459	-4.003516
-9.021181	-4.022151
-9.220486	-4.081216
-9.322823	-4.103326
-9.329140	-4.114381
-9.351881	-4.125751
-9.349670	-4.128910
-9.351565	-4.121014
-9.339878	-4.109327
-9.314610	-4.103958
-9.221433	-4.090376
-9.019286	-4.036681
-8.822824	-3.980143
-8.621942	-3.896441
-8.429901	-3.854116
-8.230282	-3.771994
-8.025291	-3.747989
-7.822513	-3.678501
-7.616576	-3.615330
-7.433381	-3.551528
-7.228707	-3.463720
-7.031298	-3.435925
-6.821254	-3.344327
-6.632373	-3.322533
-6.420119	-3.241990
-6.221762	-3.178188
-6.023722	-3.112490
-5.828523	-3.061321
-5.622271	-3.006995
-5.434021	-2.945719
-5.217977	-2.871809
-5.030043	-2.794425
-4.813367	-2.726516
-4.638068	-2.667451
-4.421391	-2.591646
-4.228720	-2.562587
-4.024678	-2.465936
-3.820004	-2.418874
-3.630176	-2.337699
-3.423923	-2.287478
-3.231883	-2.217990
-3.028157	-2.154187
-2.826957	-2.069538
-2.625442	-2.001314
-2.420768	-1.915085
-2.234098	-1.876235
-2.021528	-1.790323
-1.831700	-1.753052
-1.617866	-1.642503
-1.429617	-1.595756
-1.211361	-1.493104
-1.020269	-1.441304
-0.833284	-1.330755
-0.620713	-1.200307
-0.432780	-1.071122
-0.221157	-0.880978
-0.024064	-0.689886
0.179369	-0.474473
0.370802	-0.299489
0.570763	-0.115030
0.774516	0.049536
0.976689	0.159152
1.175071	0.264977
1.381350	0.313941
1.574678	0.371749
1.774956	0.384701
1.975233	0.441562
2.180565	0.441878
2.373893	0.439983
2.577645	0.467466
2.776659	0.464307
2.974725	0.498423
3.174055	0.523695
3.371806	0.530645
3.578401	0.525274
3.769202	0.515798
3.978009	0.547387
4.170073	0.554969
4.368771	0.583083
4.578209	0.579924
4.768062	0.556864
4.981291	0.562234
5.175251	0.579292
5.379951	0.612462
5.569172	0.620991
5.772609	0.617200
5.980468	0.592244
6.178534	0.582767
6.381655	0.627309
6.576878	0.648474
6.778419	0.677536
6.973011	0.627940
7.177079	0.633626
7.378304	0.602037
7.569105	0.643419
7.780755	0.699017
7.962078	0.667743
8.176571	0.671534
8.365477	0.623202
8.573651	0.634890
8.773613	0.667111
8.976418	0.719234
9.171640	0.718286
9.373498	0.684486
9.572196	0.648789
9.771525	0.649105
9.971171	0.709441
9.777843	0.721129
9.566826	0.729975
9.381080	0.687013
9.164691	0.623834
8.980524	0.662057
8.773929	0.671534
8.567966	0.717339
8.371478	0.679115
8.169621	0.659530
7.977557	0.605512
7.773173	0.626045
7.573211	0.665532
7.376093	0.680379
7.165075	0.654160
6.979644	0.642787
6.765783	0.579292
6.588250	0.628572
6.368703	0.633626
6.183904	0.665848
5.973834	0.613725
5.778927	0.603301
5.581492	0.554969
5.363209	0.578977
5.183148	0.598246
4.975289	0.597299
4.777223	0.575186
4.571891	0.541069
4.369719	0.533804
4.177970	0.552441
3.972638	0.547703
3.779626	0.571079
3.576190	0.512639
3.377176	0.513270
3.169633	0.471888
2.974094	0.502214
2.774764	0.477574
2.569116	0.494001
2.380843	0.454514
2.172036	0.413448
1.979656	0.415027
1.767058	0.389124
1.572467	0.372697
1.379455	0.325313
1.176966	0.244760
0.983006	0.162311
0.770093	0.025844
0.570132	-0.115978
0.380594	-0.299174
0.170840	-0.480790
-0.018379	-0.675356
-0.225895	-0.877503
-0.416040	-1.059120
-0.630505	-1.218310
-0.827282	-1.313698
-1.019954	-1.424247
-1.223680	-1.493735
-1.423300	-1.573015
-1.627026	-1.650083
