# Configuration automatically generated by WRITE_CONFIG()
connection eth
ip 192.168.0.10
samplehz 1000.000000
settleus 10.000000
nsample 128

# Analog Inputs
aichannel 0
ainegative 199
airange 10.000000
airesolution 0

aichannel 1
ainegative 199
airange 10.000000
airesolution 0

# Analog Outputs
aochannel 0
aosignal triangle
aofrequency 5.000000
aoamplitude 2.000000
aooffset 2.500000
aoduty 0.500000

# Meta Parameters
int:periods 10
flt:plate_Thigh_C 459.298872
flt:plate_Tlow_C 249.977429
flt:plate_Q_kW 1.279691
flt:plate_Tpeak_C 1428.901124
flt:cool_Thigh_C 83.500141
flt:cool_Tlow_C 20.589095
flt:air_psig 70.000000
flt:water_gph 1.200000
flt:cool_Q_kW 0.000000
flt:standoff_in 0.288000
flt:oxygen_scfh 15.254250
flt:fuel_scfh 10.792875
flt:flow_scfh 26.047125
flt:ratio_fto 0.707532

## End Configuration ##
#: Mon Oct  3 16:04:37 2016
-7.620366	-1.291904
-10.014544	-1.431512
-9.822504	-1.371500
-9.629201	-1.304223
-9.424844	-1.254002
-9.228066	-1.208203
-9.018655	-1.134609
-8.832300	-1.124817
-8.612149	-1.099865
-8.437166	-1.148822
-8.221753	-1.213888
-8.031609	-1.248001
-7.824409	-1.243894
-7.619735	-1.218310
-7.422326	-1.168405
-7.226811	-1.160509
-7.019611	-1.075544
-6.830098	-1.052802
-6.616896	-0.969101
-6.416960	-0.968469
-6.222078	-0.964047
-6.017720	-0.976366
-5.831366	-1.007635
-5.617848	-0.979840
-5.425493	-0.923934
-5.219240	-0.871502
-5.024673	-0.809594
-4.813999	-0.797592
-4.627328	-0.765059
-4.425813	-0.720523
-4.220508	-0.733473
-4.018677	-0.757163
-3.822847	-0.847813
-3.612172	-0.876556
-3.426450	-0.881293
-3.212616	-0.804857
-3.012680	-0.736316
-2.823167	-0.672198
-2.613440	-0.601762
-2.425506	-0.598288
-2.213568	-0.590076
-2.019949	-0.545856
-1.820961	-0.536064
-1.619761	-0.517113
-1.413193	-0.490265
-1.222100	-0.501005
-1.008583	-0.434991
-0.819702	-0.439097
-0.608395	-0.363608
-0.422041	-0.361713
-0.210102	-0.329180
-0.017431	-0.323494
0.183160	-0.277380
0.388808	-0.270431
0.577397	-0.183887
0.789363	-0.112188
0.985218	0.024896
1.178861	0.118717
1.390195	0.266556
1.586682	0.350900
1.779378	0.429558
1.991660	0.470625
2.171720	0.476627
2.394426	0.517693
2.586174	0.547071
2.797824	0.593508
2.987677	0.641840
3.195220	0.666480
3.381598	0.665216
3.594512	0.688908
3.785312	0.677852
3.990960	0.730290
4.186183	0.720814
4.388356	0.747033
4.586739	0.734081
4.786068	0.750192
4.990137	0.769777
5.186307	0.820636
5.392271	0.854753
5.580861	0.880341
5.790615	0.885079
5.988997	0.861071
6.195909	0.868337
6.386709	0.840538
6.598043	0.885395
6.779999	0.888238
6.988173	0.920459
7.184976	0.939097
7.392203	0.965316
7.600694	0.929936
7.795918	0.967528
7.991140	0.977636
8.199315	1.024073
8.386957	1.011437
8.591025	1.028180
8.794462	0.960894
8.992528	0.954576
9.194386	0.947626
9.386450	0.991220
9.592729	1.044606
9.785741	1.079986
10.004025	1.049660
9.789532	1.048081
9.597152	1.025337
9.387713	1.030391
9.188067	1.063244
8.988737	1.040815
8.797936	1.018387
8.584392	0.930568
8.394539	0.887606
8.186364	0.915721
7.990193	0.989008
7.793706	0.991220
7.589638	0.993747
7.394414	0.978584
7.184344	0.925514
6.989121	0.889186
6.786316	0.925198
6.590146	0.901506
6.389236	0.888870
6.193381	0.846540
5.986786	0.795681
5.790615	0.825691
5.581808	0.817162
5.391007	0.864862
5.184728	0.846856
4.994559	0.832956
4.788596	0.775463
4.589581	0.761248
4.384881	0.724288
4.177654	0.723341
3.996962	0.708809
3.789735	0.700280
3.583771	0.640576
3.392655	0.666480
3.175951	0.618464
2.985150	0.616252
2.793402	0.628572
2.590913	0.562550
2.399164	0.566973
2.178986	0.515798
1.989448	0.459252
1.782853	0.406814
1.589525	0.319311
1.389564	0.220436
1.180441	0.122824
0.989956	-0.015852
0.782097	-0.100817
0.578661	-0.210418
0.388176	-0.258744
0.185055	-0.350974
-0.012693	-0.392982
-0.210418	-0.413197
-0.421409	-0.404669
-0.613133	-0.388876
-0.827914	-0.403721
-1.009215	-0.429937
-1.215783	-0.443519
-1.419194	-0.471630
-1.619446	-0.488686
-1.809274	-0.531958
-2.023108	-0.609659
-2.218622	-0.634927
-2.420768	-0.717997
-2.614072	-0.712627
-2.823483	-0.729999
-3.016786	-0.686095
-3.223355	-0.700625
-3.415710	-0.694939
-3.617857	-0.732210
-3.819688	-0.740106
-4.014886	-0.756531
-4.228088	-0.765375
-4.418233	-0.825387
-4.624486	-0.874660
-4.813367	-0.936252
-5.019620	-0.946991
-5.217029	-0.933094
-5.431179	-0.928040
-5.616901	-0.903087
-5.835472	-0.931830
-6.013299	-0.940674
-6.223658	-0.986473
-6.418224	-1.016479
-6.624477	-1.096706
-6.823781	-1.164931
-7.036667	-1.231892
-7.223653	-1.190199
-7.420746	-1.222416
-7.618787	-1.163667
-7.830726	-1.167142
-8.024660	-1.169037
-8.224912	-1.157982
-8.429585	-1.115973
-8.621625	-1.153244
-8.825352	-1.206624
-9.016443	-1.278007
-9.233120	-1.370868
-9.423896	-1.403401
-9.627938	-1.419825
-9.814292	-1.352548
-10.035074	-1.322542
-9.811766	-1.243894
-9.630149	-1.235366
-9.425791	-1.222416
-9.223329	-1.241368
-9.026551	-1.235998
-8.818719	-1.288746
-8.620678	-1.348127
-8.427059	-1.419510
-8.222701	-1.366130
-8.020870	-1.297906
-7.828515	-1.145348
-7.614997	-1.086915
-7.426747	-1.063857
-7.224285	-1.002266
-7.031613	-0.977313
-6.817464	-0.949518
-6.631110	-0.907825
-6.411907	-0.925829
-6.227448	-0.953624
-6.017088	-0.968785
-5.823154	-0.975102
-5.619112	-0.919512
-5.428336	-0.881293
-5.214818	-0.802962
-5.028780	-0.793802
-4.809893	-0.740738
-4.620696	-0.737580
-4.424234	-0.729683
-4.214191	-0.747055
-4.021835	-0.767270
-3.822215	-0.834231
-3.618805	-0.840232
-3.428976	-0.831704
-3.220828	-0.752425
-3.017734	-0.702204
-2.815271	-0.667776
-2.617546	-0.606500
-2.419505	-0.581547
-2.214515	-0.523114
-2.025950	-0.518061
-1.814328	-0.516481
-1.620393	-0.531327
-1.416983	-0.538591
-1.213888	-0.514586
-1.018374	-0.461839
-0.810226	-0.429937
-0.621977	-0.376558
-0.410354	-0.399615
-0.206628	-0.350026
-0.008587	-0.335497
0.186319	-0.297594
0.384701	-0.250216
0.580240	-0.220210
0.789679	-0.096711
0.976373	0.002784
1.192761	0.157572
1.383878	0.264029
1.587946	0.350269
1.779062	0.396705
1.983762	0.457357
2.184988	0.492105
2.383054	0.571395
2.591229	0.570132
2.791822	0.624781
2.981359	0.602669
3.181637	0.620359
3.392971	0.636785
3.585035	0.698069
3.793842	0.717023
3.985274	0.711021
4.193133	0.717970
4.382354	0.711021
4.588634	0.739767
4.783541	0.805158
4.989505	0.836431
5.187887	0.856964
5.389112	0.862335
5.586231	0.818109
5.792194	0.849699
5.987102	0.844013
6.197804	0.881920
6.393027	0.891397
6.592673	0.881920
6.786948	0.869916
6.991648	0.899294
7.193190	0.897715
7.387149	0.945731
7.590901	0.988693
7.788336	1.011121
7.991140	0.997538
8.184784	0.995958
8.395170	0.971634
8.581864	0.948258
8.798884	1.001013
8.988106	0.977636
9.190279	1.022177
9.387713	1.039552
9.588306	1.044290
9.786057	0.996274
9.999918	1.058190
9.781634	1.030075
9.591149	1.080934
9.386133	1.049660
9.187752	1.042395
8.995371	0.961210
8.789408	0.949838
8.594185	0.940992
8.387905	1.008594
8.190786	1.013648
7.983243	1.017755
7.799392	0.964053
7.584268	0.925514
7.396626	0.914457
7.188135	0.934359
6.997334	0.961526
6.781894	0.935622
6.595200	0.897083
6.381655	0.813055
6.195592	0.801367
5.988681	0.837063
5.785245	0.883184
5.583388	0.877813
5.385637	0.879393
5.182517	0.812423
4.992348	0.789679
4.785437	0.776727
4.585791	0.791574
4.388356	0.761248
4.185236	0.725552
3.996962	0.675956
3.788787	0.630468
3.591985	0.635522
3.391075	0.659530
3.188586	0.663005
2.982623	0.633942
2.786768	0.609618
2.585859	0.562866
2.384633	0.537910
2.184040	0.492105
1.985658	0.491790
1.776535	0.406814
1.584155	0.351532
1.385773	0.236230
1.182020	0.125035
0.992483	0.008154
0.775147	-0.125138
0.589085	-0.222421
0.377751	-0.286223
0.186319	-0.356975
-0.013957	-0.347183
-0.213577	-0.359186
-0.422673	-0.353185
-0.608711	-0.375926
-0.817491	-0.432464
-1.005740	-0.413829
-1.225575	-0.453942
-1.418246	-0.464681
-1.620709	-0.494687
-1.813696	-0.570808
-2.022160	-0.640612
-2.223044	-0.661459
-2.413188	-0.659879
-2.621652	-0.620713
-2.815587	-0.636822
-3.014575	-0.609343
-3.222723	-0.650404
-3.424870	-0.658300
-3.605855	-0.679147
-3.823163	-0.712943
-4.011728	-0.735369
-4.226193	-0.832336
-4.415706	-0.882557
-4.625749	-0.930567
-4.813683	-0.927408
-5.025305	-0.911300
-5.217977	-0.870870
-5.424230	-0.886979
-5.624481	-0.862342
-5.824417	-0.888242
-6.018352	-0.877503
-6.224921	-0.945728
-6.416960	-0.982367
-6.623845	-1.072070
-6.823781	-1.081861
-7.021506	-1.125133
-7.233129	-1.137767
-7.410007	-1.121659
-7.636159	-1.146295
-7.818091	-1.133345
-8.028134	-1.111867
-8.219858	-1.111236
-8.432113	-1.136820
-8.616887	-1.185145
-8.826931	-1.314014
-9.024340	-1.382239
-9.228066	-1.440040
-9.416631	-1.409402
-9.629201	-1.387924
-9.819978	-1.340546
-10.027810	-1.379080
-9.821557	-1.314014
-9.631728	-1.262214
-9.427054	-1.200307
-9.222381	-1.248632
-9.025919	-1.293800
-8.821561	-1.378133
-8.624152	-1.410666
-8.422637	-1.389503
-8.234703	-1.284008
-8.019607	-1.187356
-7.831673	-1.128923
-7.620050	-1.081861
-7.414745	-1.057224
-7.220810	-1.037641
-7.025928	-1.076807
-6.815569	-1.057540
-6.630794	-1.096706
-6.419171	-1.130818
-6.224289	-1.149770
-6.023722	-1.077439
-5.823786	-1.008583
-5.626060	-0.931198
-5.417597	-0.861710
-5.223662	-0.818438
-5.015198	-0.815912
-4.825054	-0.798855
-4.619116	-0.814648
-4.424866	-0.823176
-4.216086	-0.824755
-4.024994	-0.855393
-3.809897	-0.806120
-3.627333	-0.784958
-3.416342	-0.722103
-3.228724	-0.695571
-3.006995	-0.671566
-2.825063	-0.681042
-2.618494	-0.639665
-2.419821	-0.639981
-2.220517	-0.600183
-2.022160	-0.603341
-1.811485	-0.574283
-1.622920	-0.580600
-1.414140	-0.509533
-1.211046	-0.488055
-1.014584	-0.446046
-0.815280	-0.405932
-0.628610	-0.388560
-0.410354	-0.346868
-0.221789	-0.313387
-0.015852	-0.308017
0.183160	-0.278327
0.380594	-0.261587
0.583715	-0.208839
0.788415	-0.101449
0.990588	0.014156
1.194972	0.149991
1.388616	0.227701
1.587946	0.342687
1.786328	0.388492
1.981867	0.481365
2.188462	0.530645
2.382738	0.548335
2.595651	0.574238
2.782661	0.596035
2.988309	0.607091
3.187323	0.653528
3.389180	0.687645
3.585035	0.696174
3.791630	0.692383
3.989381	0.663637
4.187447	0.723341
4.377300	0.737556
4.595583	0.812739
4.781646	0.805789
4.993296	0.815898
5.191046	0.798524
5.382478	0.811791
5.593496	0.852226
5.775136	0.884447
5.994367	0.880025
6.191802	0.902769
6.390184	0.820636
6.595832	0.845276
6.787264	0.874339
6.984067	0.940992
7.195401	0.981743
7.392203	0.977320
7.600694	0.968791
7.792758	0.932147
7.988297	0.962789
8.189838	0.990588
8.392960	0.995010
8.597028	0.978584
8.798884	0.968475
8.994740	0.958998
9.187435	1.002276
9.387397	1.020914
9.595888	1.070194
9.788900	1.076512
9.992021	1.060717
9.793007	1.026600
9.583884	1.013648
9.397821	0.996906
9.182382	0.989324
8.996319	0.988061
8.789408	0.971318
8.593553	0.998801
8.389169	0.994695
8.200263	0.991220
7.983243	0.961842
7.795601	1.006067
7.593112	0.940992
7.394099	0.986481
7.188135	0.925514
6.994807	0.910667
6.784105	0.864230
6.584775	0.854753
6.384498	0.842433
6.182957	0.890133
5.997526	0.881920
5.783350	0.870232
5.589705	0.828218
5.377424	0.812423
5.193889	0.803262
4.983819	0.820952
4.792070	0.816846
4.577578	0.778938
4.397833	0.748296
4.177022	0.660793
3.997278	0.672482
3.787208	0.692067
3.590721	0.703755
3.380019	0.666795
3.189534	0.663005
2.980096	0.593508
2.790559	0.590981
2.586806	0.560023
2.384317	0.557180
2.187515	0.522431
1.976181	0.466518
1.786328	0.389439
1.575626	0.320574
1.390511	0.222963
1.183284	0.120929
0.987745	0.003100
0.781150	-0.115346
0.586242	-0.199995
0.374908	-0.284960
0.196428	-0.298858
-0.021537	-0.352553
-0.206312	-0.350342
-0.417303	-0.386981
-0.615028	-0.391403
-0.818754	-0.412249
-1.012373	-0.418567
-1.212309	-0.458364
-1.413824	-0.478895
-1.618814	-0.559438
-1.818750	-0.574283
-2.017738	-0.614712
-2.224939	-0.593234
-2.412872	-0.585022
-2.622600	-0.597656
-2.810217	-0.608711
-3.031315	-0.646298
-3.212300	-0.668723
-3.428660	-0.674725
-3.614699	-0.712311
-3.824426	-0.779904
-4.017413	-0.856657
-4.216086	-0.920459
-4.415390	-0.916985
-4.622275	-0.901508
-4.814314	-0.802330
-5.024990	-0.831704
-5.218608	-0.841496
-5.425493	-0.915090
-5.619428	-0.964679
-5.816837	-0.979524
-6.027512	-1.012689
-6.212286	-1.085651
-6.421382	-1.141558
-6.624161	-1.199991
-6.822834	-1.187041
-7.018663	-1.161772
-7.223022	-1.084704
-7.420746	-1.019006
-7.620682	-1.033535
-7.816196	-0.985525
-8.030977	-1.057856
-8.221753	-1.084704
-8.433376	-1.176933
-8.623521	-1.233155
-8.823140	-1.306750
-9.030341	-1.336756
-9.219222	-1.316225
-9.431477	-1.289378
-9.629833	-1.303591
-9.819978	-1.290957
-10.019914	-1.309908
-9.819345	-1.306750
-9.619725	-1.289693
-9.429265	-1.336756
-9.217958	-1.326648
-9.032867	-1.411297
-8.813981	-1.401822
-8.626047	-1.334545
-8.427691	-1.255897
-8.226807	-1.194305
-8.022133	-1.134925
-7.821566	-1.124817
-7.621630	-1.047433
-7.421378	-0.997844
-7.221758	-0.934041
-7.031929	-0.983314
-6.822202	-1.053118
-6.624793	-1.142821
-6.422014	-1.145348
-6.217972	-1.056277
-6.026248	-0.983630
-5.823154	-0.907509
-5.626377	-0.873713
-5.419807	-0.869291
-5.224926	-0.859499
-5.015830	-0.834231
-4.823158	-0.834863
-4.619116	-0.804225
-4.425181	-0.855393
-4.214507	-0.869291
-4.024362	-0.871186
-3.816214	-0.822545
-3.615962	-0.766638
-3.421080	-0.722103
-3.214195	-0.738843
-3.023735	-0.708205
-2.808006	-0.694939
-2.621968	-0.655773
-2.408134	-0.618187
-2.225255	-0.566071
-2.021528	-0.559753
-1.822856	-0.551541
-1.611233	-0.528800
-1.427722	-0.528168
-1.206624	-0.471314
-1.019006	-0.478895
-0.813701	-0.418567
-0.621977	-0.407512
-0.414145	-0.359186
-0.221789	-0.355396
-0.010798	-0.306438
0.186319	-0.328548
0.386912	-0.269167
0.585926	-0.230001
0.782097	-0.091973
0.986481	0.019210
1.184232	0.151255
1.390511	0.255184
1.577205	0.345846
1.786644	0.407761
1.979340	0.464623
2.192253	0.502846
2.388424	0.542649
2.587754	0.592244
2.787715	0.616568
2.982623	0.648474
3.181321	0.647210
3.390759	0.653528
3.580928	0.633942
3.788156	0.667111
3.989065	0.696805
4.185552	0.744506
4.390568	0.783993
4.579473	0.796628
4.792070	0.773568
4.986346	0.811475
5.197996	0.812423
5.382478	0.856964
5.584967	0.868968
5.783350	0.846224
5.996263	0.841170
6.181377	0.790942
6.397134	0.854437
6.584459	0.913510
6.795477	0.956787
6.985646	0.951733
7.193505	0.969107
7.391572	0.919512
7.593429	0.921407
7.798760	0.952049
7.995563	1.015228
8.182573	0.990588
8.398645	1.001328
8.590394	0.915089
8.794147	0.939729
9.002637	0.981111
9.179854	1.043658
9.403192	1.091359
9.582621	1.093254
9.799008	1.031970
9.992969	1.023441
9.799008	1.007962
9.587991	1.024389
9.390241	1.041763
9.189962	0.992483
8.988737	0.974161
8.788775	0.951733
8.597028	0.974161
8.386326	0.980479
8.190154	1.027548
7.993352	1.016491
7.788652	0.984902
7.598167	0.981111
7.384938	0.907192
7.200771	0.881604
6.988173	0.897083
6.787896	0.864862
6.588566	0.882868
6.394922	0.898347
6.191802	0.874970
5.992788	0.863282
5.786508	0.826954
5.594760	0.864862
5.378372	0.819689
5.197048	0.848435
4.981607	0.812423
4.788911	0.771357
4.585791	0.716391
4.387093	0.719866
4.196292	0.715759
3.992224	0.733765
3.788156	0.683222
3.589458	0.684801
3.385705	0.639628
3.179741	0.629836
2.992732	0.620359
2.781713	0.600773
2.594072	0.592244
2.378315	0.536015
2.192253	0.484208
1.980603	0.437140
1.783485	0.386281
1.580048	0.338580
1.391143	0.260870
1.183600	0.128194
0.985850	0.026160
0.782729	-0.130191
0.579292	-0.211682
0.379647	-0.293804
0.186951	-0.302332
-0.014589	-0.315914
-0.217051	-0.325705
-0.412249	-0.328548
-0.618187	-0.382243
-0.807068	-0.407827
-1.022796	-0.445098
-1.211677	-0.491213
-1.424879	-0.535749
-1.612181	-0.564175
-1.827910	-0.583127
-2.019001	-0.553752
-2.226834	-0.589128
-2.410977	-0.577757
-2.621652	-0.629557
-2.818429	-0.629242
-3.022787	-0.664617
-3.221776	-0.668723
-3.419501	-0.751793
-3.617226	-0.781168
-3.815582	-0.882873
-4.023415	-0.900876
-4.215770	-0.885084
-4.422655	-0.879398
-4.618484	-0.883504
-4.816209	-0.891085
-5.012355	-0.908457
-5.228084	-0.886979
-5.413175	-0.873713
-5.629219	-0.886979
-5.818100	-0.884452
-6.023406	-0.945096
-6.217024	-1.019638
-6.425804	-1.094811
-6.613106	-1.055961
-6.833257	-1.029745
-7.022454	-0.981103
-7.226180	-1.026271
-7.414429	-1.070806
-7.617524	-1.121975
-7.820302	-1.157350
-8.019607	-1.182303
-8.229650	-1.214836
-8.427375	-1.322858
-8.622889	-1.408455
-8.818402	-1.458676
-9.025603	-1.481417
-9.224276	-1.437197
-9.426106	-1.393294
-9.628570	-1.362656
-9.828821	-1.371184
-10.017702	-1.322226
-9.826926	-1.280849
-9.622568	-1.262214
-9.425159	-1.318436
-9.220170	-1.343073
-9.022760	-1.331070
-8.830090	-1.309908
-8.620678	-1.287798
-8.427691	-1.184514
-8.224912	-1.182935
-8.025608	-1.127660
-7.822829	-1.091337
-7.629842	-1.077755
-7.416640	-1.064489
-7.241025	-1.106182
-7.016137	-1.162404
-6.831046	-1.229681
-6.614054	-1.180408
-6.428331	-1.073017
-6.209128	-0.988684
-6.022774	-0.922670
-5.824417	-0.892033
-5.623218	-0.900561
-5.417281	-0.837705
-5.225241	-0.815596
-5.010776	-0.776430
-4.817789	-0.802962
-4.616590	-0.894243
-4.421391	-0.969101
-4.223351	-0.952361
-4.015834	-0.837074
-3.827585	-0.732526
-3.615646	-0.691781
-3.422343	-0.666512
-3.214827	-0.682621
-3.023419	-0.669039
-2.822220	-0.646298
-2.613124	-0.646613
-2.415083	-0.620398
-2.227466	-0.655142
-2.014895	-0.621977
-1.825699	-0.605552
-1.614708	-0.538275
-1.414456	-0.474157
-1.221469	-0.412881
-1.010794	-0.384454
-0.830441	-0.385086
-0.606816	-0.378453
-0.418567	-0.345288
-0.212945	-0.366135
-0.017115	-0.335813
0.188214	-0.331391
0.378699	-0.290014
0.589085	-0.195573
0.780834	-0.126717
0.999433	0.030583
1.184548	0.113347
1.394934	0.247918
1.580048	0.341423
1.788223	0.417554
1.983446	0.477574
2.188778	0.532856
2.394742	0.550546
2.593440	0.580556
2.793086	0.578977
2.989573	0.618464
3.187639	0.623834
3.392971	0.664584
3.591353	0.659530
3.784997	0.670586
3.995067	0.709757
4.180497	0.719550
4.388356	0.756826
4.586107	0.794733
4.786068	0.812739
4.988873	0.810844
5.192309	0.836747
5.386269	0.801683
5.584967	0.820952
5.787456	0.795997
5.991524	0.830745
6.187695	0.847803
6.391131	0.911614
6.592357	0.909403
6.783157	0.924882
6.988805	0.930252
7.182765	0.926461
7.401364	0.967844
7.584268	0.978584
7.799708	0.979532
7.987350	0.958998
8.188891	0.928988
8.386957	0.909087
8.597028	0.984902
8.787196	1.013964
8.996951	1.069562
9.185540	1.019334
9.394663	1.048081
9.585779	0.989956
9.798061	1.022177
9.992336	1.046817
9.794271	1.072089
9.591149	1.025337
9.386765	0.992799
9.192490	0.942572
8.992528	0.981111
8.792566	1.006383
8.589130	1.048397
8.392327	1.046185
8.179414	1.028495
7.992404	0.982059
7.783282	0.939097
7.608276	0.933095
7.392519	0.932463
7.195085	0.919827
6.989753	0.880025
6.795162	0.880972
6.599938	0.861703
6.396818	0.879077
6.188011	0.875286
5.988997	0.907508
5.790299	0.888870
5.585599	0.863914
5.389744	0.835168
5.186307	0.805158
4.989189	0.757773
4.784173	0.768830
4.588318	0.747349
4.376668	0.747980
4.190922	0.749244
3.990328	0.717970
3.796053	0.690803
3.582192	0.668691
3.395498	0.675009
3.174687	0.648158
2.999681	0.663321
2.782029	0.588138
2.589649	0.564761
2.386529	0.502846
2.185619	0.500319
1.982499	0.457989
1.791066	0.440930
1.585103	0.350584
1.388616	0.245707
1.194024	0.109872
0.986481	-0.001007
0.785572	-0.115346
0.579292	-0.218315
0.385333	-0.261587
0.182844	-0.290645
-0.009851	-0.313387
-0.222105	-0.346552
-0.413197	-0.375926
-0.621977	-0.411934
-0.821281	-0.437834
-1.013321	-0.480790
-1.214520	-0.521535
-1.419825	-0.593550
-1.610917	-0.593234
-1.822540	-0.614080
-2.019633	-0.577125
-2.218937	-0.591339
-2.412556	-0.600815
-2.610281	-0.606500
-2.818114	-0.638401
-3.014575	-0.650720
-3.218617	-0.709469
-3.419185	-0.784642
-3.619752	-0.810226
-3.815898	-0.819386
-4.018992	-0.828230
-4.220508	-0.790327
-4.424234	-0.821281
-4.620380	-0.803909
-4.826317	-0.864237
-5.014250	-0.864869
-5.225873	-0.916669
-5.416018	-0.931514
-5.620691	-0.970364
-5.826313	-1.026902
-6.010140	-1.141242
-6.223026	-1.142189
-6.417592	-1.145348
-6.622898	-1.070490
-6.819675	-1.071122
-7.029718	-1.048065
-7.226811	-1.058804
-7.424537	-1.059751
-7.618471	-1.015847
-7.830726	-1.023428
-8.017712	-1.078387
-8.229334	-1.200622
-8.424532	-1.332965
-8.624784	-1.384766
-8.825667	-1.352864
-9.023393	-1.259055
-9.230593	-1.213572
-9.420106	-1.237577
-9.617515	-1.246737
-9.821873	-1.371500
-10.019598	-1.460571
-9.816187	-1.513634
-9.631097	-1.526268
-9.422001	-1.563855
-9.233751	-1.577437
-9.015812	-1.482681
-8.835774	-1.367078
-8.620678	-1.278638
-8.428006	-1.198096
-8.224912	-1.152928
-8.024344	-1.157982
-7.816828	-1.126397
-7.626052	-1.137136
-7.418535	-1.083440
-7.234708	-1.115973
-7.013294	-1.096390
-6.832625	-1.062278
-6.621003	-0.989000
-6.427068	-0.939411
-6.227448	-0.900876
-6.013299	-0.916669
-5.833261	-0.918880
-5.618480	-0.904667
-5.421071	-0.851287
-5.226505	-0.845286
-5.021515	-0.812753
-4.815578	-0.857288
-4.616905	-0.917301
-4.415706	-0.864237
-4.229668	-0.838021
-4.008569	-0.754952
-3.823795	-0.726525
-3.613751	-0.694308
-3.424238	-0.674093
-3.216090	-0.644403
-3.021208	-0.632084
-2.818745	-0.603026
-2.615967	-0.614712
-2.414451	-0.603341
-2.220201	-0.621029
-2.019633	-0.596393
-1.812433	-0.571756
-1.615339	-0.503531
-1.416035	-0.442256
-1.225259	-0.438465
-1.007951	-0.416040
-0.825387	-0.425199
-0.616291	-0.391087
-0.419514	-0.370872
-0.216104	-0.354132
-0.019642	-0.364871
0.190741	-0.323810
0.381226	-0.304543
0.581188	-0.196837
0.786520	-0.113767
0.985218	0.016367
1.182336	0.106082
1.387036	0.237810
1.583207	0.331631
1.780958	0.438403
1.995766	0.485156
2.178354	0.529381
2.392847	0.538858
2.584595	0.558128
2.791822	0.599194
2.979780	0.628572
3.186691	0.645946
3.388864	0.632995
3.599882	0.651001
3.783417	0.652264
3.996015	0.705019
4.177338	0.736924
4.390252	0.789995
4.583580	0.800103
4.791754	0.809264
4.984450	0.789363
5.191046	0.808001
5.386901	0.790626
5.586231	0.834852
5.793142	0.821584
5.989313	0.857912
6.196224	0.878761
6.386709	0.876866
6.593936	0.889502
6.781894	0.939729
6.985646	0.950153
7.184976	0.952365
7.390624	0.965632
7.592481	0.940045
7.793390	0.910982
7.984191	0.905296
8.193945	0.955524
8.387905	0.976689
8.591658	1.059137
8.790987	1.019966
8.991264	1.028180
9.194386	0.988693
9.385818	1.022177
9.597783	1.039236
9.787004	1.091674
9.994864	1.061664
9.794271	1.049345
9.595888	0.953944
9.387081	0.960262
9.193753	1.009542
8.991581	1.028180
8.804570	1.048713
8.585340	1.018071
8.399277	0.989956
8.188891	0.948890
7.999986	0.975741
7.784545	0.972898
7.598483	0.972266
7.393467	0.926777
7.188451	0.876234
6.982172	0.822532
6.789791	0.883815
6.587303	0.882552
6.395870	0.931516
6.190854	0.911930
5.988365	0.881920
5.788088	0.860123
5.583072	0.820636
5.391955	0.824427
5.185676	0.809264
4.990452	0.777359
4.784805	0.752403
4.585159	0.741031
4.385829	0.732818
4.180813	0.729975
3.993487	0.713232
3.782785	0.725236
3.584719	0.676904
3.388864	0.672797
3.188586	0.621622
2.981359	0.600457
2.786452	0.571711
2.583963	0.538226
2.396637	0.538226
2.175827	0.513586
1.989764	0.468413
1.781590	0.435244
1.586998	0.339212
1.381982	0.261818
1.194024	0.142409
0.984270	-0.008903
0.785256	-0.103975
0.576765	-0.233160
0.390071	-0.263482
0.179053	-0.317177
-0.005745	-0.335497
-0.222421	-0.355711
-0.412249	-0.350026
-0.615976	-0.379716
-0.823808	-0.412881
-1.012057	-0.464997
-1.212941	-0.492792
-1.419510	-0.546488
-1.616919	-0.527220
-1.819697	-0.518377
-2.019633	-0.508269
-2.217358	-0.504795
-2.420137	-0.538907
-2.613440	-0.550910
-2.825378	-0.609659
-3.014575	-0.655457
-3.224303	-0.742002
-3.415079	-0.838969
-3.609961	-0.892348
-3.819688	-0.872450
-4.014255	-0.844023
-4.222719	-0.802962
-4.426129	-0.820334
-4.620380	-0.780852
-4.821895	-0.789064
-5.020252	-0.786537
-5.218924	-0.823176
-5.427388	-0.884768
-5.614374	-0.960889
-5.839578	-1.088494
-6.011719	-1.076176
-6.229659	-1.073017
-6.415381	-1.054382
-6.630478	-1.059435
-6.819991	-1.089757
-7.026244	-1.134925
-7.224600	-1.085335
-7.422641	-1.087862
-7.616260	-1.082809
-7.825672	-1.199043
-8.020238	-1.284324
-8.226175	-1.389503
-8.426427	-1.321595
-8.620678	-1.268847
-8.826615	-1.228733
-9.016128	-1.240420
-9.229961	-1.292220
-9.422632	-1.331386
-9.631097	-1.339598
-9.821240	-1.323490
-10.025914	-1.336124
-9.818082	-1.362656
-9.634255	-1.468151
-9.421369	-1.488682
-9.231225	-1.477627
-9.021813	-1.359497
-8.825036	-1.228733
-8.620046	-1.145980
-8.430849	-1.127028
-8.223648	-1.107761
-8.022765	-1.152613
-7.825040	-1.152297
-7.617524	-1.165247
-7.421694	-1.195253
-7.227443	-1.240420
-7.020875	-1.243579
-6.811779	-1.193989
-6.627319	-1.118500
-6.427068	-1.041116
-6.229343	-1.005740
-6.012667	-0.932146
-5.826944	-0.898350
-5.621639	-0.854130
-5.425177	-0.876240
-5.212923	-0.874976
-5.027516	-0.932462
-4.811472	-0.925513
-4.628592	-0.965942
-4.417285	-0.896454
-4.217981	-0.872450
-4.021204	-0.795065
-3.816214	-0.762848
-3.619752	-0.684200
-3.420132	-0.662722
-3.221144	-0.598288
-3.008574	-0.630189
-2.816534	-0.631453
-2.613124	-0.677883
-2.422664	-0.685148
-2.216727	-0.628610
-2.027214	-0.579021
-1.810853	-0.523746
-1.625763	-0.495635
-1.416667	-0.474789
-1.221469	-0.459943
-1.011110	-0.430569
-0.819386	-0.417303
-0.621029	-0.395509
-0.413197	-0.409091
-0.212629	-0.380032
-0.018063	-0.375610
0.191057	-0.309597
0.388492	-0.266325
0.582767	-0.197468
0.789047	-0.094816
0.980163	-0.007324
1.199079	0.133249
1.383562	0.246655
1.588893	0.339212
1.777167	0.423240
1.986605	0.466834
2.177090	0.486419
2.384949	0.556232
2.585859	0.586558
2.792454	0.628888
2.977569	0.605828
3.190482	0.620991
3.381914	0.598246
3.594196	0.673429
3.788156	0.703123
3.986222	0.745769
4.192502	0.761880
4.378563	0.762828
4.593372	0.738820
4.789543	0.783361
4.985714	0.786836
5.190414	0.822216
5.388480	0.825691
5.586863	0.793785
5.791247	0.818741
5.982995	0.805473
6.197804	0.870548
6.384182	0.898663
6.596779	0.943520
6.782842	0.936886
6.989753	0.942256
7.192873	0.931200
7.382411	0.918248
7.597851	0.930568
7.791495	0.965316
7.987666	0.937202
8.191418	0.994695
8.384746	0.980795
8.586287	0.978900
8.797621	1.016807
8.985894	1.031338
9.196913	1.056926
9.382659	1.029443
9.602206	1.047133
9.787004	0.996590
9.997391	0.974793
9.795850	0.967212
9.588306	1.001644
9.394031	1.041763
9.183329	1.067982
8.995055	1.004487
8.795726	1.010173
8.586287	0.965948
8.389800	0.989640
8.190154	1.005751
7.983243	1.011753
7.798760	0.980479
7.583636	0.916037
7.407366	0.865493
7.182765	0.886658
6.994175	0.904665
6.789791	0.942572
6.595832	0.933095
6.399029	0.894240
6.192750	0.876550
5.987418	0.818109
5.791247	0.885395
5.575490	0.844960
5.381846	0.849383
5.187887	0.791574
4.987926	0.741347
4.787648	0.712600
4.587054	0.750192
4.393411	0.762196
4.182077	0.754614
3.996330	0.742926
3.785628	0.711021
3.594196	0.659846
3.382862	0.639628
3.184480	0.631099
2.983571	0.611514
2.794349	0.603301
2.585859	0.546439
2.387476	0.545176
2.184988	0.500319
1.984394	0.482629
1.782537	0.426083
1.586050	0.370486
1.385773	0.244444
1.184864	0.160731
0.990904	0.002152
0.783993	-0.115662
0.586242	-0.219262
0.385965	-0.270747
0.197059	-0.318125
-0.029434	-0.316861
-0.216420	-0.332338
-0.429306	-0.356975
-0.611554	-0.377190
-0.826651	-0.454258
-1.012057	-0.491529
-1.219574	-0.531011
-1.416667	-0.528484
-1.623236	-0.543329
-1.810222	-0.528168
-2.028477	-0.576494
-2.217042	-0.569861
-2.422664	-0.596393
-2.619125	-0.569229
-2.817166	-0.593866
-3.029104	-0.638085
-3.220196	-0.731578
-3.426450	-0.778641
-3.607750	-0.823492
-3.820004	-0.792222
-4.018045	-0.763164
-4.217033	-0.758426
-4.418233	-0.774850
-4.623222	-0.791275
-4.814314	-0.784642
-5.025305	-0.834231
-5.217345	-0.869923
-5.425809	-0.963416
-5.618796	-1.041432
-5.826944	-1.102708
-6.023722	-1.107129
-6.224921	-1.104603
-6.419487	-1.053118
-6.626688	-1.082177
-6.825676	-1.041116
-7.024349	-1.071754
-7.229654	-1.066384
-7.415377	-1.104603
-7.622893	-1.194621
-7.808616	-1.228733
-8.036663	-1.262530
-8.223648	-1.276112
-8.431480	-1.253686
-8.610254	-1.236630
-8.827247	-1.235682
-9.019917	-1.242631
-9.224908	-1.262846
-9.428949	-1.207887
-9.629833	-1.244526
-9.811133	-1.277375
-10.027810	-1.430249
-9.828821	-1.503527
-9.627622	-1.530690
-9.429897	-1.459939
-9.220486	-1.388872
-9.031288	-1.314014
-8.818087	-1.264425
-8.620994	-1.211677
-8.429270	-1.216099
-8.222385	-1.161456
-8.024976	-1.169353
-7.822197	-1.168405
-7.620998	-1.194305
-7.422641	-1.278007
-7.221126	-1.283060
-7.032245	-1.229997
-6.813042	-1.094495
-6.629215	-1.011110
-6.419487	-0.976682
-6.219235	-0.984262
-6.021194	-0.981735
-5.821259	-0.970364
-5.627956	-0.969101
-5.421071	-0.991211
-5.224926	-0.987421
-5.017725	-1.028166
-4.820632	-0.967838
-4.615642	-0.905298
-4.426445	-0.834231
-4.220824	-0.746424
-4.027836	-0.735685
-3.808634	-0.689254
-3.619752	-0.669987
-3.416658	-0.662090
-3.231251	-0.657984
-3.013943	-0.652931
-2.818429	-0.667144
-2.617230	-0.640296
-2.415399	-0.626715
-2.216727	-0.543329
-2.025003	-0.525010
-1.813380	-0.497530
-1.625131	-0.504795
-1.414140	-0.489002
-1.202518	-0.477631
-1.017743	-0.454574
-0.813069	-0.427095
-0.623556	-0.433728
-0.412565	-0.433412
-0.217999	-0.388560
-0.014589	-0.344025
0.181896	-0.306438
0.382490	-0.245794
0.581188	-0.218631
0.787783	-0.092920
0.982691	-0.003218
1.191181	0.141778
1.386721	0.236862
1.582260	0.341739
1.786012	0.418186
1.976813	0.482313
2.194464	0.531276
2.381159	0.547703
2.595967	0.554653
2.786136	0.567288
2.987993	0.561602
3.182269	0.609934
3.391391	0.674061
3.571451	0.687329
3.794158	0.741663
3.984958	0.718602
4.193765	0.733765
4.387724	0.722709
4.598742	0.788731
4.791122	0.802314
4.990452	0.820320
5.183465	0.776411
5.386901	0.778306
5.595707	0.786204
5.783033	0.863914
5.990892	0.883500
6.194013	0.912878
6.393659	0.909087
6.586671	0.903401
6.791055	0.897083
6.979960	0.912878
7.198875	0.957103
7.382095	0.949206
7.596272	0.944151
7.793390	0.912246
7.990193	0.934675
8.184153	0.955524
8.392960	1.007962
8.585340	1.020598
8.795094	1.056294
8.990001	1.018387
9.192174	1.023757
9.390556	1.008278
9.588939	1.010489
9.797113	1.022177
9.991388	1.028811
9.791743	1.005751
9.587675	1.027232
9.392136	1.035445
9.183645	1.011437
8.996003	1.041763
8.788460	1.027548
8.599555	1.024705
8.381271	1.003856
8.198999	0.977636
7.979136	0.920775
7.795286	0.917932
7.587111	0.872127
7.389992	0.924882
7.190031	0.934359
6.990701	0.961842
6.779367	0.888238
6.596779	0.904665
6.390816	0.855069
6.189590	0.897083
5.991209	0.880025
5.787140	0.867389
5.591917	0.841486
5.379951	0.805473
5.196416	0.752087
4.985398	0.789047
4.791439	0.791574
4.583895	0.808001
4.394042	0.781465
4.191870	0.734397
3.995383	0.690803
3.789735	0.665532
3.593248	0.694910
3.384442	0.657319
3.193641	0.653212
2.974410	0.590981
2.790243	0.554021
2.593124	0.536331
2.382738	0.530329
2.193517	0.527802
1.979656	0.494948
1.785380	0.422293
1.579101	0.352480
1.391143	0.236862
1.184232	0.127247
0.981743	0.015104
0.788099	-0.129875
0.590033	-0.183887
0.372381	-0.274221
0.194216	-0.288750
-0.018695	-0.326021
-0.214209	-0.353185
-0.414776	-0.425199
-0.619766	-0.482369
-0.814332	-0.484580
-1.020901	-0.464365
-1.214520	-0.480158
-1.415088	-0.449520
-1.619761	-0.501636
-1.815591	-0.515534
-2.021528	-0.555963
-2.224939	-0.553121
-2.415083	-0.539539
-2.624179	-0.579652
-2.811165	-0.604605
-3.027525	-0.692412
-3.219249	-0.752425
-3.427397	-0.764111
-3.607118	-0.743265
-3.818425	-0.728420
-4.021204	-0.736632
-4.218613	-0.751793
-4.416337	-0.761900
-4.627328	-0.799487
-4.813367	-0.792222
-5.016461	-0.810542
-5.220503	-0.884768
-5.415701	-0.971628
-5.627008	-1.020585
-5.814942	-1.009530
-6.027828	-0.983630
-6.216393	-0.933409
-6.426120	-0.918564
-6.621634	-0.919512
-6.828203	-0.937516
-7.017716	-0.963100
-7.229023	-1.067963
-7.421378	-1.118500
-7.630474	-1.260319
-7.817775	-1.293800
-8.030029	-1.350338
-8.221122	-1.331070
-8.430849	-1.328228
-8.618151	-1.262846
-8.810506	-1.247369
-9.032867	-1.202833
-9.222696	-1.201254
-9.431792	-1.204728
-9.627938	-1.293800
-9.825031	-1.422352
-10.014860	-1.562908
-9.830085	-1.532901
-9.620673	-1.396452
-9.434635	-1.326017
-9.217327	-1.237262
-9.036026	-1.277691
-8.819035	-1.275164
-8.624152	-1.252738
-8.425163	-1.211046
-8.225544	-1.247685
-8.020870	-1.252107
-7.822513	-1.334545
-7.626052	-1.359181
-7.419483	-1.353180
-7.226180	-1.229365
-7.024664	-1.141873
-6.828519	-1.086599
-6.617844	-1.048696
-6.434649	-1.029745
-6.212603	-0.994369
-6.028460	-0.971628
-5.816837	-0.940042
-5.624797	-0.975734
-5.416018	-0.998475
-5.224294	-1.038905
-5.011408	-0.974471
-4.821895	-0.932462
-4.618801	-0.804225
-4.422023	-0.789380
-4.218613	-0.759058
-4.015834	-0.761900
-3.816214	-0.719260
-3.618489	-0.717681
-3.425186	-0.686095
-3.223039	-0.731578
-3.026893	-0.730315
-2.811165	-0.724945
-2.627022	-0.669987
-2.411293	-0.621661
-2.231888	-0.588812
-2.013948	-0.541434
-1.825383	-0.532590
-1.609654	-0.509848
-1.416035	-0.502584
-1.206624	-0.456785
-1.016479	-0.454890
-0.817175	-0.431517
-0.619766	-0.428042
-0.417303	-0.397404
-0.221789	-0.386665
-0.009851	-0.314019
0.176210	-0.303280
0.384069	-0.228106
0.585610	-0.191151
0.783993	-0.109029
0.988693	0.006890
1.182336	0.116506
1.387352	0.248866
1.580996	0.360377
1.782537	0.420713
1.981867	0.484208
2.185619	0.513586
2.395058	0.516429
2.589017	0.565393
2.788663	0.564130
2.991784	0.621938
3.180057	0.626045
3.392339	0.670270
3.582508	0.652896
3.785312	0.697437
3.996962	0.734713
4.182077	0.735977
4.399413	0.763143
4.582948	0.778938
4.793334	0.732502
4.997718	0.756194
5.192626	0.741347
5.383110	0.803894
5.596024	0.871811
5.782086	0.866757
5.991209	0.891081
6.184852	0.843065
6.399029	0.862019
6.583196	0.891397
6.796425	0.938149
6.980592	0.942572
7.189714	0.944151
7.390940	0.898031
7.587111	0.865178
7.794338	0.906244
7.992720	1.001960
8.184468	1.003224
8.395170	1.033866
8.588814	1.017755
8.788775	0.966580
8.998215	0.986797
9.184909	1.002592
9.397190	1.047765
9.585464	1.038288
9.793638	1.000381
9.990757	0.964685
9.792059	0.982375
9.591465	0.999433
9.385502	1.054083
9.189962	1.060717
8.992212	1.073984
8.791619	0.995326
8.595764	1.001328
8.390748	0.951101
8.187311	0.965000
7.991772	0.954576
7.786757	0.913510
7.598167	0.936886
7.379251	0.921723
7.200771	0.919196
6.980592	0.927093
6.793266	0.918564
6.590777	0.928357
6.395554	0.916984
6.193381	0.857912
5.993420	0.855701
5.782718	0.784940
5.591917	0.824427
5.376792	0.782097
5.197680	0.821268
4.984135	0.816214
4.787964	0.799787
4.588634	0.753035
4.383302	0.744822
4.192185	0.717970
3.987170	0.740715
3.786260	0.702492
3.588194	0.681958
3.385389	0.642787
3.184164	0.584979
2.992416	0.593508
2.783293	0.578345
2.590913	0.596351
2.380211	0.554969
2.189094	0.526538
1.983446	0.469361
1.785064	0.417554
1.576258	0.352796
1.386721	0.284562
1.183284	0.133880
0.984902	0.004995
0.786204	-0.122927
0.582767	-0.194941
0.384069	-0.247373
0.182844	-0.274853
-0.002902	-0.328548
-0.226843	-0.369293
-0.405301	-0.425515
-0.626083	-0.493424
-0.814964	-0.495003
-1.019006	-0.524694
-1.211361	-0.512691
-1.421405	-0.532590
-1.612181	-0.536064
-1.823803	-0.575230
-2.011421	-0.555332
-2.225255	-0.613133
-2.418242	-0.600815
-2.617230	-0.666512
-2.815903	-0.700309
-3.024367	-0.740106
-3.219565	-0.714206
-3.422343	-0.744844
-3.621648	-0.711995
-3.811792	-0.729683
-4.024046	-0.724630
-4.216402	-0.737264
-4.423286	-0.751793
-4.617537	-0.797908
-4.824106	-0.866448
-5.015830	-0.957099
-5.228400	-1.067016
-5.418228	-1.094811
-5.629219	-1.070806
-5.824101	-1.011425
-6.018036	-0.999423
-6.220499	-0.990895
-6.423594	-1.004477
-6.617212	-0.970049
-6.821886	-0.981735
-7.019611	-0.998160
-7.223653	-1.053750
-7.422326	-1.169669
-7.616892	-1.212309
-7.832621	-1.211046
-8.022133	-1.148190
-8.231229	-1.123238
-8.425163	-1.146927
-8.625731	-1.183250
-8.818719	-1.211677
-9.023076	-1.224943
-9.225224	-1.222416
-9.424527	-1.292220
-9.618146	-1.360129
-9.821873	-1.527532
-10.006016	-1.598599
-9.834823	-1.614708
-9.621305	-1.536376
-9.424844	-1.441304
-9.229961	-1.341178
-9.018655	-1.279902
-8.826931	-1.213572
-8.621942	-1.193674
-8.426111	-1.128923
-8.226491	-1.154192
-8.023712	-1.171248
-7.822197	-1.203465
-7.620682	-1.170616
-7.418220	-1.133345
-7.228391	-1.097970
-7.010451	-1.046170
-6.828835	-1.033219
-6.615001	-0.994054
-6.416645	-0.943833
-6.219235	-0.906562
-6.017088	-0.900561
-5.832314	-0.922355
-5.618796	-0.945728
-5.422334	-0.997528
-5.220819	-1.000055
-5.016146	-0.939411
-4.819368	-0.888558
-4.628276	-0.834863
-4.417917	-0.780536
-4.220508	-0.765059
-4.012676	-0.672514
-3.825058	-0.669987
-3.604276	-0.651035
-3.424554	-0.698414
-3.223671	-0.745476
-3.024051	-0.792538
-2.823483	-0.741686
-2.615967	-0.676620
-2.418874	-0.564807
-2.222728	-0.559438
-2.014580	-0.492161
-1.819381	-0.500373
-1.619761	-0.462154
-1.413824	-0.464681
-1.222416	-0.451731
-1.004161	-0.448573
-0.826651	-0.471946
-0.611870	-0.454890
-0.422988	-0.407512
-0.213893	-0.382559
-0.015220	-0.345288
0.192637	-0.308965
0.375224	-0.275484
0.582451	-0.192415
0.781781	-0.122927
0.986797	0.023317
1.182336	0.138935
1.385457	0.252973
1.582576	0.340792
1.783169	0.414711
1.988185	0.458936
2.181513	0.515166
2.395058	0.542017
2.583331	0.548651
2.791190	0.563814
2.981991	0.598878
3.187955	0.623518
3.388232	0.652580
3.594196	0.704387
3.784365	0.703439
3.993487	0.753035
4.178602	0.735661
4.390252	0.756194
4.578841	0.743558
4.792070	0.773568
4.982239	0.755562
5.192626	0.829797
5.376792	0.814318
5.586863	0.845276
5.791563	0.832009
5.991840	0.872759
6.190854	0.872759
6.387973	0.913510
6.595200	0.909087
6.782842	0.921091
6.993228	0.879393
7.182449	0.848435
7.396942	0.884447
7.588690	0.947942
7.795286	0.993747
7.983559	1.007330
8.195209	1.021546
8.381271	0.969107
8.595132	0.964685
8.787828	0.995010
8.996319	1.047133
9.186804	1.029443
9.383290	1.017755
9.593361	0.967844
9.790164	0.969107
9.993600	1.010173
9.795534	1.081566
9.596519	1.059769
9.388345	1.088200
9.188699	1.046185
8.987158	0.976689
8.794462	0.978584
8.583760	0.983638
8.395802	1.008594
8.179414	0.983638
7.992720	0.950153
7.787704	0.916669
7.592165	0.911930
7.393467	0.907192
7.191294	0.958683
6.986278	0.945731
6.791371	0.964685
6.592988	0.900558
6.399345	0.894240
6.190222	0.835483
5.987418	0.841486
5.796617	0.835168
5.581176	0.808316
5.390376	0.821584
5.184096	0.832325
4.985714	0.773884
4.786700	0.786520
4.591161	0.786204
4.385197	0.760932
4.183024	0.758721
3.991908	0.710705
3.791630	0.692699
3.576190	0.621622
3.396130	0.627940
3.181321	0.610250
2.985150	0.632995
2.788031	0.613093
2.582700	0.582767
2.395690	0.542017
2.180881	0.502214
1.984078	0.459252
1.784117	0.440615
1.581628	0.350584
1.387352	0.256764
1.186127	0.130721
0.978584	-0.013641
0.787783	-0.101764
0.578029	-0.216735
0.385333	-0.248321
0.181896	-0.295383
-0.005429	-0.323494
-0.222421	-0.388560
-0.412881	-0.404353
-0.614080	-0.451731
-0.827598	-0.467208
-1.009530	-0.478895
-1.216099	-0.438149
-1.416983	-0.477947
-1.612497	-0.444782
-1.820013	-0.470051
-2.018054	-0.512375
-2.211673	-0.559122
-2.423927	-0.633979
-2.609965	-0.657037
-2.828221	-0.707889
-3.016154	-0.710732
-3.221460	-0.693044
-3.422659	-0.683884
-3.620384	-0.708205
-3.818109	-0.705047
-4.018361	-0.746739
-4.218613	-0.761900
-4.424866	-0.855709
-4.623854	-0.908141
-4.819368	-0.986473
-5.019936	-0.999107
-5.219872	-0.992158
-5.422334	-0.940990
-5.613426	-0.902456
-5.827260	-0.898350
-6.017088	-0.907194
-6.227448	-0.910984
-6.420119	-0.910984
-6.625109	-0.906878
-6.822202	-0.928040
-7.030034	-1.073333
-7.221758	-1.172511
-7.422009	-1.281165
-7.619103	-1.254318
-7.830094	-1.242631
-8.022765	-1.196832
-8.224280	-1.228102
-8.428006	-1.211677
-8.618783	-1.242315
-8.825667	-1.198096
-9.023708	-1.214836
-9.221749	-1.266004
-9.419158	-1.373711
-9.629833	-1.485839
-9.814608	-1.529111
-10.028441	-1.480470
-9.813976	-1.356970
-9.637097	-1.253686
-9.416947	-1.163036
-9.231856	-1.188304
-9.020865	-1.171564
-8.824404	-1.205360
-8.619099	-1.183882
-8.436851	-1.217994
-8.222069	-1.213572
-8.029082	-1.283376
-7.824409	-1.253054
-7.621945	-1.241368
-7.420430	-1.151665
-7.223022	-1.118184
-7.026875	-1.076176
-6.822834	-1.067648
-6.615949	-1.004477
-6.423909	-1.008899
-6.227132	-0.958362
-6.012982	-0.986789
-5.822838	-1.007004
-5.623218	-1.007004
-5.428336	-0.976997
-5.214186	-0.917301
-5.032254	-0.898665
-4.810840	-0.860131
-4.628592	-0.860447
-4.419496	-0.805173
-4.217981	-0.765375
-4.021204	-0.739159
-3.813056	-0.741054
-3.622911	-0.746739
-3.423607	-0.806436
-3.218617	-0.779588
-3.016470	-0.749898
-2.824115	-0.679778
-2.613440	-0.632400
-2.414136	-0.630821
-2.209778	-0.580600
-2.027530	-0.551225
-1.808327	-0.514586
-1.623552	-0.473209
-1.411929	-0.457417
-1.217679	-0.490265
-1.015216	-0.504163
-0.815280	-0.525641
-0.619134	-0.463102
-0.424252	-0.437518
-0.205365	-0.340866
-0.016484	-0.330759
0.190110	-0.279906
0.382806	-0.253059
0.582451	-0.202206
0.787783	-0.101133
0.980479	0.010681
1.191497	0.149043
1.387668	0.264661
1.590473	0.332894
1.783485	0.427979
1.986921	0.483892
2.190674	0.507900
2.384633	0.526854
2.585227	0.513586
2.788979	0.583083
2.978200	0.607091
3.187323	0.667427
3.387916	0.679747
3.589142	0.696805
3.792578	0.684801
3.983379	0.691435
4.189974	0.734713
4.381091	0.762828
4.590213	0.763143
4.789543	0.772620
4.989189	0.778938
5.190414	0.786204
5.390376	0.813687
5.582756	0.843065
5.794722	0.907823
5.984259	0.866125
6.198436	0.897083
6.386077	0.859807
6.589829	0.842749
6.791687	0.869916
6.994492	0.905928
7.192242	0.890765
7.387149	0.961210
7.594692	0.963105
7.798445	0.966580
7.986086	0.956787
8.188891	1.017123
8.386326	1.003224
8.589130	1.045238
8.794778	1.043658
8.983367	0.992799
9.196280	0.958367
9.383923	0.957419
9.592729	0.993747
9.795218	1.058190
9.995496	1.078723
9.797745	1.039552
9.603153	1.032602
9.389293	0.983006
9.195017	1.033234
8.989685	1.034813
8.786565	1.049029
8.591341	1.016807
8.385378	0.964053
8.191102	0.869916
7.983559	0.907192
7.795601	0.962789
7.584584	0.980795
7.394731	0.986165
7.189083	0.962157
6.996071	0.907823
6.784737	0.875286
6.600570	0.897715
6.383234	0.890765
6.199699	0.892976
5.983311	0.824427
5.792194	0.813687
5.584651	0.791890
5.392271	0.814003
5.186624	0.805473
4.993927	0.843065
4.781962	0.795681
4.587370	0.787152
4.387409	0.719550
4.185236	0.707862
3.993487	0.680379
3.787208	0.681643
3.589142	0.652580
3.380967	0.648158
3.184796	0.626361
2.975673	0.631099
2.795613	0.588453
2.589017	0.574554
2.385265	0.568236
2.190358	0.522431
1.992923	0.499055
1.778746	0.403023
1.588893	0.333526
1.386721	0.216961
1.188338	0.121245
0.989324	-0.005429
0.778306	-0.120716
0.589401	-0.190204
0.374277	-0.245794
0.192005	-0.320652
-0.015220	-0.341814
-0.206312	-0.418251
-0.421409	-0.424568
-0.613133	-0.407512
-0.822860	-0.407196
-1.015216	-0.393298
-1.223680	-0.446046
-1.406244	-0.465629
-1.625131	-0.498162
-1.813696	-0.514270
-2.021528	-0.556911
-2.220517	-0.597024
-2.409082	-0.698098
-2.626074	-0.730947
-2.820325	-0.775166
-3.018997	-0.712627
-3.226829	-0.705994
-3.413815	-0.666512
-3.617226	-0.684832
-3.821268	-0.661459
-4.017097	-0.682937
-4.224298	-0.740422
-4.414443	-0.799487
-4.628276	-0.879714
-4.814314	-0.954572
-5.021515	-0.931830
-5.222714	-0.923618
-5.424861	-0.904351
-5.618164	-0.913826
-5.822522	-0.955203
-6.015825	-0.975418
-6.218604	-1.028798
-6.417592	-1.056277
-6.623845	-1.109025
-6.829151	-1.180092
-7.024349	-1.266636
-7.232181	-1.313383
-7.417588	-1.276428
-7.630474	-1.223680
-7.819039	-1.174407
-8.024660	-1.164931
-8.224280	-1.223048
-8.433376	-1.233471
-8.614676	-1.192726
-8.827878	-1.197464
-9.022445	-1.191463
-9.233120	-1.281797
-9.427686	-1.388556
-9.632676	-1.501316
-9.820609	-1.511423
-10.020229	-1.470362
-9.809238	-1.341493
-9.618778	-1.308961
-9.427686	-1.263477
-9.220486	-1.227154
-9.027498	-1.175038
-8.821877	-1.205992
-8.620678	-1.217994
-8.427375	-1.296958
-8.227123	-1.343704
-8.024660	-1.342125
-7.832304	-1.306118
-7.613733	-1.186409
-7.428011	-1.115973
-7.222705	-1.071754
-7.031613	-1.047749
-6.821254	-1.017743
-6.630162	-1.012689
-6.428647	-0.988368
-6.223026	-1.015847
-6.017720	-1.021533
-5.820627	-1.070806
-5.615953	-1.037641
-5.416018	-0.971628
-5.226505	-0.900245
-5.015198	-0.860447
-4.823790	-0.819070
-4.615958	-0.794433
-4.425813	-0.783379
-4.217981	-0.752425
-4.020888	-0.750530
-3.816214	-0.749898
-3.624806	-0.794118
-3.412236	-0.768218
-3.235358	-0.756847
-3.009521	-0.688306
-2.823167	-0.679147
-2.618809	-0.623240
-2.416031	-0.602078
-2.225570	-0.525010
-2.018370	-0.495951
-1.817486	-0.449836
-1.620709	-0.494687
-1.409402	-0.487739
-1.210098	-0.531327
-1.022796	-0.503531
-0.816859	-0.457732
-0.621661	-0.412565
-0.407827	-0.358554
-0.221157	-0.332970
-0.008903	-0.319704
0.179369	-0.301069
0.392283	-0.266325
0.580872	-0.212629
0.784308	-0.099869
0.985534	0.011945
1.185495	0.156309
1.384825	0.254552
1.588578	0.368906
1.777799	0.407446
1.988501	0.457041
2.182776	0.465254
2.386529	0.514534
2.593756	0.568552
2.782345	0.600457
2.989573	0.630468
3.183216	0.654476
3.391075	0.631731
3.587562	0.672797
3.791314	0.710705
3.997278	0.717023
4.185552	0.750192
4.380459	0.719866
4.591793	0.739767
4.779750	0.729343
4.992664	0.796944
5.187571	0.817162
5.386901	0.872759
5.585283	0.866125
5.782086	0.851278
5.998158	0.843381
6.189907	0.862966
6.387973	0.858544
6.592988	0.908139
6.793266	0.874970
6.985646	0.880656
7.192873	0.906244
7.386201	0.892660
7.600694	0.947942
7.778227	0.975425
7.998090	1.011437
8.185732	1.003540
8.390116	1.003540
8.594816	0.973530
8.794147	0.949522
8.992528	0.948890
9.189015	0.973530
9.389924	0.985218
9.597152	1.048713
9.785741	1.046501
9.990441	1.034813
9.794586	1.025968
9.588622	1.029443
9.393715	1.043974
9.181118	1.037341
8.999162	1.026600
8.788460	0.964053
8.594816	0.905296
8.388221	0.904980
8.189207	0.958051
7.981980	0.968791
7.795918	1.001644
7.588374	0.951101
7.391888	0.931831
7.188767	0.869916
6.991016	0.922355
6.787896	0.918564
6.590461	0.929936
6.393659	0.880656
6.183904	0.834536
6.000685	0.789047
5.781454	0.808001
5.592549	0.839906
5.389428	0.856964
5.195153	0.839590
4.986030	0.816214
4.801231	0.761248
4.581684	0.739767
4.397517	0.765671
4.176707	0.720814
3.994751	0.725552
3.784365	0.664268
3.587878	0.641840
3.384442	0.613093
3.186375	0.638681
2.985782	0.622254
2.789927	0.636785
2.591229	0.580872
2.386845	0.560339
2.186567	0.501898
1.980603	0.450407
1.786960	0.413763
1.574678	0.336053
1.396197	0.246339
1.181705	0.130721
0.990588	0.007838
0.785888	-0.119136
0.579292	-0.200627
0.380594	-0.289698
0.194848	-0.326021
-0.019326	-0.395509
-0.204417	-0.370241
-0.420462	-0.399615
-0.622924	-0.370872
-0.817491	-0.428358
-1.016479	-0.454258
-1.211046	-0.475104
-1.418246	-0.466892
-1.616287	-0.502268
-1.817486	-0.505427
-2.019001	-0.592602
-2.223359	-0.645034
-2.413820	-0.659879
-2.623547	-0.677251
-2.813692	-0.643455
-3.031947	-0.643771
-3.212300	-0.637138
-3.432767	-0.646613
-3.602065	-0.670303
-3.821268	-0.687043
-4.018992	-0.713575
-4.221139	-0.796960
-4.423918	-0.899929
-4.624486	-1.012373
-4.812419	-1.029429
-5.023094	-1.036062
-5.215450	-0.960889
-5.428020	-0.934989
-5.624481	-0.948886
-5.825996	-0.958046
-6.031618	-1.000055
-6.214182	-1.012057
-6.427383	-1.046801
-6.620371	-1.107445
-6.828203	-1.166510
-7.020558	-1.202833
-7.226811	-1.226838
-7.426432	-1.198411
-7.620682	-1.183882
-7.823777	-1.157666
-8.029398	-1.200938
-8.217648	-1.153244
-8.432113	-1.168089
-8.619730	-1.169669
-8.819350	-1.217679
-9.030341	-1.276428
-9.216063	-1.352233
-9.434003	-1.442251
-9.629201	-1.458676
-9.819978	-1.394557
-10.027810	-1.379080
-9.828506	-1.364235
-9.635518	-1.340862
-9.431477	-1.320963
-9.221749	-1.240104
-9.030341	-1.247053
-8.818402	-1.253370
-8.626678	-1.372447
-8.422005	-1.443515
-8.230282	-1.414140
-8.022449	-1.323806
-7.821566	-1.230313
-7.625420	-1.142189
-7.414113	-1.132398
-7.228707	-1.077755
-7.026244	-1.061962
-6.823781	-0.981419
-6.620055	-0.961205
-6.425488	-0.963100
-6.215129	-1.056909
-6.027196	-1.120395
-5.816837	-1.058172
-5.628272	-0.992474
-5.416649	-0.911931
-5.221135	-0.868028
-5.020252	-0.861079
-4.820000	-0.870554
-4.623538	-0.839601
-4.415390	-0.844654
-4.221456	-0.810226
-4.022151	-0.842759
-3.816214	-0.836442
-3.614383	-0.826335
-3.426450	-0.780220
-3.216406	-0.729052
-3.022787	-0.656721
-2.812112	-0.608711
-2.628601	-0.595129
-2.408134	-0.547119
-2.227150	-0.524694
-2.014580	-0.513639
-1.826014	-0.509217
-1.611233	-0.526273
-1.424563	-0.547751
-1.205676	-0.500373
-1.019638	-0.487739
-0.814016	-0.394562
-0.624188	-0.373083
-0.414776	-0.337392
-0.219894	-0.337708
-0.007956	-0.294436
0.178106	-0.287487
0.377120	-0.237582
0.585294	-0.202206
0.781465	-0.094184
0.988061	0.014788
1.183284	0.154414
1.397777	0.248234
1.580680	0.331631
1.789171	0.388492
1.982183	0.448512
2.188462	0.499055
2.387161	0.553389
2.587438	0.583083
2.788031	0.581188
2.984202	0.603932
3.180057	0.605196
3.392971	0.670902
3.585035	0.687013
3.790683	0.723341
3.992224	0.708494
4.179234	0.680379
4.392463	0.694594
4.580420	0.746085
4.793650	0.785256
4.984766	0.844644
5.191046	0.838642
5.380899	0.827270
5.593181	0.806737
5.785245	0.834536
5.993735	0.881920
6.184852	0.872759
6.402504	0.895504
6.580669	0.835799
6.792634	0.833904
6.980592	0.866757
7.190662	0.952996
7.392203	0.985534
7.593429	1.002592
7.802867	0.986165
7.990825	0.989640
8.185416	0.939729
8.395170	0.982691
8.591658	0.989640
8.793514	1.014280
8.999478	0.981427
9.184592	0.979848
9.394031	1.016176
9.582936	1.002276
9.790480	1.046501
9.986966	1.089779
9.792690	1.055978
9.584516	1.035445
9.388345	1.012701
9.189962	0.981743
8.990317	0.989956
8.790987	0.961210
8.597659	0.966580
8.386642	0.974793
8.187628	0.990904
7.991772	0.955840
7.789916	0.928041
7.599747	0.964685
7.383042	0.932779
7.199192	0.954576
6.979644	0.948574
6.792003	0.912246
6.592041	0.878761
6.395870	0.842117
6.186748	0.820320
5.992788	0.880972
5.786192	0.854437
5.593496	0.885079
5.378688	0.824427
5.198943	0.814003
4.984450	0.777675
4.786068	0.801683
4.591161	0.776095
4.378880	0.767882
4.187763	0.711968
3.987485	0.663952
3.788471	0.636154
3.587878	0.676588
3.388864	0.662689
3.183532	0.669323
2.988941	0.654160
2.782029	0.581820
2.599442	0.563814
2.377368	0.523063
2.187831	0.518957
1.979024	0.475047
1.779062	0.416291
1.579101	0.326260
1.387984	0.252025
1.187707	0.120929
0.982375	0.008786
0.783361	-0.122927
0.581820	-0.209787
0.384069	-0.301384
0.188214	-0.343077
-0.011746	-0.380980
-0.221157	-0.379401
-0.408143	-0.383823
-0.626083	-0.425199
-0.813701	-0.433412
-1.019638	-0.462154
-1.209782	-0.456785
-1.421405	-0.475420
-1.614708	-0.479211
