# Configuration automatically generated by WRITE_CONFIG()
connection eth
ip 192.168.0.10
samplehz 1000.000000
settleus 10.000000
nsample 128

# Analog Inputs
aichannel 0
ainegative 199
airange 10.000000
airesolution 0

aichannel 1
ainegative 199
airange 10.000000
airesolution 0

# Analog Outputs
aochannel 0
aosignal triangle
aofrequency 5.000000
aoamplitude 2.000000
aooffset 2.500000
aoduty 0.500000

# Meta Parameters
int:periods 10
flt:plate_Thigh_C 413.698095
flt:plate_Tlow_C 231.233635
flt:plate_Q_kW 1.115500
flt:plate_Tpeak_C 1265.796786
flt:cool_Thigh_C 82.658530
flt:cool_Tlow_C 22.013461
flt:air_psig 80.000000
flt:water_gph 1.200000
flt:cool_Q_kW 0.000000
flt:standoff_in 0.288000
flt:oxygen_scfh 13.555031
flt:fuel_scfh 9.492094
flt:flow_scfh 23.047125
flt:ratio_fto 0.700264

## End Configuration ##
#: Mon Oct  3 16:13:20 2016
-7.625420	-1.419510
-10.020861	-1.628605
-9.823768	-1.495631
-9.621937	-1.476048
-9.413157	-1.444778
-9.234699	-1.482681
-9.015496	-1.520583
-8.821561	-1.514266
-8.629206	-1.467520
-8.423268	-1.448884
-8.234072	-1.422036
-8.024660	-1.421721
-7.823145	-1.381607
-7.628579	-1.355075
-7.421062	-1.273901
-7.234076	-1.263477
-7.032877	-1.235366
-6.818411	-1.243263
-6.627951	-1.279586
-6.415065	-1.270742
-6.218604	-1.206939
-6.024985	-1.230629
-5.819364	-1.178828
-5.632694	-1.161772
-5.423598	-1.107761
-5.218924	-1.048696
-5.027832	-0.965627
-4.813367	-0.910352
-4.627328	-0.862342
-4.426129	-0.909405
-4.212927	-0.914142
-4.027205	-0.952045
-3.820004	-0.931830
-3.615330	-0.904035
-3.428029	-0.865501
-3.217038	-0.838653
-3.022787	-0.791591
-2.826957	-0.774850
-2.614388	-0.691149
-2.422980	-0.671882
-2.217674	-0.642192
-2.018054	-0.655457
-1.818434	-0.677883
-1.612813	-0.668723
-1.422352	-0.622924
-1.217047	-0.580600
-1.013321	-0.516481
-0.823176	-0.500057
-0.620398	-0.467524
-0.412249	-0.448889
-0.220842	-0.405616
-0.009535	-0.356659
0.178422	-0.329811
0.385017	-0.300121
0.581820	-0.198416
0.780518	-0.109661
0.981743	0.030898
1.192129	0.139882
1.382614	0.226753
1.592052	0.314572
1.773376	0.373961
1.991660	0.399232
2.181829	0.444721
2.381790	0.457989
2.589333	0.489894
2.790243	0.498423
2.980096	0.516113
3.191746	0.519272
3.375912	0.512323
3.596091	0.543596
3.783733	0.581820
3.986854	0.580556
4.187131	0.632047
4.380143	0.598562
4.585159	0.595087
4.792386	0.633626
4.983503	0.638681
5.196416	0.675325
5.379319	0.693331
5.585599	0.647526
5.790931	0.639944
5.991209	0.631415
6.189907	0.670270
6.394290	0.730922
6.585723	0.732818
6.794846	0.739135
6.981855	0.717655
7.190346	0.721129
7.391256	0.750192
7.590586	0.776727
7.790231	0.769461
7.990825	0.744822
8.181625	0.687960
8.392643	0.732186
8.577442	0.765987
8.799517	0.827586
8.988421	0.844644
9.189962	0.814634
9.380763	0.752087
9.600626	0.753667
9.782582	0.791574
10.002761	0.866441
9.780686	0.826322
9.599995	0.800103
9.385186	0.747665
9.188067	0.729659
8.991581	0.777675
8.800148	0.805789
8.589446	0.788731
8.396434	0.796628
8.175307	0.721445
7.991457	0.734081
7.787704	0.761248
7.588058	0.758089
7.386201	0.755878
7.187503	0.710073
6.988489	0.644999
6.792634	0.676588
6.585723	0.695858
6.399345	0.744190
6.181693	0.740083
5.991524	0.702807
5.788720	0.655107
5.588442	0.644367
5.379635	0.648789
5.191994	0.675956
4.987926	0.636785
4.793650	0.622254
4.580737	0.574554
4.387724	0.576449
4.182709	0.604248
3.994751	0.611514
3.785628	0.578661
3.587562	0.561286
3.383810	0.495580
3.189218	0.519588
2.976937	0.499055
2.788347	0.519904
2.584595	0.478522
2.388424	0.465254
2.185619	0.404918
1.986290	0.402075
1.781905	0.335421
1.584787	0.333526
1.386721	0.210643
1.192445	0.132933
0.976689	0.004363
0.781781	-0.113135
0.578977	-0.241056
0.383753	-0.304543
0.183160	-0.387613
-0.015536	-0.382243
-0.223684	-0.444151
-0.410354	-0.432464
-0.631137	-0.454258
-0.818123	-0.456785
-1.019006	-0.503216
-1.214836	-0.539855
-1.419825	-0.646298
-1.617235	-0.665249
-1.822540	-0.706942
-2.014264	-0.669039
-2.227466	-0.675672
-2.418242	-0.677883
-2.622284	-0.702836
-2.818429	-0.730631
-3.017734	-0.762848
-3.220828	-0.759689
-3.418869	-0.829493
-3.616278	-0.854130
-3.821268	-0.931198
-4.020888	-0.971312
-4.223666	-0.999423
-4.422023	-0.980788
-4.619748	-0.990579
-4.824106	-0.976050
-5.017409	-1.027534
-5.221767	-1.032272
-5.428336	-1.053750
-5.621323	-1.035430
-5.829471	-1.099233
-6.022142	-1.179460
-6.216709	-1.293168
-6.425804	-1.298537
-6.614686	-1.304223
-6.825992	-1.224943
-7.028771	-1.196832
-7.230602	-1.184198
-7.423273	-1.263162
-7.622893	-1.313383
-7.829462	-1.386345
-8.028134	-1.394873
-8.228386	-1.446989
-8.432744	-1.468151
-8.626363	-1.535744
-8.829457	-1.554695
-9.029078	-1.588176
-9.228066	-1.564803
-9.427054	-1.541430
-9.629833	-1.531322
-9.815556	-1.581543
-10.028441	-1.602074
-9.824716	-1.610917
-9.627306	-1.573647
-9.427054	-1.565750
-9.228066	-1.573015
-9.030025	-1.581227
-8.826615	-1.536692
-8.622889	-1.513634
-8.431480	-1.410982
-8.223332	-1.304854
-8.027503	-1.243579
-7.822197	-1.236630
-7.619103	-1.246105
-7.414745	-1.305802
-7.230602	-1.305802
-7.028455	-1.324753
-6.830098	-1.318752
-6.618475	-1.303907
-6.433385	-1.263477
-6.219235	-1.222416
-6.030354	-1.145980
-5.819995	-1.085335
-5.631430	-1.044274
-5.421387	-1.049012
-5.228400	-1.061331
-5.010460	-1.097654
-4.821895	-1.090073
-4.619748	-1.057540
-4.425181	-0.996580
-4.220508	-0.945728
-4.025626	-0.892033
-3.813687	-0.885084
-3.623543	-0.829493
-3.412868	-0.776430
-3.227145	-0.710732
-3.018997	-0.683253
-2.819377	-0.681673
-2.618809	-0.729052
-2.419505	-0.748635
-2.216411	-0.762532
-2.027214	-0.721787
-1.814644	-0.684832
-1.625447	-0.647877
-1.414772	-0.615028
-1.218942	-0.560385
-1.010794	-0.507953
-0.822545	-0.478263
-0.612185	-0.449836
-0.420146	-0.451731
-0.209787	-0.440045
-0.015852	-0.425199
0.187267	-0.362029
0.379647	-0.298542
0.587506	-0.197468
0.777359	-0.102712
0.989324	0.023633
1.179177	0.126615
1.391775	0.233387
1.579417	0.303200
1.781274	0.378699
1.979972	0.403655
2.189094	0.452303
2.381790	0.454514
2.597547	0.464623
2.770973	0.471888
2.988309	0.500951
3.182269	0.511059
3.389812	0.556864
3.576506	0.560971
3.792262	0.571079
3.982747	0.591928
4.187763	0.607407
4.378880	0.628256
4.591793	0.639944
4.781330	0.610882
4.991400	0.618148
5.190730	0.611514
5.387533	0.649421
5.577702	0.677220
5.793774	0.712600
5.985838	0.682906
6.194645	0.676904
6.383234	0.677852
6.592041	0.706282
6.786001	0.738188
6.987542	0.754298
7.187187	0.724604
7.395046	0.719866
7.581109	0.697437
7.796233	0.752087
7.981980	0.764407
8.193945	0.800735
8.388536	0.772304
8.585971	0.763143
8.790671	0.745137
8.997898	0.811475
9.177327	0.814634
9.394979	0.840854
9.579778	0.773884
9.796165	0.741663
9.989809	0.728395
9.792690	0.804842
9.587358	0.843697
9.394979	0.862966
9.177958	0.804210
9.003901	0.775779
8.779299	0.735661
8.592921	0.798524
8.387905	0.795365
8.193945	0.782413
7.993352	0.723341
7.800340	0.694910
7.584584	0.683222
7.402628	0.755562
7.187187	0.750508
6.990701	0.771989
6.782842	0.705966
6.592041	0.668375
6.390816	0.664268
6.188643	0.710705
5.983627	0.707546
5.791247	0.714812
5.579597	0.642787
5.386901	0.614989
5.186307	0.592560
4.981607	0.645946
4.786700	0.655423
4.582000	0.648789
4.384881	0.601089
4.187763	0.582767
3.984958	0.550230
3.792578	0.580556
3.583456	0.557812
3.386969	0.548967
3.188271	0.513902
2.974410	0.479470
2.791506	0.466518
2.588070	0.502214
2.381159	0.453250
2.186567	0.458621
1.981235	0.384069
1.780010	0.360377
1.588893	0.284246
1.385457	0.233703
1.190866	0.120613
0.984902	0.030583
0.777991	-0.128296
0.592244	-0.204733
0.379963	-0.322231
0.185055	-0.338024
-0.016484	-0.382875
-0.219894	-0.411934
-0.411934	-0.467524
-0.619766	-0.485844
-0.828230	-0.569229
-1.006688	-0.546488
-1.213257	-0.579021
-1.413824	-0.576178
-1.619130	-0.597656
-1.820013	-0.627031
-2.018370	-0.644403
-2.223359	-0.637454
-2.419505	-0.649456
-2.619757	-0.658300
-2.816850	-0.738843
-3.017102	-0.792538
-3.221776	-0.910036
-3.425818	-0.942569
-3.613435	-0.914458
-3.824426	-0.887295
-4.017729	-0.874660
-4.218613	-0.878767
-4.425813	-0.932462
-4.627328	-0.952361
-4.810524	-0.978577
-5.016146	-1.022796
-5.217345	-1.069859
-5.432758	-1.149138
-5.617533	-1.202202
-5.827260	-1.161772
-6.018352	-1.174407
-6.232502	-1.131450
-6.422962	-1.162404
-6.626056	-1.215468
-6.818727	-1.237893
-7.039194	-1.242631
-7.219231	-1.222416
-7.423273	-1.241999
-7.626052	-1.353496
-7.824724	-1.414772
-8.024029	-1.512371
-8.228070	-1.521847
-8.426743	-1.490577
-8.627942	-1.451095
-8.817771	-1.423616
-9.033815	-1.439093
-9.227434	-1.507949
-9.431477	-1.519320
-9.626675	-1.604285
-9.829453	-1.666508
-10.024335	-1.737259
-9.827558	-1.725888
-9.620042	-1.682616
-9.425475	-1.648820
-9.226171	-1.550905
-9.030025	-1.439408
-8.822509	-1.412877
-8.632364	-1.404980
-8.424848	-1.413508
-8.228703	-1.444462
-8.017079	-1.408771
-7.834200	-1.387924
-7.614997	-1.380344
-7.425800	-1.354444
-7.229023	-1.332650
-7.018979	-1.309592
-6.821254	-1.238525
-6.628899	-1.182619
-6.417276	-1.118184
-6.223026	-1.140926
-6.005718	-1.118184
-5.829471	-1.143137
-5.617533	-1.136504
-5.431179	-1.123238
-5.219240	-1.102392
-5.020883	-1.096706
-4.818420	-1.047749
-4.631434	-1.044906
-4.418233	-0.946991
-4.229352	-0.870870
-4.017097	-0.824124
-3.824426	-0.801382
-3.612488	-0.812753
-3.424870	-0.867080
-3.218933	-0.867080
-3.029104	-0.859499
-2.817482	-0.798224
-2.625758	-0.758742
-2.414767	-0.748319
-2.219885	-0.685148
-2.016791	-0.663354
-1.820645	-0.628610
-1.621025	-0.569861
-1.422352	-0.562280
-1.208519	-0.538907
-1.021533	-0.560069
-0.820334	-0.551541
-0.618818	-0.505111
-0.409723	-0.460259
-0.216104	-0.415092
-0.018063	-0.380348
0.187582	-0.357291
0.382174	-0.278327
0.575818	-0.215788
0.788415	-0.095447
0.981427	0.011945
1.190550	0.137671
1.386089	0.232440
1.574994	0.308254
1.784748	0.339212
1.985026	0.421029
2.176774	0.403655
2.390951	0.459252
2.576382	0.480417
2.792770	0.500951
2.986414	0.504425
3.183532	0.542333
3.387916	0.537910
3.585351	0.577713
3.785944	0.563814
3.999173	0.595087
4.182393	0.578345
4.389936	0.603301
4.586422	0.596983
4.787332	0.630468
4.995507	0.638365
5.187887	0.647526
5.383426	0.616568
5.591285	0.679115
5.782402	0.667111
5.996579	0.699964
6.185484	0.706282
6.395554	0.694910
6.593305	0.672797
6.781894	0.675009
6.987226	0.686065
7.193190	0.757457
7.387781	0.753035
7.596588	0.760932
7.790863	0.742926
7.984507	0.760932
8.192681	0.774200
8.381587	0.790626
8.589446	0.762828
8.795409	0.757457
8.989369	0.710705
9.185540	0.747033
9.386765	0.785572
9.585779	0.837695
9.792690	0.848435
9.982227	0.820636
9.797113	0.759037
9.585148	0.771041
9.385186	0.782413
9.192174	0.834852
8.983051	0.813055
8.791935	0.776095
8.593868	0.705966
8.383166	0.714496
8.193945	0.759037
7.982612	0.805473
7.786757	0.765671
7.593744	0.766302
7.385254	0.682590
7.190978	0.700912
6.993860	0.730290
6.781894	0.744822
6.599938	0.730922
6.386709	0.687329
6.189275	0.605828
5.989945	0.643735
5.780506	0.669323
5.587810	0.709125
5.388480	0.694594
5.186939	0.669323
4.990768	0.618148
4.780698	0.583399
4.588318	0.598878
4.388988	0.618464
4.180182	0.603301
3.987801	0.562550
3.790367	0.532856
3.582824	0.520536
3.391391	0.556548
3.178478	0.543280
2.989573	0.541069
2.782661	0.509480
2.587438	0.457989
2.383054	0.447880
2.195096	0.440615
1.977760	0.404287
1.791382	0.378067
1.573415	0.288669
1.394934	0.220436
1.187707	0.124088
0.993431	-0.007008
0.779254	-0.109345
0.584347	-0.206628
0.372065	-0.290330
0.195796	-0.353185
-0.025012	-0.426147
-0.208839	-0.440045
-0.422988	-0.450468
-0.620713	-0.482053
-0.817807	-0.488055
-1.014584	-0.517745
-1.217363	-0.539539
-1.406875	-0.544592
-1.623236	-0.577441
-1.811801	-0.606184
-2.030372	-0.678831
-2.220833	-0.759374
-2.415083	-0.784642
-2.621652	-0.789380
-2.824115	-0.766638
-3.013312	-0.742317
-3.224934	-0.758742
-3.417921	-0.761900
-3.629544	-0.823808
-3.813371	-0.857604
-4.023099	-0.853182
-4.220192	-0.885084
-4.422971	-0.971312
-4.617537	-1.023744
-4.823474	-1.097654
-5.012355	-1.049012
-5.229979	-1.059120
-5.419492	-1.029113
-5.629219	-1.040484
-5.826944	-1.064489
-6.029091	-1.098601
-6.207233	-1.091968
-6.428963	-1.135241
-6.618475	-1.156403
-6.833572	-1.272953
-7.016452	-1.353180
-7.229654	-1.437829
-7.419799	-1.410982
-7.627947	-1.343704
-7.816828	-1.253686
-8.035715	-1.275796
-8.222385	-1.316541
-8.436535	-1.438145
-8.613413	-1.452043
-8.831985	-1.526268
-9.023393	-1.569225
-9.224908	-1.641240
-9.424527	-1.685775
-9.626042	-1.723362
-9.819661	-1.698093
-10.022756	-1.680090
-9.817766	-1.550273
-9.636782	-1.529427
-9.424527	-1.534481
-9.224908	-1.529427
-9.023393	-1.502895
-8.828826	-1.495315
-8.617835	-1.485523
-8.428954	-1.545536
-8.221753	-1.519320
-8.031293	-1.477627
-7.818723	-1.439408
-7.622262	-1.322858
-7.416008	-1.222416
-7.229970	-1.196516
-7.024664	-1.159561
-6.827571	-1.182303
-6.624161	-1.181671
-6.425173	-1.244526
-6.216709	-1.242631
-6.023406	-1.284640
-5.821259	-1.250843
-5.626692	-1.228418
-5.420755	-1.117553
-5.227452	-1.055645
-5.017093	-0.935305
-4.823158	-0.930567
-4.618169	-0.904035
-4.423602	-0.954572
-4.216402	-0.957099
-4.027205	-0.947623
-3.818109	-0.882241
-3.616594	-0.877503
-3.420448	-0.804857
-3.227145	-0.811174
-3.013312	-0.780220
-2.824747	-0.753688
-2.620389	-0.699677
-2.422664	-0.675356
-2.218937	-0.629873
-2.018370	-0.656405
-1.817486	-0.645666
-1.618498	-0.681358
-1.413508	-0.631137
-1.224627	-0.596708
-1.014900	-0.553436
-0.822860	-0.519956
-0.622293	-0.460259
-0.418882	-0.440360
-0.217683	-0.379085
-0.012693	-0.350026
0.190741	-0.313703
0.383122	-0.298542
0.584347	-0.220526
0.791258	-0.111240
0.983006	0.028371
1.187707	0.136723
1.385141	0.247603
1.582576	0.286142
1.780958	0.367959
1.980603	0.384385
2.184988	0.428295
2.382422	0.453882
2.586806	0.493685
2.788347	0.475679
2.986729	0.519272
3.186059	0.514218
3.381283	0.548335
3.587246	0.545808
3.790367	0.560339
3.987170	0.560023
4.185552	0.599194
4.387093	0.581820
4.588318	0.630152
4.794913	0.640576
4.980660	0.655423
5.192626	0.648789
5.385005	0.678168
5.584335	0.629836
5.786824	0.633311
5.993735	0.633311
6.188643	0.675009
6.392079	0.696805
6.586039	0.743558
6.789791	0.724604
6.989753	0.740399
7.188767	0.738504
7.382411	0.735977
7.592165	0.747349
7.784861	0.759353
7.988297	0.738188
8.185416	0.738188
8.392327	0.732502
8.588814	0.763775
8.791935	0.797892
8.987790	0.813371
9.195333	0.781465
9.380132	0.774200
9.593677	0.794101
9.785741	0.804842
9.993600	0.845276
9.792059	0.831693
9.596204	0.775779
9.388660	0.734081
9.191858	0.723341
8.989369	0.773252
8.803623	0.801683
8.582812	0.800419
8.403068	0.774832
8.179098	0.737240
7.992088	0.740715
7.786757	0.754930
7.593744	0.756510
7.388729	0.751771
7.186556	0.702807
6.977433	0.650685
6.794846	0.659530
6.585723	0.712284
6.396818	0.738820
6.187379	0.738504
5.990577	0.710073
5.786192	0.636154
5.589074	0.622886
5.373317	0.673745
5.195468	0.677852
4.982555	0.659530
4.794281	0.625413
4.586739	0.562866
4.389620	0.567920
4.179865	0.597614
4.000753	0.608987
3.785312	0.589717
3.592932	0.568552
3.379071	0.508848
3.182585	0.509796
2.982307	0.514218
2.790559	0.527170
2.581436	0.481365
2.392847	0.447880
2.177406	0.385017
1.992607	0.382174
1.778746	0.346794
1.588262	0.320258
1.379455	0.224542
1.188022	0.137987
0.979532	0.001204
0.791258	-0.101449
0.576765	-0.242004
0.393230	-0.314335
0.176526	-0.381927
-0.011746	-0.395509
-0.220210	-0.439729
-0.420146	-0.453626
-0.627031	-0.476684
-0.818123	-0.471946
-1.027850	-0.514270
-1.207887	-0.551857
-1.425195	-0.625767
-1.611865	-0.655773
-1.823172	-0.675040
-2.019001	-0.666512
-2.225255	-0.690201
-2.417294	-0.689886
-2.627337	-0.743581
-2.810849	-0.744844
-3.027209	-0.761269
-3.213563	-0.734737
-3.425186	-0.784642
-3.618805	-0.846549
-3.820952	-0.952045
-4.012044	-1.028798
-4.226193	-1.055961
-4.416969	-1.001950
-4.628592	-1.013636
-4.818420	-1.000055
-5.020252	-1.034483
-5.223346	-1.066384
-5.418228	-1.082177
-5.622271	-1.058172
-5.831682	-1.133977
-6.015193	-1.187041
-6.236608	-1.283376
-6.421382	-1.302012
-6.627319	-1.302328
-6.821254	-1.245158
-7.024033	-1.233471
-7.228075	-1.204413
-7.428327	-1.291273
-7.611522	-1.328228
-7.836095	-1.385397
-8.022133	-1.346863
-8.229334	-1.408455
-8.428638	-1.464993
-8.623204	-1.593230
-8.822509	-1.650399
-9.029078	-1.701884
-9.221117	-1.629237
-9.434635	-1.610917
-9.626675	-1.569541
-9.825663	-1.612181
-10.012964	-1.590071
-9.821240	-1.568909
-9.629201	-1.516793
-9.428002	-1.553432
-9.222381	-1.556590
-9.030972	-1.638397
-8.819982	-1.599863
-8.628574	-1.537007
-8.425163	-1.413193
-8.228703	-1.325069
-8.027819	-1.266320
-7.821250	-1.279586
-7.626052	-1.272953
-7.427695	-1.320015
-7.223653	-1.302328
-7.018032	-1.314014
-6.828203	-1.302959
-6.617212	-1.287482
-6.422646	-1.263477
-6.208497	-1.244526
-6.018036	-1.150086
-5.827260	-1.127344
-5.621954	-1.070806
-5.425809	-1.084388
-5.222714	-1.054066
-5.019304	-1.039852
-4.820632	-1.030061
-4.619748	-1.013321
-4.428340	-0.993106
-4.229668	-1.011110
-4.015834	-0.929303
-3.826005	-0.925513
-3.616594	-0.814964
-3.419501	-0.766007
-3.222723	-0.728420
-3.017734	-0.710100
-2.820956	-0.711995
-2.622284	-0.749898
-2.413820	-0.723050
-2.223675	-0.751161
-2.025950	-0.710732
-1.814960	-0.691149
-1.622920	-0.649140
-1.412561	-0.589760
-1.223680	-0.542697
-1.014584	-0.513639
-0.818438	-0.462470
-0.621029	-0.473209
-0.414460	-0.448889
-0.216735	-0.454890
-0.018379	-0.432148
0.189162	-0.371504
0.379331	-0.310228
0.591928	-0.216104
0.776411	-0.095763
0.989008	0.004995
1.183600	0.134196
1.387352	0.229912
1.578785	0.315836
1.786328	0.388176
1.976813	0.397337
2.193201	0.432717
2.384949	0.457673
2.583015	0.445669
2.788663	0.495264
2.977569	0.496528
3.177530	0.503794
3.392023	0.548967
3.579981	0.545808
3.797001	0.577713
3.984958	0.613093
4.186183	0.596983
4.382039	0.620043
4.589898	0.611830
4.781330	0.609303
4.998034	0.628888
5.182517	0.647526
5.396062	0.660793
5.579913	0.674693
5.789667	0.682274
5.994051	0.695542
6.191486	0.652580
6.391131	0.703439
6.596148	0.717655
6.788844	0.729343
6.993228	0.756194
7.183397	0.730922
7.390940	0.721445
7.588374	0.719550
7.793706	0.713864
7.985770	0.757141
8.188259	0.794417
8.380639	0.762512
8.595764	0.781465
8.789092	0.774516
9.002321	0.792206
9.185856	0.810528
9.392136	0.802314
9.584831	0.763459
9.789216	0.759353
9.991388	0.750508
9.795534	0.808316
9.581673	0.813371
9.398769	0.846540
9.180170	0.812739
8.997267	0.778938
8.786565	0.749876
8.593868	0.773884
8.386957	0.773568
8.188891	0.791574
7.978505	0.714180
7.804762	0.712916
7.583004	0.695542
7.393467	0.729975
7.183712	0.760300
6.997650	0.757773
6.783789	0.706598
6.593620	0.685749
6.386709	0.660162
6.196856	0.722709
5.979836	0.716075
5.795037	0.697753
5.583388	0.662689
5.386901	0.586558
5.190414	0.594771
4.983187	0.649737
4.785120	0.645946
4.589898	0.667427
4.376352	0.617200
4.189658	0.567920
3.988749	0.562866
3.787208	0.571395
3.591669	0.570447
3.384442	0.547703
3.185743	0.507900
2.982623	0.478206
2.785188	0.444089
2.593440	0.494633
2.382106	0.470940
2.189094	0.462411
1.984394	0.399232
1.783485	0.337949
1.587946	0.282351
1.378191	0.248866
1.181073	0.118086
0.991852	0.027108
0.778622	-0.122611
0.584031	-0.204101
0.379963	-0.303280
0.181580	-0.322863
-0.011746	-0.371188
-0.219262	-0.392351
-0.419514	-0.462470
-0.614080	-0.482685
-0.826019	-0.553752
-1.010162	-0.557227
-1.216099	-0.585338
-1.417299	-0.606184
-1.618814	-0.639981
-1.823172	-0.646929
-2.023423	-0.684832
-2.217358	-0.630821
-2.422348	-0.641876
-2.611545	-0.653878
-2.824115	-0.737580
-3.017102	-0.820018
-3.223039	-0.892348
-3.428660	-0.890769
-3.616594	-0.880346
-3.816846	-0.848129
-4.026573	-0.876556
-4.219876	-0.904667
-4.425498	-0.968153
-4.630803	-0.976997
-4.813683	-0.961205
-5.023726	-1.037957
-5.212923	-1.098917
-5.420755	-1.161772
-5.633641	-1.240736
-5.822838	-1.210414
-6.019615	-1.212309
-6.217024	-1.180092
-6.419171	-1.180724
-6.630478	-1.205992
-6.822202	-1.223364
-7.030034	-1.203149
-7.235024	-1.211046
-7.418220	-1.229049
-7.623209	-1.332334
-7.825356	-1.397716
-8.021817	-1.545536
-8.229334	-1.531954
-8.421373	-1.439724
-8.629521	-1.397400
-8.828510	-1.427090
-9.019602	-1.442567
-9.229013	-1.535744
-9.425791	-1.572383
-9.622884	-1.618498
-9.833875	-1.678510
-10.015807	-1.744840
-9.830400	-1.760633
-9.627306	-1.744208
-9.425791	-1.619761
-9.233751	-1.515529
-9.025603	-1.404664
-8.827247	-1.377185
-8.625416	-1.389188
-8.423901	-1.375606
-8.235651	-1.345284
-8.021502	-1.293800
-7.825040	-1.272953
-7.624788	-1.325385
-7.423589	-1.352233
-7.215441	-1.367710
-7.030350	-1.363603
-6.815885	-1.263793
-6.635532	-1.212309
-6.414118	-1.162720
-6.226500	-1.153244
-6.025932	-1.173143
-5.827576	-1.166826
-5.620691	-1.174407
-5.423913	-1.206308
-5.213239	-1.178513
-5.030991	-1.179776
-4.807997	-1.097022
-4.629855	-1.038589
-4.422655	-0.977629
-4.229668	-0.895191
-4.019624	-0.871186
-3.826953	-0.851919
-3.614383	-0.816227
-3.433398	-0.837390
-3.211984	-0.792854
-3.030368	-0.778325
-2.816218	-0.751161
-2.618494	-0.710100
-2.418874	-0.702520
-2.227466	-0.690517
-2.012369	-0.633663
-1.827594	-0.607448
-1.615339	-0.538907
-1.423616	-0.525010
-1.217363	-0.516797
-1.014584	-0.521851
-0.822545	-0.531958
-0.617239	-0.523746
-0.414460	-0.471314
-0.220526	-0.447941
-0.011746	-0.385086
0.181265	-0.363608
0.384069	-0.285592
0.578029	-0.202522
0.786204	-0.094184
0.977952	0.016367
1.189602	0.143041
1.386721	0.217277
1.582260	0.315204
1.780010	0.356271
1.989133	0.424504
2.179302	0.437456
2.388108	0.452303
2.584279	0.448828
2.796561	0.484840
2.979780	0.500319
3.186375	0.564761
3.381914	0.531276
3.593880	0.571079
3.783101	0.552126
3.993803	0.564130
4.178286	0.578661
4.390252	0.630783
4.581052	0.603616
4.787332	0.645315
4.985082	0.621307
5.196100	0.633311
5.378372	0.629204
5.583704	0.676904
5.785245	0.684486
5.988997	0.704071
6.185484	0.693015
6.393975	0.702807
6.585091	0.675956
6.791371	0.721129
6.981855	0.696805
7.193821	0.729343
7.389676	0.744190
7.590901	0.744822
7.789916	0.730922
7.992088	0.794733
8.185416	0.766934
8.389484	0.814318
8.586603	0.792838
8.790987	0.761248
8.997898	0.735029
9.188699	0.772620
9.383290	0.772620
9.590202	0.843381
9.791743	0.837695
9.992021	0.835799
9.791427	0.776095
9.592097	0.788415
9.386450	0.783677
9.183329	0.825375
8.992845	0.799471
8.793199	0.794417
8.589446	0.732186
8.382851	0.747980
8.188259	0.729027
7.988929	0.792522
7.784545	0.757141
7.588058	0.749244
7.395994	0.698385
7.186240	0.736608
6.991016	0.716391
6.789791	0.753351
6.590146	0.707230
6.397766	0.708178
6.183273	0.620675
5.988365	0.634890
5.781454	0.667743
5.590022	0.706282
5.385322	0.677536
5.186624	0.680379
4.987609	0.610882
4.787964	0.611830
4.581052	0.614989
4.380775	0.621938
4.187131	0.590665
3.987485	0.570132
3.786260	0.516429
3.579665	0.524011
3.386021	0.540437
3.180057	0.554653
2.984518	0.529697
2.785504	0.507268
2.585543	0.440299
2.380843	0.439351
2.188778	0.419450
1.979024	0.422924
1.786328	0.369222
1.576889	0.308886
1.387036	0.221699
1.182020	0.131353
0.985850	0.007522
0.789679	-0.102080
0.592560	-0.233476
0.381226	-0.299174
0.190426	-0.373083
-0.024064	-0.410354
-0.214524	-0.451415
-0.422041	-0.476368
-0.622609	-0.506058
-0.819386	-0.523114
-1.014900	-0.555963
-1.219574	-0.543013
-1.416035	-0.551541
-1.626078	-0.551541
-1.814328	-0.585969
-2.020897	-0.626715
-2.224307	-0.705994
-2.421400	-0.763164
-2.618494	-0.808963
-2.821272	-0.795697
-3.013943	-0.812121
-3.228093	-0.812753
-3.416342	-0.850971
-3.612804	-0.875292
-3.822215	-0.880978
-4.026889	-0.883189
-4.216718	-0.917301
-4.430551	-0.982683
-4.616273	-1.064489
-4.821263	-1.111867
-5.011092	-1.091653
-5.231243	-1.073017
-5.420755	-1.054382
-5.636800	-1.081229
-5.817469	-1.099865
-6.021826	-1.125765
-6.213550	-1.103655
-6.426436	-1.087231
-6.620687	-1.102392
-6.827887	-1.181987
-7.021822	-1.269479
-7.235024	-1.393294
-7.413166	-1.419194
-7.631421	-1.370236
-7.816828	-1.368973
-8.035399	-1.372131
-8.216700	-1.396136
-8.440325	-1.440040
-8.616571	-1.425195
-8.828194	-1.443515
-9.017076	-1.517740
-9.238489	-1.609970
-9.417894	-1.703463
-9.648468	-1.755263
-9.816819	-1.721782
-10.025599	-1.601442
-9.820925	-1.488682
-9.634255	-1.458360
-9.422948	-1.478259
-9.233751	-1.535744
-9.023393	-1.513634
-8.830090	-1.474152
-8.617835	-1.406244
-8.433376	-1.423300
-8.223648	-1.481417
-8.023081	-1.484576
-7.821566	-1.445726
-7.629526	-1.402453
-7.411902	-1.334861
-7.234076	-1.317173
-7.014557	-1.277691
-6.825045	-1.241999
-6.624161	-1.179460
-6.422330	-1.183882
-6.218288	-1.163352
-6.030670	-1.211677
-5.818416	-1.198411
-5.635852	-1.191147
-5.410964	-1.127976
-5.228084	-1.055013
-5.015830	-0.955835
-4.820000	-0.920775
-4.619748	-0.884136
-4.428340	-0.916669
-4.212927	-0.911300
-4.030364	-0.936252
-3.806107	-0.923934
-3.626701	-0.931830
-3.417606	-0.880662
-3.222723	-0.868659
-3.018049	-0.823176
-2.823799	-0.778009
-2.615651	-0.691149
-2.425506	-0.684200
-2.215463	-0.657037
-2.025635	-0.679778
-1.814328	-0.657984
-1.620709	-0.647245
-1.418246	-0.601446
-1.215152	-0.579968
-1.008583	-0.521851
-0.826019	-0.520588
-0.608395	-0.484896
-0.418882	-0.457732
-0.212629	-0.413197
-0.013957	-0.363292
0.184739	-0.325074
0.384385	-0.289698
0.583399	-0.195257
0.778938	-0.121663
0.989956	0.038796
1.181389	0.139566
1.392091	0.247603
1.584787	0.307623
1.780642	0.339844
1.985342	0.374908
2.190042	0.437140
2.382422	0.447248
2.593756	0.515166
2.786768	0.487367
2.986729	0.517061
3.185428	0.487683
3.383494	0.524959
3.591037	0.564761
3.785628	0.580872
3.985590	0.560339
4.186499	0.613093
4.377300	0.579608
4.588318	0.626361
4.789859	0.626993
4.991084	0.660162
5.189782	0.644367
5.378056	0.658582
5.585283	0.633626
5.792826	0.663952
5.986470	0.678484
6.193065	0.693015
6.387973	0.688908
6.595516	0.709441
6.790739	0.703439
6.980276	0.702492
7.193190	0.736292
7.391888	0.768198
7.586163	0.763459
7.789284	0.789679
7.988929	0.740083
8.186048	0.706914
8.394223	0.741663
8.581549	0.732502
8.793199	0.775779
8.988421	0.820320
9.188383	0.786836
9.390241	0.817162
9.588939	0.804842
9.788584	0.811160
9.997706	0.821900
9.782898	0.806105
9.598731	0.783993
9.387713	0.766934
9.185856	0.735977
8.995687	0.787783
8.795094	0.792206
8.586287	0.812423
8.395487	0.770093
8.182257	0.716391
7.997458	0.712284
7.790547	0.750824
7.597219	0.750824
7.391256	0.778938
7.178974	0.734397
6.984699	0.690488
6.790107	0.663952
6.585091	0.679747
6.397766	0.727131
6.176955	0.720814
5.989945	0.696174
5.790931	0.673745
5.585283	0.637733
5.387533	0.663005
5.189782	0.678799
4.984135	0.645630
4.790175	0.628572
4.582316	0.552126
4.390252	0.559391
4.177338	0.599194
3.992856	0.595403
3.783733	0.592876
3.584403	0.567604
3.384442	0.510111
3.188902	0.501582
2.975041	0.496844
2.797192	0.507584
2.580804	0.496528
2.393162	0.440930
2.182145	0.406182
1.982815	0.392598
1.781590	0.367959
1.578785	0.336053
1.385457	0.224542
1.200974	0.137987
0.977320	0.005627
0.791258	-0.125453
0.576449	-0.225895
0.383753	-0.307702
0.183792	-0.365819
-0.015220	-0.369293
-0.220842	-0.438149
-0.412565	-0.430885
-0.626715	-0.462154
-0.814332	-0.477947
-1.021533	-0.484896
-1.214836	-0.528168
-1.417299	-0.586285
-1.619130	-0.635874
-1.823172	-0.698730
-2.013316	-0.684200
-2.230308	-0.715786
-2.412556	-0.727156
-2.621020	-0.746424
-2.816850	-0.761585
-3.016786	-0.784642
-3.224303	-0.769797
-3.421396	-0.806120
-3.614699	-0.830757
-3.827901	-0.934357
-4.014571	-0.987421
-4.228720	-1.008899
-4.418233	-0.977945
-4.621011	-0.962784
-4.820947	-0.969101
-5.018988	-1.031324
-5.221135	-1.070806
-5.426756	-1.109972
-5.618480	-1.045222
-5.831366	-1.080914
-6.014878	-1.124186
-6.223973	-1.236946
-6.423909	-1.275164
-6.617212	-1.339283
-6.821886	-1.282429
-7.035404	-1.287167
-7.217020	-1.234419
-7.430222	-1.283060
-7.618155	-1.308329
-7.827883	-1.322226
-8.020870	-1.309592
-8.224280	-1.404349
-8.430849	-1.491524
-8.623521	-1.604600
-8.819350	-1.657664
-9.030025	-1.649452
-9.219853	-1.552168
-9.428949	-1.482681
-9.619725	-1.436250
-9.817766	-1.480785
-10.024019	-1.528795
-9.823768	-1.554064
-9.622568	-1.499737
-9.432108	-1.534796
-9.223644	-1.551853
-9.030025	-1.593230
-8.823457	-1.574278
-8.620046	-1.535112
-8.434639	-1.474784
-8.221122	-1.430880
-8.024660	-1.380344
-7.834516	-1.385713
-7.618471	-1.327280
-7.418851	-1.290325
-7.228075	-1.238209
-7.015189	-1.217363
-6.829151	-1.259371
-6.617212	-1.295695
-6.426752	-1.277375
-6.225237	-1.274217
-6.016457	-1.160825
-5.830419	-1.079650
-5.626692	-1.002582
-5.422019	-1.013321
-5.224294	-1.015216
-5.012039	-1.031956
-4.824738	-1.040168
-4.625117	-1.070174
-4.421391	-1.036694
-4.226825	-1.043011
-4.018677	-0.985525
-3.820004	-0.929935
-3.623859	-0.877503
-3.416026	-0.814016
-3.235042	-0.761269
-3.017102	-0.764427
-2.817798	-0.719260
-2.620704	-0.744213
-2.412872	-0.723050
-2.216727	-0.708205
-2.025635	-0.664617
-1.812433	-0.629242
-1.625763	-0.617239
-1.412877	-0.592287
-1.215783	-0.544592
-1.020269	-0.514586
-0.818438	-0.473841
-0.612501	-0.446678
-0.428990	-0.433728
-0.210418	-0.398036
-0.021221	-0.403721
0.197059	-0.356975
0.380910	-0.304859
0.583399	-0.225264
0.789363	-0.102712
0.986797	0.016683
1.177598	0.119981
1.391775	0.245075
1.574046	0.302568
1.794225	0.388808
1.975865	0.410920
2.192253	0.417554
2.380211	0.440299
2.588701	0.465254
2.782977	0.495264
2.981359	0.530013
3.175951	0.503794
3.394234	0.540121
3.579349	0.531276
3.792578	0.562234
3.987801	0.611514
4.187447	0.616884
4.377300	0.610882
4.596215	0.617200
4.782909	0.594771
4.999298	0.639944
5.179042	0.670586
5.390376	0.665216
5.581492	0.675325
5.786508	0.678799
5.988365	0.662689
6.201594	0.668059
6.386393	0.707546
6.593305	0.737872
6.779051	0.727447
6.991333	0.743874
7.193190	0.717970
7.391888	0.707230
7.587111	0.724920
7.799708	0.741347
7.985455	0.739451
8.194262	0.797576
8.384430	0.750508
8.598923	0.757141
8.787512	0.785256
8.994108	0.797892
9.177643	0.796628
9.396242	0.824111
9.577882	0.748928
9.795850	0.764091
9.985387	0.762196
9.798061	0.802314
9.585148	0.809264
9.392767	0.849067
9.179222	0.793469
9.001373	0.760616
8.782458	0.748612
8.595448	0.799156
8.382535	0.783993
8.189523	0.819373
7.985770	0.738504
7.796865	0.703755
7.583952	0.687329
7.393467	0.717339
7.183081	0.733765
6.992912	0.766618
6.783157	0.711968
6.594884	0.703755
6.386709	0.699017
6.193065	0.714496
5.988365	0.712916
5.787140	0.713864
5.582124	0.655107
5.390376	0.610882
5.188835	0.578977
4.992664	0.624781
4.787016	0.637101
4.592109	0.648158
4.391831	0.615620
4.181445	0.575818
3.988433	0.529381
3.793210	0.573606
3.586930	0.554969
3.385705	0.562866
3.183532	0.521484
2.976305	0.485788
2.789295	0.458305
2.587122	0.486735
2.376104	0.456725
2.187831	0.460516
1.981235	0.392914
1.786328	0.360061
1.580364	0.286142
1.390511	0.240653
1.184864	0.126615
0.984902	0.026476
0.780518	-0.129560
0.589401	-0.201259
0.373329	-0.319388
0.187267	-0.316545
-0.017431	-0.364555
-0.216104	-0.351289
-0.419514	-0.421093
-0.618502	-0.452363
-0.821281	-0.523746
-1.009530	-0.557858
-1.216415	-0.612817
-1.414456	-0.603341
-1.620393	-0.634295
-1.823803	-0.628926
-2.023423	-0.640928
-2.220201	-0.638717
-2.416031	-0.652931
-2.617230	-0.670934
-2.819377	-0.751161
-3.024367	-0.821281
-3.220512	-0.891401
-3.430240	-0.903719
-3.617857	-0.878767
-3.822215	-0.868028
-4.015518	-0.882873
-4.220824	-0.887611
-4.422023	-0.955835
-4.626381	-0.973839
-4.813683	-1.010478
-5.020883	-1.017427
-5.221451	-1.067648
-5.426441	-1.138715
-5.617848	-1.210730
-5.833577	-1.237262
-6.013299	-1.261582
-6.229027	-1.245474
-6.417592	-1.250212
-6.632057	-1.237262
-6.821570	-1.255897
-7.031298	-1.238525
-7.222390	-1.205360
-7.428643	-1.227470
-7.620998	-1.331702
-7.826935	-1.423616
-8.018974	-1.542061
-8.226807	-1.542377
-8.424532	-1.488050
-8.621625	-1.452043
-8.818719	-1.423616
-9.029710	-1.436250
-9.220486	-1.491840
-9.432108	-1.497526
-9.625411	-1.527216
-9.830085	-1.616603
-10.018966	-1.736943
-9.825031	-1.803273
-9.626990	-1.780531
-9.430844	-1.701884
-9.219853	-1.581859
-9.034131	-1.460571
-8.817455	-1.400242
-8.622889	-1.383186
-8.422953	-1.379080
-8.223965	-1.337072
-8.025924	-1.261266
-7.829146	-1.279270
-7.616576	-1.318752
-7.428958	-1.385081
-7.219863	-1.384450
-7.042353	-1.379396
-6.822834	-1.279902
-6.626688	-1.192726
-6.418856	-1.106814
-6.226184	-1.094811
-6.012667	-1.078387
-5.830734	-1.109972
-5.615637	-1.116289
-5.430862	-1.140926
-5.217977	-1.142505
-5.019936	-1.148822
-4.812735	-1.096706
-4.623222	-1.062594
-4.410968	-0.957414
-4.233142	-0.880030
-4.005727	-0.828230
-3.826005	-0.821913
-3.615330	-0.813069
-3.427397	-0.813385
-3.217354	-0.784958
-3.022787	-0.779588
-2.815587	-0.750530
-2.627337	-0.742317
-2.410977	-0.718944
-2.224307	-0.698098
-2.019633	-0.654826
-1.821277	-0.604289
-1.614708	-0.571756
-1.410350	-0.575546
-1.209466	-0.540486
-1.014900	-0.555332
-0.808015	-0.518061
-0.621977	-0.494372
-0.424568	-0.466892
-0.217999	-0.452679
-0.018379	-0.412565
0.187582	-0.363924
0.380279	-0.286855
0.578345	-0.219894
0.791574	-0.079655
0.976057	0.009734
1.194656	0.152202
1.381982	0.222963
1.580048	0.305095
1.784433	0.349637
1.983762	0.423872
2.184040	0.413763
2.391899	0.463991
2.577645	0.445985
2.790243	0.488315
2.981043	0.500319
3.184480	0.565393
3.380651	0.561286
3.592300	0.568552
3.784997	0.543280
3.997278	0.573290
4.176391	0.578029
4.393411	0.643103
4.579789	0.644683
4.790491	0.634574
4.987609	0.647210
5.188519	0.627309
5.384374	0.626361
5.589390	0.701228
5.784613	0.687329
5.994051	0.705651
6.183589	0.702176
6.394290	0.685749
6.592673	0.686697
6.784737	0.711968
6.993228	0.704071
7.186872	0.735977
7.387465	0.732186
7.596272	0.748928
7.790547	0.732186
7.989561	0.782413
8.187943	0.777043
8.384114	0.783045
8.593553	0.784308
8.789723	0.761248
8.987790	0.716391
9.193122	0.782729
9.381080	0.768830
9.581357	0.800735
9.791427	0.840854
9.986966	0.810212
9.799956	0.770409
9.579461	0.803262
9.388660	0.781465
9.187752	0.831693
8.989369	0.805473
8.796041	0.797576
8.591341	0.732818
8.383166	0.725236
8.194893	0.736608
7.981032	0.760616
7.794338	0.758721
7.595956	0.763459
7.386517	0.698701
7.196980	0.715443
6.985646	0.731554
6.781262	0.756826
6.596464	0.751771
6.391131	0.693015
6.196224	0.632679
5.990892	0.634890
5.792194	0.649737
5.593496	0.702176
5.392903	0.694910
5.187571	0.669007
4.990452	0.629520
4.782909	0.571079
4.593372	0.605828
4.381091	0.620675
4.186499	0.595087
3.993803	0.598562
3.790998	0.529697
3.583456	0.520852
3.386969	0.549598
3.175003	0.530961
2.993363	0.535699
2.779818	0.505373
2.591229	0.450407
2.389056	0.443458
2.185619	0.431454
1.979656	0.411552
1.785696	0.384069
1.576889	0.293407
1.398093	0.219804
1.174123	0.118086
0.992167	-0.009851
0.780834	-0.096079
0.581504	-0.230317
0.373013	-0.280538
0.191373	-0.351605
-0.014273	-0.413829
-0.210102	-0.425199
-0.429306	-0.465629
-0.611554	-0.506690
-0.819070	-0.508901
-1.012689	-0.556595
-1.214836	-0.558174
-1.411929	-0.559122
-1.617866	-0.578073
-1.816855	-0.590076
-2.025319	-0.646298
-2.216411	-0.692412
-2.417610	-0.742633
-2.616598	-0.780852
-2.821904	-0.778325
-3.017418	-0.782115
-3.224618	-0.816859
-3.422975	-0.817807
-3.626070	-0.877503
-3.811792	-0.875924
-4.027205	-0.887295
-4.219244	-0.903719
-4.423286	-0.947939
-4.623222	-1.009215
-4.823158	-1.074281
-5.019620	-1.059751
-5.232821	-1.079018
-5.415070	-1.063857
-5.633009	-1.125133
-5.818732	-1.149770
-6.024037	-1.166826
-6.218920	-1.143769
-6.426120	-1.127976
-6.621634	-1.095443
-6.826308	-1.181355
-7.024349	-1.223048
-7.236603	-1.343389
-7.418535	-1.370236
-7.629842	-1.338651
-7.819039	-1.303907
-8.020870	-1.341809
-8.227439	-1.350022
-8.430218	-1.434671
-8.614992	-1.436882
-8.831669	-1.459939
-9.018338	-1.485523
-9.230593	-1.570172
-9.424844	-1.656401
-9.636782	-1.738207
-9.825031	-1.708516
-10.020861	-1.650715
-9.820293	-1.550273
-9.632676	-1.524373
-9.419789	-1.497526
-9.225224	-1.511423
-9.023708	-1.460571
-8.822824	-1.379396
-8.624152	-1.346231
-8.424532	-1.395189
-8.233124	-1.433723
-8.026555	-1.508896
-7.825040	-1.466888
-7.628579	-1.431196
-7.418851	-1.324437
-7.227759	-1.274532
-7.026560	-1.225575
-6.821254	-1.223996
-6.625424	-1.195885
-6.420119	-1.207255
-6.221447	-1.180408
-6.023722	-1.235366
-5.827576	-1.243579
-5.627956	-1.233471
-5.417912	-1.180724
-5.223346	-1.107129
-5.028464	-0.998791
-4.814946	-0.948570
-4.622275	-0.894875
-4.428340	-0.924565
-4.216402	-0.908141
-4.019309	-0.910036
-3.828217	-0.876556
-3.617857	-0.868343
-3.428976	-0.834863
-3.218933	-0.824124
-3.019629	-0.783063
-2.824115	-0.776114
-2.617230	-0.709469
-2.418874	-0.695571
-2.221148	-0.672514
-2.019633	-0.652615
-1.821908	-0.642507
-1.616603	-0.628294
-1.416351	-0.604921
-1.217363	-0.611554
-1.011425	-0.565755
-0.820334	-0.549962
-0.627031	-0.504163
-0.414145	-0.446046
-0.223053	-0.398352
-0.006060	-0.338655
0.179369	-0.313703
0.381858	-0.284328
0.584979	-0.202838
0.783361	-0.108713
0.981743	0.025844
1.190234	0.147148
1.380718	0.233071
1.590157	0.317415
1.772429	0.343951
1.990396	0.375856
2.183724	0.441878
2.385265	0.457989
2.589649	0.500003
2.796561	0.498423
2.977885	0.496844
3.195536	0.496528
3.375281	0.526854
3.592300	0.565393
3.785312	0.601721
3.982115	0.569500
4.187131	0.589401
4.388672	0.573922
4.579157	0.606459
4.791754	0.649421
4.981923	0.662689
5.197364	0.659846
5.381846	0.672797
5.587178	0.638049
5.785561	0.654160
5.991524	0.683538
6.182009	0.681327
6.399345	0.681643
6.585091	0.694910
6.788528	0.715759
6.982803	0.725868
7.191294	0.749560
7.389676	0.765671
7.592797	0.759037
7.780438	0.750824
7.994931	0.745453
8.180046	0.703123
8.395170	0.773884
8.579337	0.749560
8.797305	0.777359
8.989685	0.801683
9.192490	0.792206
9.382659	0.751455
9.600626	0.820005
9.783214	0.805473
10.002761	0.842749
9.786373	0.823479
9.602522	0.801683
9.377289	0.777675
9.191858	0.768198
8.984315	0.761248
8.802360	0.780202
8.582812	0.776411
8.397066	0.784624
8.185732	0.730922
7.992720	0.756194
7.782334	0.745137
7.594692	0.764091
7.386517	0.750508
7.188767	0.728711
6.980592	0.660162
6.791687	0.665848
6.584144	0.676272
6.395870	0.729027
6.182957	0.741979
5.991840	0.710705
5.777979	0.667743
5.588442	0.646894
5.376161	0.631099
5.194521	0.671218
4.982555	0.649421
4.793334	0.639944
4.579789	0.586874
4.385197	0.562234
4.183024	0.571395
3.995067	0.603616
3.785312	0.571079
3.586930	0.564761
3.383178	0.505057
3.187639	0.507268
2.981359	0.500319
2.790243	0.517377
2.586174	0.486735
2.387161	0.470625
2.182145	0.385649
1.983131	0.391967
1.780958	0.351216
1.577205	0.329735
1.385141	0.219804
1.194340	0.125351
0.987745	-0.006692
0.786836	-0.103028
0.575818	-0.243583
0.383122	-0.295067
0.186003	-0.400247
-0.017115	-0.394562
-0.218946	-0.452995
-0.415092	-0.441308
-0.620713	-0.462154
-0.818123	-0.457101
-1.020585	-0.505742
-1.212941	-0.517745
-1.419825	-0.606184
-1.620393	-0.630821
-1.819381	-0.681358
-2.022476	-0.676304
-2.222412	-0.693044
-2.417294	-0.711995
-2.622284	-0.752109
-2.819377	-0.763796
-3.017418	-0.792854
-3.220196	-0.800119
-3.422659	-0.815596
-3.618173	-0.842759
-3.818425	-0.913826
-4.024994	-0.961205
-4.220508	-1.002582
-4.418865	-0.981419
-4.624170	-1.017743
-4.823790	-1.043011
-5.015830	-1.089126
-5.224609	-1.080282
-5.421071	-1.069859
-5.623850	-1.025007
-5.824101	-1.049960
-6.016773	-1.109340
-6.217024	-1.222100
-6.424541	-1.290325
-6.618475	-1.348758
-6.829151	-1.282113
-7.029087	-1.260319
-7.228707	-1.239473
-7.421062	-1.272321
-7.619735	-1.295695
-7.821250	-1.364867
-8.029082	-1.358234
-8.224596	-1.410034
-8.431165	-1.479206
-8.621942	-1.572383
-8.826299	-1.625763
-9.022760	-1.637133
-9.226171	-1.552168
-9.425791	-1.555327
-9.635202	-1.516161
-9.819345	-1.571751
-10.024335	-1.607127
-9.821873	-1.583438
-9.629833	-1.497526
-9.424527	-1.465624
-9.228698	-1.496894
-9.024655	-1.583122
-8.827878	-1.642819
-8.623204	-1.649768
-8.434008	-1.567330
-8.227123	-1.450779
-8.026239	-1.381607
-7.815565	-1.324437
-7.629842	-1.317173
-7.408744	-1.276428
-7.232497	-1.233155
-7.010135	-1.252738
-6.829151	-1.293168
-6.617844	-1.308645
-6.428015	-1.335808
-6.214814	-1.271058
-6.033513	-1.173459
-5.814942	-1.073965
-5.631746	-1.013952
-5.411911	-1.016795
-5.226820	-1.040484
-5.014566	-1.022480
-4.817789	-1.018374
-4.622907	-0.993106
-4.425181	-1.029429
-4.213243	-1.024691
-4.021835	-0.999107
-3.818109	-0.959625
-3.626070	-0.894243
-3.419501	-0.825387
-3.223355	-0.784326
-3.017734	-0.754004
-2.823799	-0.737895
-2.611861	-0.715154
-2.423295	-0.696203
-2.221148	-0.687359
-2.022476	-0.686095
-1.815275	-0.671566
-1.614708	-0.651035
-1.415403	-0.607132
-1.218942	-0.560385
-1.010478	-0.485528
-0.827282	-0.449204
-0.615976	-0.416987
-0.427726	-0.422673
-0.213261	-0.410354
-0.018063	-0.404985
0.187582	-0.356975
0.383437	-0.314335
0.584347	-0.204417
0.778622	-0.113767
0.995326	0.021738
1.180757	0.113031
1.391775	0.240969
1.576258	0.307623
1.780326	0.381542
1.986605	0.391335
2.187831	0.431138
2.376736	0.416291
2.595967	0.488631
2.779818	0.492737
2.987045	0.530013
3.180057	0.506005
3.388864	0.509480
3.585983	0.507268
3.794158	0.564761
3.982115	0.589401
4.191238	0.638681
4.375405	0.620359
4.589898	0.627940
4.782593	0.597930
4.982871	0.619411
5.190730	0.639628
5.385005	0.669007
5.580861	0.639944
5.794090	0.669007
5.981731	0.662057
6.199068	0.703439
6.388920	0.722077
6.593305	0.741663
6.789159	0.717655
6.986278	0.722077
7.187819	0.694594
7.395046	0.736924
7.587111	0.747033
7.795286	0.755562
7.984191	0.744506
8.183520	0.778306
8.398330	0.763775
8.582180	0.734397
8.797936	0.770093
8.995371	0.822216
9.184909	0.789047
9.391188	0.838011
9.588939	0.795049
9.794902	0.789047
9.992336	0.777675
9.781634	0.765039
9.589886	0.773568
9.392767	0.821900
9.181749	0.781150
8.994740	0.810528
8.780562	0.783993
8.589446	0.793154
8.386326	0.778938
8.183837	0.776411
7.989877	0.730922
7.786125	0.714180
7.586479	0.688592
7.399153	0.725236
7.182449	0.717655
6.992912	0.761564
6.784737	0.723025
6.588882	0.687013
6.395554	0.684801
6.188011	0.683538
5.988681	0.686381
5.789351	0.712600
5.580544	0.662057
5.386901	0.640576
5.189466	0.615305
4.981607	0.620675
4.793334	0.648158
4.578525	0.630468
4.389936	0.599510
4.183024	0.595719
3.981799	0.551494
3.792578	0.572343
3.592932	0.571079
3.386021	0.553073
3.188586	0.540437
2.970619	0.483576
2.794349	0.445353
2.585227	0.479470
2.386213	0.458305
2.181829	0.457357
1.986605	0.408077
1.780958	0.353112
1.581944	0.297514
1.378507	0.223595
1.196867	0.132617
0.979532	0.030583
0.782413	-0.124190
0.580240	-0.211366
0.374277	-0.308017
0.180317	-0.335497
-0.010798	-0.355080
-0.223368	-0.408143
-0.409091	-0.433412
-0.622924	-0.479842
-0.818754	-0.543013
-1.012689	-0.541750
-1.214836	-0.573967
-1.419510	-0.589128
-1.618498	-0.595761
-1.819697	-0.658300
-2.010789	-0.660827
-2.221148	-0.668092
-2.416031	-0.680094
-2.623231	-0.695887
-2.819693	-0.737580
-3.024683	-0.792854
-3.220512	-0.860447
-3.428660	-0.907825
-3.617857	-0.921723
-3.827585	-0.963416
-4.014886	-0.979208
-4.225562	-0.981103
-4.416337	-0.984894
-4.625433	-0.968785
-4.816209	-0.928040
-5.020883	-0.969101
-5.217661	-0.990895
-5.426125	-1.098601
-5.613426	-1.191147
-5.830734	-1.243579
-6.018984	-1.218626
-6.230606	-1.173143
-6.418856	-1.163667
-6.629530	-1.212625
-6.820622	-1.229365
-7.033824	-1.297590
-7.216388	-1.261582
-7.427695	-1.276743
-7.617839	-1.376869
-7.831357	-1.488682
-8.021186	-1.580280
-8.229965	-1.608075
-8.425480	-1.538587
-8.626678	-1.535428
-8.825667	-1.499105
-9.027183	-1.515213
-9.223012	-1.506685
-9.435899	-1.473837
-9.620673	-1.416983
-9.821873	-1.430249
-10.023072	-1.521215
-9.830400	-1.637449
-9.622568	-1.684196
-9.434003	-1.682616
-9.222381	-1.573015
-9.025288	-1.464677
-8.825667	-1.380659
-8.620678	-1.370236
-8.432113	-1.386661
-8.228070	-1.411929
-8.027503	-1.378133
-7.827251	-1.396136
-7.623209	-1.390767
-7.422957	-1.435302
-7.224285	-1.424247
-7.023401	-1.385713
-6.827256	-1.271690
-6.622582	-1.216415
-6.425173	-1.137136
-6.225868	-1.151665
-6.013614	-1.100812
-5.834209	-1.086915
-5.621007	-1.005424
-5.424545	-0.994054
-5.223030	-0.993106
-5.018356	-1.049644
-4.823474	-1.077123
-4.624486	-1.097654
-4.416337	-1.002898
-4.228720	-0.939411
-4.018361	-0.864869
-3.813371	-0.837705
-3.619752	-0.826651
-3.418869	-0.822860
-3.228093	-0.787800
-3.025314	-0.830125
-2.816850	-0.827598
-2.622916	-0.828230
-2.415715	-0.773903
-2.225255	-0.727472
-2.021528	-0.663670
-1.816539	-0.611238
-1.618498	-0.555332
-1.416035	-0.548067
-1.215152	-0.507953
-1.018058	-0.522167
-0.821913	-0.494056
-0.622924	-0.473209
-0.423936	-0.458996
-0.212313	-0.435939
-0.020274	-0.409723
0.191689	-0.362660
0.373961	-0.286223
0.581188	-0.217051
0.785572	-0.089130
0.985218	0.028371
1.181073	0.149675
1.392091	0.226122
1.573415	0.295619
1.791066	0.369222
1.980288	0.431138
2.186567	0.432085
2.388108	0.462411
2.589649	0.436824
2.784241	0.461464
2.991152	0.513270
3.173739	0.550862
3.394234	0.576449
3.574926	0.584347
3.788156	0.544544
3.987485	0.556232
4.184604	0.574238
4.383934	0.626993
4.586422	0.643735
4.781330	0.611514
4.995507	0.626361
5.185360	0.617516
5.388796	0.639313
5.587178	0.690803
5.783665	0.691751
5.986154	0.687960
6.190854	0.679115
6.382918	0.679115
6.597727	0.717023
6.778103	0.729027
6.991648	0.734081
7.187187	0.722709
7.391256	0.711021
7.586163	0.718286
7.797181	0.740083
7.980716	0.771989
8.194577	0.805473
8.380008	0.773884
8.597659	0.787783
8.788460	0.749560
8.991897	0.729975
9.180801	0.769145
9.396242	0.773884
9.581357	0.780518
9.798061	0.841801
9.984755	0.804842
9.802799	0.814318
9.590518	0.816530
9.392767	0.797892
9.189331	0.786204
8.995371	0.797260
8.786249	0.753035
8.601766	0.747980
8.386009	0.730606
8.196157	0.738188
7.982296	0.742610
7.797813	0.752719
7.590586	0.738188
7.391572	0.690172
7.190346	0.715127
6.994807	0.728079
6.779999	0.719550
6.603097	0.739135
6.384182	0.701860
6.194961	0.660162
5.987733	0.645630
5.784929	0.649421
5.584020	0.655739
5.390376	0.686697
5.187887	0.647210
4.991084	0.646578
4.783857	0.609934
4.590845	0.614041
4.382670	0.610250
4.186499	0.596983
3.987170	0.551810
3.790051	0.538858
3.583771	0.495896
3.390759	0.536331
3.181321	0.529697
2.987361	0.548335
2.781082	0.498423
2.589649	0.476942
2.378315	0.432085
2.189726	0.453250
1.979656	0.390387
1.787907	0.391019
1.568676	0.289933
1.393670	0.234335
1.177282	0.113031
0.989324	0.016683
0.780202	-0.118505
0.578977	-0.204101
0.367959	-0.317809
0.186951	-0.330443
-0.017115	-0.408143
-0.210102	-0.405301
-0.420777	-0.466576
-0.616923	-0.477000
-0.822860	-0.512375
-1.012057	-0.523114
-1.223680	-0.545540
-1.415088	-0.508269
-1.627342	-0.556595
-1.813064	-0.550594
-2.022792	-0.633663
-2.223359	-0.700940
-2.420768	-0.777377
-2.617862	-0.818438
-2.822536	-0.875924
-3.015839	-0.852551
-3.224303	-0.892033
-3.424238	-0.864553
-3.622279	-0.892033
-3.817477	-0.876556
-4.023099	-0.883189
-4.220192	-0.888242
-4.423918	-0.964679
-4.624170	-1.013321
-4.818105	-1.098917
-5.026253	-1.097338
-5.221135	-1.115342
-5.421387	-1.096075
-5.626060	-1.126397
-5.831682	-1.130818
-6.021511	-1.181355
-6.212603	-1.152928
-6.422014	-1.151349
-6.626688	-1.101128
-6.827571	-1.175038
-7.023401	-1.245790
-7.228707	-1.358234
-7.426747	-1.401506
-7.628263	-1.437829
-7.822513	-1.404980
-8.029082	-1.448252
-8.227439	-1.429301
-8.429901	-1.467204
-8.620994	-1.438777
-8.825983	-1.441304
-9.023708	-1.454885
-9.229329	-1.584070
-9.428634	-1.665560
-9.626675	-1.810222
-9.820609	-1.787164
-10.020545	-1.707569
-9.822504	-1.591966
-9.628885	-1.543325
-9.426423	-1.521531
-9.226487	-1.534481
-9.023708	-1.508265
-8.825667	-1.466888
-8.622889	-1.412561
-8.425163	-1.425827
-8.226491	-1.440988
-8.025608	-1.479522
-7.823777	-1.454569
-7.614681	-1.414456
-7.418220	-1.350653
-7.219547	-1.303591
-7.030034	-1.266952
-6.817780	-1.249580
-6.628899	-1.197148
-6.420435	-1.162720
-6.226816	-1.145980
-6.015825	-1.185145
-5.834209	-1.225259
-5.616901	-1.239157
-5.428336	-1.161772
-5.215450	-1.077755
-5.024042	-0.984894
-4.814314	-0.936568
-4.625117	-0.927408
-4.416337	-0.953940
-4.225245	-0.925513
-4.020888	-0.939411
-3.818425	-0.900245
-3.614067	-0.908773
-3.428029	-0.907825
-3.223039	-0.893296
-3.023103	-0.845286
-2.823167	-0.766322
-2.620389	-0.696519
-2.416662	-0.673777
-2.232835	-0.651351
-2.014895	-0.659248
-1.822856	-0.639033
-1.613760	-0.612501
-1.418246	-0.583758
-1.212309	-0.576178
-1.018374	-0.574915
-0.815596	-0.554068
-0.627662	-0.501636
-0.414460	-0.461523
-0.214840	-0.412249
-0.018379	-0.362029
0.182528	-0.325389
0.383122	-0.276432
0.577713	-0.219262
0.788415	-0.099869
0.974793	0.016367
1.195920	0.143357
1.378191	0.244128
1.588578	0.315836
1.779694	0.334158
1.986605	0.385965
2.180881	0.421345
2.386529	0.477258
2.583647	0.497160
2.792770	0.509480
2.972514	0.487051
3.189534	0.505057
3.381283	0.532540
3.588826	0.588453
3.783417	0.591612
3.995699	0.604564
4.176075	0.576765
4.394358	0.572659
4.579473	0.610882
4.792386	0.664584
4.983503	0.653528
5.197048	0.666795
5.380583	0.631099
5.596971	0.644051
5.777979	0.661741
5.993420	0.705019
6.182325	0.704387
6.398081	0.684801
6.584775	0.669007
6.788528	0.691435
6.987226	0.721445
7.190346	0.784624
7.384622	0.775147
7.595008	0.767882
7.787388	0.743874
7.993668	0.717970
8.185416	0.719550
8.386009	0.771357
8.592605	0.762828
8.792251	0.776727
8.985579	0.774200
9.194069	0.792838
9.379816	0.770725
9.596204	0.806737
9.785425	0.806421
9.991388	0.803894
9.790480	0.804842
9.589254	0.801051
9.380132	0.759669
9.197228	0.804842
8.981472	0.747980
8.802044	0.768514
8.582180	0.747980
8.391379	0.758721
8.187311	0.731554
7.987666	0.771673
7.789284	0.740399
7.599115	0.763143
7.377357	0.745769
7.205194	0.718286
6.980908	0.661741
6.790423	0.682274
6.589514	0.672482
6.391131	0.709441
6.189590	0.711021
5.996263	0.708178
5.777347	0.672482
5.599183	0.674061
5.381846	0.644051
5.193573	0.652896
4.989189	0.640892
4.788911	0.620359
4.589898	0.582451
4.388988	0.584663
4.179550	0.562234
3.994751	0.598562
3.782785	0.579924
3.590721	0.550230
3.383494	0.519272
3.186059	0.501898
2.989257	0.502846
2.787084	0.519272
2.587754	0.474415
2.395690	0.462727
2.187831	0.394178
1.981867	0.385965
1.783485	0.353112
1.577521	0.307307
1.391459	0.233387
1.179809	0.136407
0.986165	-0.019642
0.788415	-0.091025
0.577081	-0.243899
0.382174	-0.299489
0.183792	-0.387613
-0.019010	-0.421093
-0.216735	-0.450468
-0.421409	-0.444782
-0.619766	-0.480474
-0.815280	-0.458364
-1.018690	-0.528168
-1.211993	-0.524378
-1.418562	-0.595761
-1.615339	-0.624188
