# Configuration automatically generated by WRITE_CONFIG()
connection eth
ip 192.168.0.10
samplehz 1000.000000
settleus 10.000000
nsample 128

# Analog Inputs
aichannel 0
ainegative 199
airange 10.000000
airesolution 0

aichannel 1
ainegative 199
airange 10.000000
airesolution 0

# Analog Outputs
aochannel 0
aosignal triangle
aofrequency 5.000000
aoamplitude 2.000000
aooffset 2.500000
aoduty 0.500000

# Meta Parameters
int:periods 5
flt:plate_Thigh_C 22.220620
flt:plate_Tlow_C 23.235984
flt:plate_Q_kW -0.006207
flt:plate_Tpeak_C 40.637320
flt:cool_Thigh_C 21.369652
flt:cool_Tlow_C 21.244090
flt:air_psig 0.000000
flt:water_gph 0.000000
flt:cool_Q_kW 0.000000
flt:standoff_in 0.228000
flt:oxygen_scfh 10.058937
flt:fuel_scfh 5.003813
flt:flow_scfh 15.062750
flt:ratio_fto 0.497449

## End Configuration ##
#: Tue Jul 12 14:28:46 2016
8.978312	0.826322
-9.647521	-3.813371
-9.644362	-3.796315
-9.612461	-3.753359
-9.432108	-3.730302
-9.227750	-3.693662
-9.022760	-3.613120
-8.830405	-3.590694
-8.629206	-3.494042
-8.432113	-3.417606
-8.229018	-3.408762
-8.031293	-3.328535
-7.829146	-3.302003
-7.624156	-3.248307
-7.429590	-3.150077
-7.232181	-3.102067
-7.030666	-3.044581
-6.825992	-3.017734
-6.630794	-2.973514
-6.429595	-2.887918
-6.228079	-2.793477
-6.026880	-2.748626
-5.830734	-2.702195
-5.634273	-2.674716
-5.437811	-2.624811
-5.227136	-2.502575
-5.025621	-2.435930
-4.828212	-2.377496
-4.630171	-2.363915
-4.428024	-2.324749
-4.232826	-2.231256
-4.023415	-2.136184
-3.821899	-2.061958
-3.627649	-2.043006
-3.437820	-2.001945
-3.226829	-1.936248
-3.024367	-1.830121
-2.826642	-1.743892
-2.620704	-1.687986
-2.425506	-1.653874
-2.227150	-1.605548
-2.028477	-1.495315
-1.824435	-1.365814
-1.625447	-1.240104
-1.420773	-1.168089
-1.224311	-1.052487
-1.022165	-0.905930
-0.831073	-0.728104
-0.629873	-0.578389
-0.427410	-0.469103
-0.227475	-0.365819
-0.023432	-0.249584
0.179053	-0.132718
0.368275	-0.039541
0.565709	0.053011
0.774200	0.152518
0.976057	0.245707
1.172228	0.312045
1.379455	0.365431
1.571519	0.390071
1.774640	0.448828
1.973970	0.531276
2.175827	0.578029
2.371050	0.584663
2.578909	0.562234
2.782029	0.564130
2.970303	0.602669
3.170896	0.657319
3.370858	0.662373
3.577769	0.635206
3.778047	0.609618
3.978640	0.639313
4.171652	0.691751
4.373825	0.715759
4.576630	0.707546
4.770274	0.662689
4.976553	0.650053
5.182833	0.703123
5.368263	0.753667
5.576122	0.761248
5.773557	0.718286
5.972570	0.685433
6.180429	0.717970
6.379759	0.765987
6.580037	0.801051
6.776840	0.783045
6.973958	0.722077
7.181817	0.729343
7.385570	0.776727
7.578897	0.837063
7.783282	0.838011
7.973451	0.801367
8.169621	0.747349
8.375585	0.778306
8.576179	0.847488
8.778352	0.871180
8.979260	0.850015
9.172588	0.792522
9.379184	0.786204
9.577250	0.837379
9.775949	0.877497
9.978753	0.887922
9.779107	0.828850
9.572512	0.782729
9.377289	0.797576
9.176695	0.836115
8.974523	0.855385
8.779299	0.829481
8.578390	0.786520
8.382851	0.763459
8.175940	0.780202
7.974082	0.818425
7.778543	0.825375
7.577002	0.777043
7.380199	0.761248
7.176763	0.758089
6.978065	0.773568
6.775260	0.796312
6.577510	0.774200
6.379759	0.740083
6.176007	0.720498
5.979520	0.723657
5.773872	0.732186
5.578018	0.747033
5.373317	0.705651
5.180305	0.698069
4.977185	0.677536
4.777855	0.688908
4.574103	0.695542
4.375089	0.670270
4.175759	0.663952
3.978640	0.646578
3.773940	0.633626
3.576190	0.633942
3.376544	0.629204
3.172476	0.613725
2.973462	0.597614
2.782029	0.585926
2.579541	0.570763
2.374525	0.560339
2.177406	0.536963
1.964493	0.509796
1.772429	0.464307
1.571835	0.402391
1.379139	0.354059
1.173175	0.291196
0.976689	0.226438
0.772304	0.151570
0.572975	0.059013
0.374592	-0.034803
0.176210	-0.128928
-0.025643	-0.235371
-0.228106	-0.362029
-0.432780	-0.479842
-0.629873	-0.585654
-0.829493	-0.729683
-1.029113	-0.866132
-1.220205	-1.025955
-1.430249	-1.179776
-1.626710	-1.276743
-1.826330	-1.370868
-2.030056	-1.460887
-2.228729	-1.576173
-2.424559	-1.659875
-2.627337	-1.726204
-2.827905	-1.748946
-3.028473	-1.806116
-3.229040	-1.891712
-3.436241	-1.997523
-3.629860	-2.073960
-3.825690	-2.084383
-4.026889	-2.114390
-4.229668	-2.177245
-4.429604	-2.296638
-4.635541	-2.390446
-4.825685	-2.427717
-5.027832	-2.425190
-5.225557	-2.445405
-5.428651	-2.569536
-5.630483	-2.693351
-5.829155	-2.762839
-6.028460	-2.749573
-6.225868	-2.733780
-6.427383	-2.820009
-6.630478	-2.973514
-6.829466	-3.075535
-7.028455	-3.094171
-7.231234	-3.033842
-7.426747	-3.056900
-7.630789	-3.215775
-7.826303	-3.358225
-8.030977	-3.419501
-8.231229	-3.388863
-8.437798	-3.319691
-8.626363	-3.429292
-8.827878	-3.631123
-9.028446	-3.724932
-9.228066	-3.718931
-9.432424	-3.638072
-9.630149	-3.636493
-9.643730	-3.790314
-9.590351	-3.871804
-9.583087	-3.861065
-9.610250	-3.757149
-9.430529	-3.547106
-9.232488	-3.600485
-9.024972	-3.673448
-8.831037	-3.669342
-8.622573	-3.555002
-8.431165	-3.345591
-8.236599	-3.258415
-8.028450	-3.335799
-7.828198	-3.375281
-7.626683	-3.290632
-7.427063	-3.150393
-7.231865	-2.973514
-7.030034	-2.987412
-6.829466	-3.047424
-6.624161	-3.017102
-6.430858	-2.918555
-6.224289	-2.729358
-6.023090	-2.661766
-5.824101	-2.698720
-5.626692	-2.703774
-5.431810	-2.647868
-5.225873	-2.511735
-5.024673	-2.378760
-4.826632	-2.350965
-4.627328	-2.376233
-4.426445	-2.343068
-4.226825	-2.240731
-4.031627	-2.112494
-3.820952	-2.033531
-3.626070	-2.019001
-3.428344	-2.009210
-3.229672	-1.944460
-3.026578	-1.829173
-2.823483	-1.733469
-2.631444	-1.679458
-2.424559	-1.648188
-2.233151	-1.597652
-2.028161	-1.501948
-1.824435	-1.368341
-1.624499	-1.247369
-1.427406	-1.137767
-1.220837	-1.032588
-1.024060	-0.895191
-0.826651	-0.725261
-0.626399	-0.588812
-0.423304	-0.455206
-0.221473	-0.350342
-0.025012	-0.238214
0.177474	-0.128296
0.373329	-0.030697
0.572659	0.055222
0.777043	0.143041
0.977004	0.235599
1.174123	0.305411
1.378507	0.362904
1.570887	0.419134
1.772113	0.457357
1.973654	0.504425
2.179617	0.547703
2.380527	0.572975
2.570696	0.584347
2.779186	0.596667
2.974725	0.599826
3.170896	0.611830
3.374017	0.632363
3.578085	0.634258
3.774888	0.652580
3.978956	0.651317
4.174180	0.652580
4.379827	0.675956
4.575998	0.676588
4.778487	0.701860
4.977501	0.709757
5.181569	0.705651
5.373949	0.708178
5.574543	0.724920
5.777663	0.746085
5.978572	0.761248
6.177587	0.763459
6.380707	0.740399
6.585091	0.753351
6.775260	0.765671
6.977117	0.793785
7.175815	0.809264
7.376409	0.783361
7.579529	0.778938
7.770962	0.777991
7.975030	0.816846
8.174992	0.842433
8.373374	0.816846
8.580285	0.807369
8.779931	0.799787
8.973259	0.825059
9.171957	0.856648
9.375077	0.868652
9.575987	0.846224
9.776896	0.812107
9.984755	0.827270
9.772473	0.865493
9.576934	0.882236
9.375710	0.852226
9.173852	0.805473
8.983051	0.789363
8.773297	0.810528
8.579337	0.853174
8.376533	0.841486
8.173412	0.784940
7.975346	0.756510
7.780123	0.765039
7.577950	0.803578
7.378620	0.817477
7.181185	0.789679
6.972379	0.733449
6.775892	0.710705
6.581932	0.755246
6.376600	0.773884
6.179166	0.774200
5.978257	0.731554
5.778611	0.682906
5.575490	0.697753
5.368895	0.729343
5.172724	0.759353
4.975921	0.717023
4.778803	0.659214
4.570944	0.648789
4.372561	0.681011
4.167861	0.705019
3.978324	0.695858
3.774888	0.649105
3.574610	0.583083
3.375281	0.609618
3.172792	0.633626
2.969671	0.640576
2.781398	0.611514
2.577329	0.549598
2.375788	0.531276
2.176458	0.543912
1.976813	0.539806
1.771165	0.490210
1.573415	0.402391
1.378823	0.325313
1.175703	0.288037
0.974793	0.235599
0.770409	0.147780
0.573290	0.064383
0.372065	-0.029118
0.177790	-0.133350
-0.021853	-0.236950
-0.224316	-0.368030
-0.428990	-0.494056
-0.628294	-0.582179
-0.830125	-0.688306
-1.028482	-0.861395
-1.227470	-1.046801
-1.419510	-1.193989
-1.628289	-1.285587
-1.825067	-1.339914
-2.034794	-1.441935
-2.231888	-1.579016
-2.422664	-1.672193
-2.625758	-1.736628
-2.831379	-1.747998
-3.028473	-1.787796
-3.228724	-1.879394
-3.429924	-1.997208
-3.627333	-2.076803
-3.829164	-2.095754
-4.024362	-2.108704
-4.220824	-2.170612
-4.429919	-2.288425
-4.627960	-2.377812
-4.822211	-2.426138
-5.032886	-2.440036
-5.226820	-2.474148
-5.427704	-2.542372
-5.632062	-2.667135
-5.832630	-2.749573
-6.027196	-2.754627
-6.226500	-2.800110
-6.431806	-2.842750
-6.633953	-2.929610
-6.830730	-3.035106
-7.030034	-3.081852
-7.233760	-3.093223
-7.428643	-3.133337
-7.632369	-3.196507
-7.832936	-3.282420
-8.034451	-3.368648
-8.232492	-3.381598
-8.430849	-3.452981
-8.622889	-3.474459
-8.828826	-3.528786
-9.029710	-3.638072
-9.236279	-3.666815
-9.429582	-3.735039
-9.601722	-3.789682
-9.662682	-3.766309
-9.677527	-3.774521
-9.643730	-3.791577
-9.612777	-3.762835
-9.428318	-3.740725
-9.233436	-3.671553
-9.027814	-3.569847
-8.826299	-3.546474
-8.631101	-3.477618
-8.432744	-3.468458
-8.231861	-3.423923
-8.030977	-3.308952
-7.830094	-3.242306
-7.623525	-3.190190
-7.424537	-3.156078
-7.231549	-3.140917
-7.036667	-3.067955
-6.830098	-2.947614
-6.632373	-2.893287
-6.436859	-2.862017
-6.226500	-2.848752
-6.026248	-2.803900
-5.834209	-2.695562
-5.630483	-2.597647
-5.421071	-2.543952
-5.224609	-2.530686
-5.022462	-2.501627
-4.822211	-2.422664
-4.629855	-2.305482
-4.428024	-2.238520
-4.226509	-2.204724
-4.026258	-2.182930
-3.825058	-2.127340
-3.626701	-2.018370
-3.430240	-1.927088
-3.228724	-1.866128
-3.025630	-1.855389
-2.833275	-1.802641
-2.627969	-1.720835
-2.421400	-1.613760
-2.230624	-1.514898
-2.030056	-1.478890
-1.817486	-1.419510
-1.626710	-1.311172
-1.428669	-1.136188
-1.225259	-0.960257
-1.022165	-0.841812
-0.826966	-0.745476
-0.629557	-0.629873
-0.425831	-0.477000
-0.221473	-0.339287
-0.024380	-0.218315
0.177474	-0.131139
0.375856	-0.037962
0.574870	0.071333
0.777043	0.147780
0.970055	0.215065
1.181705	0.285510
1.376612	0.375540
1.574046	0.439351
1.771165	0.489894
1.973338	0.498423
2.168561	0.506637
2.374840	0.573290
2.578909	0.620043
2.780450	0.637417
2.971566	0.626045
3.176583	0.584663
3.375912	0.606459
3.575558	0.660793
3.778047	0.707862
3.975797	0.711653
4.175443	0.666480
4.375405	0.655107
4.572207	0.694594
4.775644	0.753035
4.980976	0.772936
5.179674	0.746401
5.369211	0.696490
5.574859	0.710389
5.777663	0.772620
5.973202	0.798524
6.178218	0.795681
6.379128	0.742926
6.581932	0.716391
6.777787	0.766618
6.975853	0.820952
7.180870	0.833904
7.374829	0.809264
7.581425	0.763775
7.779175	0.783993
7.972819	0.831377
8.182257	0.870548
8.374953	0.870548
8.577127	0.822532
8.778667	0.804210
8.981472	0.836115
9.173852	0.888238
9.377289	0.902137
9.572827	0.871180
9.774369	0.835799
9.980017	0.833588
9.769946	0.871811
9.575670	0.902137
9.378552	0.891397
9.171009	0.834852
8.972942	0.816846
8.778035	0.828850
8.584392	0.864230
8.376533	0.875918
8.176255	0.823795
7.978821	0.807369
7.783913	0.795049
7.580477	0.806105
7.376093	0.824743
7.178658	0.805789
6.968904	0.792522
6.773365	0.767882
6.580985	0.763775
6.373757	0.774516
6.175059	0.783993
5.973202	0.761564
5.778927	0.752403
5.572015	0.730290
5.374265	0.725236
5.178410	0.745453
4.976869	0.725868
4.774064	0.715759
4.573787	0.707546
4.374773	0.687960
4.174180	0.685117
3.982115	0.683538
3.776467	0.678799
3.575242	0.674061
3.377176	0.654476
3.166790	0.642156
2.975041	0.636154
2.775396	0.620991
2.576066	0.604880
2.371050	0.594771
2.176458	0.551494
1.977129	0.512955
1.772744	0.476942
1.564254	0.424188
1.377875	0.377120
1.176334	0.306359
0.969739	0.223910
0.774516	0.152202
0.572975	0.059329
0.373961	-0.029750
0.174315	-0.132718
-0.020590	-0.226843
-0.222737	-0.346236
-0.427726	-0.465629
-0.625767	-0.612185
-0.829493	-0.772324
-1.022796	-0.874345
-1.224627	-0.990895
-1.425195	-1.120080
-1.629237	-1.283692
-1.826962	-1.424563
-2.030372	-1.510476
-2.229992	-1.549010
-2.423927	-1.607759
-2.622600	-1.692724
-2.828853	-1.794113
-3.031000	-1.877499
-3.229356	-1.914770
-3.427081	-1.930562
-3.626385	-1.985521
-3.825058	-2.106177
-4.026889	-2.200302
-4.231563	-2.261578
-4.429604	-2.253050
-4.628276	-2.266948
-4.821263	-2.370232
-5.028780	-2.511735
-5.225873	-2.593857
-5.425493	-2.585329
-5.630483	-2.573958
-5.832630	-2.632391
-6.030986	-2.789687
-6.226816	-2.900867
-6.428331	-2.938770
-6.631426	-2.890128
-6.827571	-2.869282
-7.030350	-3.039212
-7.233760	-3.180399
-7.425484	-3.256520
-7.631421	-3.240727
-7.828198	-3.159868
-8.029082	-3.246097
-8.232808	-3.431819
-8.432744	-3.566373
-8.626678	-3.574269
-8.822509	-3.510783
-9.024972	-3.467195
-9.230277	-3.658287
-9.429265	-3.828532
-9.543921	-3.863908
-9.632992	-3.809265
-9.774494	-3.663340
-9.718904	-3.695873
-9.584982	-3.814319
-9.427054	-3.838008
-9.231225	-3.742936
-9.025603	-3.553423
-8.826299	-3.409077
-8.630154	-3.479829
-8.433376	-3.541105
-8.231861	-3.489620
-8.031293	-3.345591
-7.830094	-3.144391
-7.628263	-3.149129
-7.427063	-3.198718
-7.230286	-3.195244
-7.027823	-3.114385
-6.830098	-2.933085
-6.627319	-2.817166
-6.434017	-2.862017
-6.226816	-2.887286
-6.024037	-2.828853
-5.833577	-2.716408
-5.631746	-2.558165
-5.427704	-2.519947
-5.219240	-2.543320
-5.027516	-2.528159
-4.822843	-2.444142
-4.629224	-2.306113
-4.430551	-2.219885
-4.227457	-2.195564
-4.030995	-2.189247
-3.824426	-2.143132
-3.631123	-2.033215
-3.428976	-1.931826
-3.229672	-1.867391
-3.025314	-1.855073
-2.829484	-1.806431
-2.622916	-1.725888
-2.427086	-1.629237
-2.224623	-1.540166
-2.028477	-1.470678
-1.831700	-1.407507
-1.628605	-1.315278
-1.421089	-1.145664
-1.223048	-0.994054
-1.024060	-0.857604
-0.829177	-0.729052
-0.631137	-0.616923
-0.425199	-0.475104
-0.225579	-0.350342
-0.025328	-0.230949
0.173999	-0.128296
0.369538	-0.033540
0.576765	0.071333
0.772936	0.148727
0.975425	0.233387
1.176018	0.302568
1.374717	0.363852
1.568992	0.430822
1.771797	0.479786
1.975549	0.535699
2.166666	0.569184
2.375472	0.589717
2.579225	0.614357
2.777923	0.630152
2.973778	0.638681
3.172160	0.658898
3.376544	0.668375
3.581560	0.656687
3.774888	0.678799
3.978324	0.690803
4.173548	0.703123
4.376668	0.730290
4.573787	0.716075
4.778487	0.716391
4.979396	0.724288
5.177463	0.746717
5.371422	0.774200
5.573911	0.769461
5.783033	0.756510
5.976993	0.760932
6.178850	0.773884
6.381655	0.805473
6.572455	0.828534
6.775260	0.799471
6.977117	0.779570
7.178027	0.784940
7.380515	0.818109
7.577318	0.831693
7.780438	0.845908
7.974714	0.808001
8.176887	0.802630
8.371795	0.825059
8.577127	0.869916
8.781195	0.886027
8.981156	0.851910
9.173852	0.827902
9.374446	0.825375
9.573144	0.881920
9.773421	0.915405
9.977805	0.903401
9.772473	0.856333
9.575670	0.824427
9.380447	0.854121
9.171640	0.890133
8.975470	0.898663
8.777088	0.851594
8.574915	0.802314
8.371162	0.800735
8.174992	0.843065
7.973766	0.874970
7.782650	0.847803
7.575738	0.792838
7.378304	0.761248
7.179606	0.789679
6.978065	0.828534
6.775576	0.830113
6.580037	0.787152
6.379128	0.725236
6.180746	0.734713
5.979204	0.776411
5.777031	0.801683
5.576438	0.771673
5.368263	0.711968
5.180937	0.683854
4.975289	0.723341
4.773433	0.754930
4.577261	0.754930
4.375721	0.698069
4.172916	0.650685
3.981483	0.652580
3.777731	0.690172
3.573663	0.707862
3.375597	0.679431
3.175951	0.623202
2.973146	0.587506
2.780450	0.614357
2.579541	0.633311
2.378631	0.624150
2.175511	0.565393
1.973970	0.483892
1.769585	0.462095
1.571519	0.438403
1.377560	0.393546
1.176966	0.309202
0.973846	0.217908
0.774200	0.138303
0.571711	0.057434
0.373329	-0.026907
0.178106	-0.137140
-0.024696	-0.236634
-0.224632	-0.327600
-0.425199	-0.459943
-0.630821	-0.613449
-0.827598	-0.775482
-1.026587	-0.894559
-1.225575	-0.978261
-1.425827	-1.109972
-1.626394	-1.277691
-1.827594	-1.429933
-2.028477	-1.519951
-2.233467	-1.559117
-2.423295	-1.596388
-2.628285	-1.679458
-2.823483	-1.789691
-3.026578	-1.879394
-3.231251	-1.921718
-3.433082	-1.943512
-3.619752	-1.994049
-3.821268	-2.091964
-4.032259	-2.192406
-4.228720	-2.255577
-4.423918	-2.269158
-4.632698	-2.327276
-4.826001	-2.368337
-5.027516	-2.476359
-5.229032	-2.571747
-5.427388	-2.590383
-5.628587	-2.636497
-5.826944	-2.670925
-6.022774	-2.743888
-6.225553	-2.847172
-6.428331	-2.908448
-6.631742	-2.932769
-6.836415	-2.997519
-7.032877	-3.036685
-7.232497	-3.100487
-7.429906	-3.297897
-7.627947	-3.216090
-7.830094	-3.296633
-8.026555	-3.336747
-8.230913	-3.360120
-8.434323	-3.457719
-8.624784	-3.507940
-8.828510	-3.564794
-9.029078	-3.643757
-9.233436	-3.658602
-9.434003	-3.696821
-9.596668	-3.780838
-9.653838	-3.780207
-9.642151	-3.818109
-9.620989	-3.809897
-9.624463	-3.739461
-9.432740	-3.703454
-9.222381	-3.640599
-9.035710	-3.630176
-8.826615	-3.609013
-8.624152	-3.499096
-8.434639	-3.411920
-8.231861	-3.363910
-8.026555	-3.332009
-7.833252	-3.318111
-7.628263	-3.258731
-7.427379	-3.129862
-7.232497	-3.064480
-7.027507	-3.017102
-6.831993	-3.025630
-6.627635	-2.982358
-6.424225	-2.871809
-6.227764	-2.773894
-6.024985	-2.700932
-5.831366	-2.705353
-5.632378	-2.684507
-5.428967	-2.619757
-5.224609	-2.486466
-5.026569	-2.410029
-4.823790	-2.380655
-4.633014	-2.369600
-4.429919	-2.327907
-4.228720	-2.216411
-4.025310	-2.104914
-3.823479	-2.038900
-3.622279	-2.039848
-3.432767	-2.016159
-3.230620	-1.926140
-3.031315	-1.814328
-2.826326	-1.718308
-2.625442	-1.687986
-2.422664	-1.661138
-2.237889	-1.610286
-2.028793	-1.489945
-1.827278	-1.334229
-1.625447	-1.237577
-1.425511	-1.169037
-1.221785	-1.049012
-1.025007	-0.900876
-0.829809	-0.713891
-0.627346	-0.555016
-0.424568	-0.466261
-0.225579	-0.372136
-0.021853	-0.238529
0.173367	-0.125138
0.371118	-0.030065
0.572659	0.060909
0.771041	0.155045
0.979216	0.252025
1.175071	0.313941
1.378507	0.351848
1.565201	0.389755
1.772113	0.464938
1.973338	0.543912
2.174247	0.590349
2.378315	0.596035
2.580804	0.562866
2.778239	0.582136
2.972198	0.631415
3.176898	0.675009
3.372753	0.681643
3.576822	0.646578
3.778047	0.619727
3.978324	0.668375
4.175127	0.712600
4.371614	0.728395
4.573471	0.725868
4.778803	0.681958
4.978448	0.687960
5.177463	0.741031
5.374265	0.790942
5.571068	0.783993
5.774820	0.745453
5.976361	0.720182
6.179166	0.748928
6.375021	0.811160
6.583196	0.829797
6.772733	0.807053
6.970799	0.764407
7.181185	0.768830
7.373250	0.822848
7.580161	0.862019
7.785493	0.866441
7.973766	0.821268
8.174676	0.807369
8.376533	0.825059
8.578390	0.882236
8.779614	0.907823
8.977681	0.867389
9.174168	0.852542
9.376657	0.840538
9.573775	0.876234
9.776896	0.915405
9.974647	0.919196
9.771842	0.871811
9.573460	0.850646
9.373498	0.846540
9.168482	0.873391
8.981788	0.896451
8.780247	0.858544
8.579969	0.834536
8.375269	0.819057
8.175623	0.820952
7.975030	0.839590
7.781386	0.832640
7.579529	0.811791
7.378620	0.806737
7.179606	0.787152
6.977117	0.797892
6.775260	0.803894
6.579089	0.781465
6.378496	0.773884
6.176955	0.757457
5.980784	0.739767
5.774504	0.745137
5.578965	0.743558
5.372370	0.731238
5.173040	0.728711
4.975289	0.707230
4.776907	0.699333
4.570944	0.701228
4.373509	0.689224
4.173548	0.693962
3.977061	0.684801
3.779942	0.657319
3.576190	0.658898
3.373701	0.638049
3.172476	0.645630
2.972514	0.636785
2.772868	0.610250
2.575750	0.590033
2.380843	0.572975
2.180249	0.558759
1.965125	0.525274
1.770533	0.483260
1.573730	0.412500
1.375032	0.355639
1.168753	0.295619
0.974793	0.231492
0.778938	0.158520
0.571079	0.056802
0.374277	-0.030697
0.179369	-0.127664
-0.030381	-0.239477
-0.227159	-0.359502
-0.424568	-0.478579
-0.628610	-0.582179
-0.829493	-0.714522
-1.022796	-0.869607
-1.224627	-1.036062
-1.424563	-1.186409
-1.627342	-1.260319
-1.830121	-1.355075
-2.029741	-1.461834
-2.230624	-1.588808
-2.423927	-1.677247
-2.628601	-1.716413
-2.831064	-1.752736
-3.025946	-1.783058
-3.224303	-1.904031
-3.433714	-2.010473
-3.623227	-2.071749
-3.823795	-2.084699
-4.026573	-2.089753
-4.226193	-2.188300
-4.433078	-2.320643
-4.629539	-2.410661
-4.824106	-2.422664
-5.026569	-2.398027
-5.226505	-2.441615
-5.431494	-2.597331
-5.631430	-2.711987
-5.828839	-2.764734
-6.028143	-2.747678
-6.227764	-2.705985
-6.428331	-2.838328
-6.626688	-2.999730
-6.828203	-3.080273
-7.032245	-3.076167
-7.228707	-3.014575
-7.427379	-3.054689
-7.628263	-3.236937
-7.828198	-3.366753
-8.031293	-3.414763
-8.229965	-3.355382
-8.432113	-3.289685
-8.622889	-3.458982
-8.825983	-3.638072
-9.031288	-3.717036
-9.230277	-3.699664
-9.438109	-3.582482
-9.631097	-3.638704
-9.637730	-3.798526
-9.586561	-3.876858
-9.587508	-3.851274
-9.617199	-3.734408
-9.428634	-3.559108
-9.234383	-3.623227
-9.027183	-3.689872
-8.829773	-3.652601
-8.628258	-3.542684
-8.432113	-3.327271
-8.229965	-3.290316
-8.031609	-3.352224
-7.827567	-3.368964
-7.623525	-3.288105
-7.428958	-3.130178
-7.230917	-2.999098
-7.029087	-3.001309
-6.830730	-3.049951
-6.629530	-3.003836
-6.429595	-2.894866
-6.229343	-2.743888
-6.028460	-2.696194
-5.836104	-2.709144
-5.625745	-2.700300
-5.430862	-2.642498
-5.228715	-2.495626
-5.026569	-2.393605
-4.823790	-2.371811
-4.626697	-2.366441
-4.428972	-2.327907
-4.233142	-2.227782
-4.025941	-2.123234
-3.822847	-2.053746
-3.628912	-2.025635
-3.432767	-1.995944
-3.228724	-1.924245
-3.025946	-1.825699
-2.827589	-1.755263
-2.627653	-1.680405
-2.418558	-1.648820
-2.223359	-1.581227
-2.026582	-1.483628
-1.825067	-1.376238
-1.622604	-1.257792
-1.424247	-1.137767
-1.229365	-1.023428
-1.024060	-0.877187
-0.824755	-0.728104
-0.633979	-0.604605
-0.426779	-0.457417
-0.226211	-0.346236
-0.022801	-0.244215
0.178737	-0.118189
0.370802	-0.027854
0.566025	0.061856
0.770725	0.145568
0.975741	0.231492
1.178861	0.294355
1.378507	0.365747
1.571519	0.430822
1.765795	0.464623
1.975549	0.506953
2.175827	0.549282
2.374209	0.566973
2.578593	0.603301
2.780134	0.617200
2.970935	0.606144
3.169949	0.617832
3.378755	0.636470
3.574610	0.656371
3.777415	0.669323
3.977693	0.668691
4.174495	0.664268
4.371614	0.674377
4.572523	0.686065
4.773748	0.716707
4.977185	0.731238
5.179674	0.704071
5.368895	0.712284
5.576122	0.717970
5.776400	0.753982
5.971623	0.772620
6.182325	0.753351
6.377548	0.735977
6.577826	0.732818
6.774944	0.773252
6.975538	0.801683
7.171392	0.803578
7.375461	0.780518
7.579213	0.761248
7.786125	0.787467
7.974082	0.826007
8.177519	0.848435
8.380008	0.820636
8.579337	0.794733
8.782458	0.794101
8.979260	0.837063
9.177011	0.885079
9.378552	0.881920
9.568721	0.838958
9.775001	0.814634
9.983175	0.843065
9.774685	0.890133
9.577250	0.895188
9.380763	0.852226
9.170693	0.798208
8.983684	0.793469
8.779931	0.840222
8.579654	0.865493
8.372426	0.854437
8.175623	0.792838
7.971239	0.758089
7.779491	0.789679
7.576370	0.824427
7.373881	0.839906
7.174551	0.796628
6.978065	0.736608
6.774312	0.730606
6.581301	0.784624
6.372494	0.801051
6.178218	0.779570
5.984890	0.729027
5.775768	0.676588
5.573911	0.718918
5.374265	0.754930
5.176831	0.755246
4.977817	0.717970
4.775959	0.653212
4.563994	0.660478
4.373825	0.690172
4.176391	0.715127
3.978009	0.701228
3.778995	0.637733
3.576822	0.599510
3.374333	0.624781
3.173108	0.657634
2.971882	0.651001
2.776659	0.616884
2.577645	0.559391
2.375788	0.545176
2.170456	0.554653
1.970495	0.544228
1.773060	0.489578
1.572151	0.401444
1.382930	0.337001
1.175071	0.296250
0.974477	0.235599
0.771673	0.161047
0.573290	0.064067
0.372381	-0.029118
0.173367	-0.127349
-0.027223	-0.239477
-0.226211	-0.362029
-0.428358	-0.480474
-0.626715	-0.575862
-0.830757	-0.705678
-1.023744	-0.861710
-1.224627	-1.038589
-1.426143	-1.190199
-1.625447	-1.270426
-1.827594	-1.355707
-2.033215	-1.456780
-2.231256	-1.574278
-2.420137	-1.666508
-2.630812	-1.717992
-2.826957	-1.761580
-3.031631	-1.812749
-3.229672	-1.892976
-3.430871	-1.989311
-3.629860	-2.072065
-3.828217	-2.088174
-4.027836	-2.137131
-4.230931	-2.196512
-4.422339	-2.279582
-4.630487	-2.374970
-4.827580	-2.414767
-5.025937	-2.452670
-5.227452	-2.505102
-5.428651	-2.558165
-5.631746	-2.653238
-5.828207	-2.724305
-6.025932	-2.746415
-6.223341	-2.822536
-6.429279	-2.858227
-6.630478	-2.928663
-6.830098	-3.017734
-7.033824	-3.060058
-7.233129	-3.127651
-7.429906	-3.183873
-7.620682	-3.200929
-7.830094	-3.279893
-8.033504	-3.347486
-8.228070	-3.396127
-8.430533	-3.483935
-8.627311	-3.506676
-8.829142	-3.523733
-9.027498	-3.617542
-9.234383	-3.658287
-9.434003	-3.766625
-9.589403	-3.806107
-9.674369	-3.748305
-9.695847	-3.760624
-9.668999	-3.759360
-9.600142	-3.781470
-9.431792	-3.778311
-9.228066	-3.675975
-9.039185	-3.573954
-8.827878	-3.522785
-8.625731	-3.494990
-8.428954	-3.499412
-8.231861	-3.447927
-8.029714	-3.305161
-7.827883	-3.229356
-7.627947	-3.183873
-7.425168	-3.190506
-7.230917	-3.170291
-7.034456	-3.058163
-6.830098	-2.940981
-6.628583	-2.869282
-6.433385	-2.878758
-6.224921	-2.864544
-6.024037	-2.799162
-5.834209	-2.684507
-5.632378	-2.578064
-5.424545	-2.553427
-5.228400	-2.552796
-5.025937	-2.517104
-4.822526	-2.420768
-4.629539	-2.294743
-4.429604	-2.218622
-4.231563	-2.227466
-4.027836	-2.198407
-3.823795	-2.134604
-3.627965	-2.004788
-3.433398	-1.908137
-3.236305	-1.881289
-3.026262	-1.865496
-2.825378	-1.820961
-2.628601	-1.717676
-2.424875	-1.596388
-2.221464	-1.525321
-2.030056	-1.501000
-1.824435	-1.427406
-1.627658	-1.310540
-1.425195	-1.127344
-1.223680	-0.944464
-1.022165	-0.859184
-0.831073	-0.757478
-0.627978	-0.634611
-0.425515	-0.472894
-0.224316	-0.328864
-0.022801	-0.223368
0.175894	-0.127033
0.371433	-0.032908
0.572975	0.067858
0.775779	0.143989
0.968475	0.214118
1.177282	0.295619
1.378823	0.379963
1.569940	0.455462
1.772429	0.487999
1.973022	0.487999
2.168877	0.519272
2.375788	0.577081
2.577329	0.631099
2.777291	0.634574
2.973146	0.620043
3.172476	0.583399
3.368331	0.613409
3.578401	0.677852
3.775204	0.701544
3.978640	0.691751
4.171652	0.641840
4.373509	0.651632
4.574735	0.692383
4.777223	0.745453
4.977501	0.754930
5.178726	0.709441
5.378688	0.674061
5.576122	0.710073
