# Configuration automatically generated by WRITE_CONFIG()
connection eth
ip 192.168.0.10
samplehz 1000.000000
settleus 10.000000
nsample 128

# Analog Inputs
aichannel 0
ainegative 199
airange 10.000000
airesolution 0

aichannel 1
ainegative 199
airange 10.000000
airesolution 0

# Analog Outputs
aochannel 0
aosignal sine
aofrequency 5.000000
aoamplitude 0.250000
aooffset 1.250000
aoduty 0.500000

# Meta Parameters
int:periods 10
flt:plate_Thigh_C 357.394027
flt:plate_Tlow_C 184.565568
flt:plate_Q_kW 1.056590
flt:plate_Tpeak_C 1164.187427
flt:cool_Thigh_C 76.671816
flt:cool_Tlow_C 21.534067
flt:air_psig 70.000000
flt:water_gph 2.200000
flt:cool_Q_kW 0.000000
flt:standoff_in 0.100000
flt:oxygen_scfh 12.871437
flt:fuel_scfh 7.066313
flt:flow_scfh 19.937750
flt:ratio_fto 0.548992

## End Configuration ##
#: Thu Jul 21 18:36:42 2016
-6.907483	-4.296313
-6.283038	-4.064792
-6.230606	-4.022783
-6.200284	-4.007938
-6.151011	-4.017097
-6.118162	-3.990882
-6.078364	-3.977931
-6.031618	-3.959612
-6.009192	-3.926763
-5.954549	-3.919814
-5.924859	-3.880648
-5.891063	-3.888860
-5.841474	-3.857275
-5.818732	-3.842746
-5.782093	-3.854748
-5.738189	-3.830427
-5.708498	-3.825690
-5.667122	-3.805475
-5.646591	-3.814319
-5.595423	-3.790630
-5.572365	-3.759676
-5.544570	-3.778311
-5.500666	-3.745463
-5.476977	-3.741041
-5.447287	-3.759992
-5.414122	-3.734408
-5.389802	-3.737250
-5.361691	-3.695873
-5.343371	-3.706613
-5.308311	-3.710087
-5.283674	-3.682292
-5.263460	-3.700611
-5.240087	-3.680397
-5.221451	-3.646284
-5.196498	-3.642810
-5.177547	-3.645653
-5.161755	-3.639967
-5.145014	-3.619121
-5.129537	-3.639019
-5.106796	-3.610593
-5.093846	-3.591010
-5.084054	-3.626385
-5.069841	-3.606171
-5.063208	-3.611856
-5.059102	-3.585956
-5.049310	-3.596063
-5.031938	-3.588799
-5.027516	-3.597959
-5.032886	-3.623227
-5.019620	-3.596379
-5.022462	-3.571111
-5.013618	-3.578376
-5.018041	-3.578376
-5.025937	-3.600169
-5.024673	-3.583745
-5.040466	-3.592589
-5.035728	-3.566057
-5.046783	-3.554055
-5.059102	-3.612488
-5.055627	-3.605855
-5.075210	-3.629544
-5.070472	-3.607750
-5.094162	-3.593852
-5.116587	-3.617226
-5.119746	-3.620068
-5.151647	-3.660814
-5.158280	-3.661445
-5.180706	-3.629544
-5.200289	-3.649759
-5.214818	-3.641231
-5.245456	-3.682292
-5.255879	-3.702506
-5.288728	-3.699980
-5.305468	-3.694926
-5.339265	-3.690188
-5.367376	-3.713561
-5.380958	-3.711666
-5.423282	-3.752727
-5.446340	-3.749253
-5.478240	-3.736934
-5.507615	-3.764730
-5.540780	-3.777680
-5.572997	-3.817477
-5.602687	-3.828217
-5.641538	-3.827269
-5.672175	-3.821899
-5.701234	-3.797894
-5.751771	-3.845273
-5.772933	-3.863908
-5.812731	-3.879385
-5.850633	-3.900231
-5.885061	-3.903074
-5.928333	-3.932764
-5.953602	-3.935291
-6.014246	-3.977616
-6.033513	-3.994672
-6.063203	-3.982669
-6.127322	-3.998146
-6.153222	-4.002884
-6.197125	-4.017729
-6.226816	-4.044893
-6.272299	-4.070793
-6.313676	-4.102378
-6.345893	-4.085954
-6.410959	-4.121014
-6.425173	-4.129542
-6.461180	-4.103326
-6.511085	-4.132700
-6.547092	-4.151336
-6.591944	-4.166812
-6.616896	-4.186396
-6.667433	-4.189870
-6.695860	-4.209769
-6.729341	-4.210401
-6.777035	-4.252725
-6.806409	-4.283995
-6.842101	-4.279572
-6.875581	-4.292523
-6.908746	-4.304525
-6.943806	-4.337058
-6.974760	-4.333584
-7.017084	-4.348113
-7.037299	-4.349061
-7.060988	-4.315264
-7.104576	-4.360431
-7.127633	-4.386963
-7.161114	-4.399282
-7.179118	-4.410020
-7.218284	-4.406230
-7.238182	-4.418549
-7.256502	-4.422971
-7.297563	-4.461821
-7.305143	-4.496249
-7.320936	-4.473191
-7.360102	-4.502250
-7.358839	-4.481404
-7.390108	-4.520570
-7.400532	-4.525623
-7.422326	-4.517095
-7.435276	-4.519622
-7.448225	-4.476982
-7.465598	-4.477929
-7.470335	-4.518674
-7.483917	-4.519938
-7.495920	-4.559420
-7.494656	-4.513621
-7.504764	-4.490880
-7.514555	-4.493406
-7.521504	-4.506988
-7.516450	-4.545522
-7.516134	-4.526255
-7.530663	-4.528466
-7.516766	-4.513305
-7.521188	-4.522780
-7.520556	-4.556577
-7.508870	-4.549944
-7.505711	-4.530677
-7.499078	-4.495617
-7.500973	-4.488352
-7.479811	-4.507936
-7.476968	-4.521202
-7.461807	-4.555630
-7.447594	-4.510778
-7.433696	-4.487089
-7.417588	-4.483931
-7.403690	-4.475087
-7.388845	-4.503513
-7.363261	-4.488668
-7.354733	-4.489616
-7.320621	-4.434973
-7.310197	-4.427077
-7.293141	-4.452977
-7.256186	-4.436553
-7.246395	-4.440342
-7.217652	-4.412863
-7.185119	-4.381594
-7.157323	-4.388858
-7.129529	-4.354430
-7.102996	-4.397387
-7.060040	-4.355062
-7.038562	-4.329478
-7.013926	-4.336111
-6.974444	-4.307368
-6.943806	-4.307052
-6.908114	-4.304209
-6.877161	-4.300735
-6.841785	-4.280520
-6.806409	-4.252093
-6.779562	-4.259990
-6.726498	-4.228088
-6.696807	-4.197451
-6.667117	-4.206295
-6.618475	-4.171550
-6.586258	-4.163970
-6.544881	-4.151336
-6.510453	-4.160180
-6.464339	-4.135227
-6.434332	-4.116591
-6.395166	-4.125120
-6.344945	-4.081848
-6.319993	-4.092271
-6.273562	-4.068266
-6.233133	-4.060369
-6.199021	-4.058475
-6.153853	-4.041734
-6.122584	-4.039839
-6.069520	-4.012044
-6.042041	-3.971299
-6.003191	-3.990250
-5.956444	-3.952663
-5.932439	-3.954558
-5.878428	-3.928658
-5.851897	-3.919814
-5.812731	-3.883175
-5.774512	-3.849379
-5.751139	-3.880017
-5.696812	-3.845588
-5.677861	-3.822531
-5.633957	-3.809265
-5.609004	-3.770731
-5.574261	-3.800105
-5.525619	-3.792525
-5.510142	-3.779259
-5.476977	-3.767256
-5.444760	-3.715772
-5.419176	-3.734724
-5.380958	-3.710719
-5.369587	-3.727775
-5.334211	-3.726511
-5.310522	-3.698084
-5.282095	-3.688609
-5.260301	-3.678817
-5.245140	-3.693031
-5.219872	-3.687345
-5.192392	-3.661129
-5.181337	-3.642178
-5.164913	-3.603328
-5.149120	-3.632387
-5.121641	-3.635545
-5.112165	-3.630807
-5.093846	-3.609961
-5.080264	-3.583429
-5.072999	-3.589115
-5.059418	-3.576480
-5.059418	-3.618173
-5.038571	-3.607750
-5.039203	-3.575217
-5.031938	-3.583429
-5.024990	-3.564162
-5.021831	-3.580902
-5.016777	-3.601749
-5.022779	-3.599538
-5.018356	-3.581850
-5.023726	-3.543316
-5.036360	-3.581850
-5.024990	-3.604276
-5.038887	-3.583113
-5.052153	-3.609013
-5.045520	-3.573954
-5.064156	-3.576164
-5.065735	-3.573322
-5.081527	-3.592589
-5.091635	-3.628596
-5.104269	-3.607118
-5.133327	-3.624806
-5.141540	-3.627965
-5.153858	-3.612804
-5.177231	-3.643757
-5.197130	-3.655444
-5.217661	-3.662709
-5.235033	-3.656708
-5.264407	-3.665551
-5.281147	-3.689872
-5.311470	-3.694610
-5.342423	-3.723669
-5.353478	-3.723984
-5.393908	-3.719247
-5.418228	-3.715456
-5.451393	-3.724616
-5.475398	-3.751148
-5.507931	-3.753359
-5.545518	-3.785260
-5.561942	-3.796947
-5.609004	-3.788419
-5.641538	-3.829796
-5.667122	-3.831059
-5.705656	-3.852221
-5.736610	-3.845273
-5.782409	-3.867383
-5.813678	-3.880332
-5.842105	-3.866119
-5.898643	-3.900547
-5.912225	-3.910970
-5.957708	-3.929606
-6.001296	-3.963402
-6.032566	-3.957717
-6.079312	-3.985828
-6.119425	-3.999410
-6.155433	-4.028152
-6.198705	-4.075847
-6.233133	-4.047735
-6.284617	-4.097641
-6.303253	-4.077426
-6.354737	-4.092903
-6.388534	-4.139018
-6.424857	-4.136175
-6.473498	-4.155126
-6.506032	-4.163338
-6.546461	-4.163970
-6.583416	-4.178815
-6.629847	-4.196187
-6.658905	-4.232194
-6.697439	-4.223035
-6.734394	-4.239775
-6.771033	-4.248303
-6.805778	-4.269781
-6.845575	-4.309579
-6.874002	-4.308000
-6.914115	-4.347797
-6.933699	-4.325372
-6.982024	-4.333584
-7.006977	-4.366117
-7.034140	-4.357589
-7.071727	-4.383805
-7.097311	-4.385700
-7.133950	-4.382541
-7.155428	-4.386332
-7.186382	-4.422023
-7.217652	-4.462137
-7.229023	-4.429288
-7.269452	-4.431499
-7.289982	-4.419812
-7.301037	-4.398966
-7.343362	-4.456135
-7.341151	-4.464979
-7.367999	-4.496565
-7.381896	-4.466243
-7.408428	-4.455188
-7.423905	-4.491511
-7.423273	-4.484246
-7.456122	-4.513937
-7.464650	-4.528782
-7.476336	-4.494354
-7.484865	-4.506672
-7.491814	-4.516779
-7.499710	-4.557525
-7.499710	-4.561631
-7.516134	-4.546786
-7.517398	-4.544890
-7.510449	-4.514884
-7.530663	-4.531625
-7.520240	-4.556893
-7.527189	-4.555945
-7.520240	-4.529414
-7.515502	-4.510462
-7.508238	-4.513621
-7.499394	-4.499092
-7.499710	-4.507304
-7.493709	-4.555314
-7.482338	-4.519938
-7.477916	-4.519938
-7.460860	-4.507620
-7.454227	-4.506672
-7.428327	-4.500355
-7.429906	-4.500039
-7.407165	-4.488352
-7.377790	-4.447291
-7.379369	-4.469717
-7.340519	-4.459926
-7.332307	-4.452029
-7.309566	-4.456451
-7.285876	-4.422655
-7.268504	-4.414127
-7.232813	-4.395807
-7.215441	-4.384436
-7.188277	-4.400545
-7.153533	-4.364222
-7.137741	-4.404967
-7.090678	-4.364853
-7.070464	-4.351272
-7.039825	-4.367064
-7.006977	-4.338637
-6.980129	-4.338953
-6.939068	-4.316844
-6.918853	-4.294418
-6.873055	-4.286837
-6.842732	-4.244197
-6.812095	-4.252725
-6.771033	-4.249567
-6.733131	-4.223666
-6.696492	-4.226825
-6.660484	-4.197766
-6.622898	-4.180079
-6.587838	-4.143124
-6.551515	-4.173130
-6.505084	-4.141544
-6.472867	-4.137438
-6.434332	-4.139018
-6.389797	-4.114381
-6.353158	-4.089428
-6.305148	-4.085006
-6.287776	-4.078373
-6.228395	-4.053421
-6.197442	-4.012991
-6.166804	-4.017729
-6.116267	-3.994356
-6.074890	-3.987091
-6.033513	-4.004463
-5.994663	-3.958349
-5.959287	-3.951400
-5.919806	-3.892019
-5.893273	-3.921710
-5.848738	-3.925816
-5.813046	-3.885702
-5.786515	-3.895178
-5.735346	-3.847800
-5.705972	-3.823163
-5.682283	-3.853801
-5.636484	-3.836429
-5.605846	-3.838324
-5.562890	-3.795368
-5.550255	-3.778943
-5.504141	-3.771363
-5.467817	-3.760624
-5.458973	-3.763782
-5.409069	-3.738830
-5.389802	-3.718615
-5.362638	-3.700927
-5.338633	-3.703138
-5.304521	-3.718931
-5.281779	-3.708192
-5.265039	-3.692399
-5.239455	-3.668394
-5.221451	-3.631755
-5.201868	-3.647232
-5.174388	-3.634913
-5.160807	-3.645968
-5.142488	-3.612488
-5.127958	-3.604276
-5.110902	-3.595116
-5.095741	-3.578376
-5.087213	-3.620384
-5.054364	-3.606171
-5.063208	-3.598274
-5.042993	-3.579007
-5.041730	-3.569847
-5.037623	-3.590062
-5.033202	-3.586588
-5.032254	-3.592589
-5.025305	-3.580902
-5.023094	-3.536683
-5.020883	-3.578060
-5.016461	-3.546474
-5.033517	-3.586272
-5.021831	-3.582798
-5.030359	-3.564794
-5.041098	-3.586904
-5.040466	-3.573322
-5.059418	-3.605223
-5.054364	-3.613435
-5.074579	-3.617857
-5.078053	-3.633334
-5.088161	-3.594168
-5.115324	-3.615330
-5.123536	-3.638388
-5.145330	-3.626701
-5.159859	-3.638072
-5.185128	-3.629228
-5.198709	-3.646600
-5.211975	-3.637125
-5.244508	-3.660814
-5.257774	-3.688293
-5.277673	-3.676606
-5.308627	-3.704401
-5.336106	-3.709771
-5.360743	-3.707876
-5.387906	-3.699664
-5.422966	-3.721773
-5.443497	-3.746726
-5.479188	-3.744515
-5.513932	-3.777048
-5.538569	-3.783365
-5.570786	-3.775785
-5.602687	-3.810844
-5.633641	-3.828217
-5.679756	-3.844641
-5.696812	-3.840535
-5.748296	-3.856643
-5.778934	-3.889492
-5.806098	-3.874963
-5.858530	-3.916656
-5.884429	-3.945083
-5.925491	-3.942556
-5.960866	-3.952663
-6.010771	-3.959296
-6.039830	-4.005727
-6.063203	-4.003831
-6.122584	-4.018045
-6.159223	-4.041102
-6.183860	-4.016466
-6.235660	-4.040155
-6.271036	-4.068898
-6.312728	-4.097009
-6.349368	-4.107116
-6.393587	-4.107432
-6.430226	-4.117539
-6.459917	-4.115644
-6.517087	-4.158916
-6.545829	-4.200609
-6.584047	-4.184185
-6.624793	-4.193344
-6.655431	-4.175656
-6.697755	-4.200609
-6.730920	-4.226825
-6.780193	-4.255252
-6.806725	-4.277993
-6.839574	-4.247040
-6.885373	-4.282415
-6.903692	-4.315264
-6.950755	-4.353167
-6.976023	-4.359800
-7.009188	-4.338322
-7.046143	-4.342112
-7.063515	-4.329478
-7.103944	-4.359800
-7.122263	-4.412548
-7.159851	-4.379067
-7.192068	-4.397387
-7.207229	-4.368959
-7.253343	-4.394228
-7.256186	-4.444133
-7.281770	-4.455188
-7.317146	-4.470665
-7.325358	-4.430867
-7.355996	-4.450134
-7.360734	-4.463084
-7.386634	-4.478877
-7.407480	-4.531309
-7.416324	-4.503198
-7.435591	-4.477929
-7.450121	-4.500671
-7.463703	-4.494669
-7.474126	-4.524676
-7.479495	-4.522465
-7.500026	-4.542364
-7.489918	-4.511094
-7.504447	-4.493406
-7.524346	-4.518359
-7.513608	-4.507936
-7.515819	-4.523728
-7.520240	-4.510462
-7.526874	-4.515200
-7.521188	-4.508883
-7.520872	-4.500987
-7.523083	-4.531940
-7.506975	-4.518991
-7.508554	-4.497512
-7.504447	-4.512673
-7.493077	-4.497196
-7.480127	-4.512357
-7.479179	-4.515200
-7.468124	-4.540153
-7.445383	-4.527518
-7.436539	-4.491511
-7.427063	-4.503513
-7.391056	-4.482667
-7.392951	-4.462452
-7.358207	-4.458031
-7.350311	-4.463084
-7.329464	-4.476350
-7.305459	-4.452345
-7.293457	-4.474139
-7.258081	-4.428024
-7.238814	-4.399913
-7.224600	-4.441290
-7.175011	-4.389806
-7.166483	-4.409389
-7.128581	-4.397702
-7.103312	-4.382541
-7.063830	-4.396123
-7.042353	-4.371171
-7.015189	-4.363590
-6.968759	-4.332952
-6.952334	-4.286837
-6.912220	-4.304841
-6.869264	-4.289364
-6.845891	-4.291575
-6.805461	-4.257147
-6.767243	-4.234406
-6.729025	-4.191133
-6.695860	-4.168708
-6.664590	-4.194608
-6.615949	-4.175656
-6.598577	-4.179131
-6.544881	-4.151020
-6.507926	-4.135859
-6.473183	-4.142492
-6.426436	-4.136175
-6.398957	-4.139965
-6.345893	-4.110275
-6.318730	-4.087217
-6.275142	-4.084374
-6.234396	-4.061001
-6.196178	-4.084374
-6.153538	-4.049946
-6.122584	-4.007622
-6.072047	-3.983617
-6.034776	-3.932133
-6.007929	-3.973194
-5.954549	-3.956453
-5.934967	-3.965929
-5.884114	-3.934975
-5.846527	-3.880017
-5.827576	-3.898968
-5.773565	-3.894862
-5.745454	-3.864540
-5.705340	-3.855696
-5.681019	-3.819057
-5.640590	-3.802948
-5.598581	-3.776732
-5.576787	-3.797263
-5.536674	-3.814950
-5.503509	-3.754622
-5.480452	-3.737882
-5.452972	-3.722089
-5.418544	-3.717667
-5.383800	-3.722721
-5.370218	-3.728091
-5.333579	-3.711982
-5.305784	-3.671237
-5.291255	-3.678185
-5.257458	-3.677238
-5.241982	-3.671553
-5.211975	-3.669026
-5.197130	-3.635545
-5.177231	-3.623543
-5.159227	-3.600169
-5.150068	-3.615015
-5.118482	-3.630491
-5.108375	-3.596063
-5.104269	-3.596379
-5.081527	-3.589430
-5.069525	-3.577428
-5.060681	-3.581850
-5.058470	-3.589115
-5.038571	-3.597011
-5.032254	-3.561951
-5.037940	-3.586588
-5.024673	-3.586904
-5.023094	-3.574585
-5.021515	-3.608382
-5.019620	-3.603960
-5.029096	-3.604907
-5.023726	-3.591957
-5.028464	-3.591326
-5.036992	-3.610277
-5.030359	-3.573322
-5.050889	-3.587535
-5.049310	-3.596063
-5.064156	-3.573638
-5.074894	-3.596695
-5.078685	-3.573954
-5.099215	-3.599854
-5.109638	-3.622911
-5.128590	-3.621964
-5.141540	-3.640915
-5.155753	-3.618805
-5.179442	-3.631439
-5.190813	-3.624174
-5.217977	-3.656392
-5.241034	-3.670921
-5.255248	-3.675659
-5.281147	-3.685134
-5.304205	-3.680397
-5.339581	-3.710087
-5.364533	-3.730302
-5.392960	-3.722089
-5.417912	-3.750832
-5.443181	-3.719247
-5.478872	-3.741041
-5.510774	-3.756202
-5.537621	-3.786524
-5.570154	-3.805475
-5.610584	-3.795999
-5.644696	-3.818425
-5.660805	-3.800421
-5.706288	-3.841482
-5.745454	-3.885386
-5.770722	-3.873699
-5.817784	-3.887281
-5.850949	-3.888860
-5.886325	-3.899284
-5.916647	-3.943187
-5.965604	-3.946662
-6.009824	-3.997514
-6.028460	-3.970351
-6.082155	-3.982669
-6.123216	-4.037944
-6.148484	-4.046156
-6.200600	-4.072688
-6.234396	-4.072056
-6.281459	-4.062896
-6.305148	-4.057211
-6.358843	-4.073636
-6.395798	-4.129226
-6.422014	-4.133964
-6.473183	-4.143755
-6.509190	-4.157653
-6.542355	-4.153231
-6.590364	-4.195240
-6.624477	-4.209769
-6.661432	-4.239459
-6.695228	-4.207874
-6.737869	-4.204399
-6.771349	-4.236932
-6.800408	-4.254936
-6.851576	-4.305157
-6.870528	-4.308947
-6.905272	-4.293470
-6.943806	-4.277993
-6.979497	-4.292207
-7.010135	-4.326635
-7.025928	-4.340848
-7.070148	-4.343060
-7.098575	-4.359484
-7.127001	-4.324740
-7.165220	-4.384436
-7.175011	-4.395491
-7.216388	-4.448239
-7.229654	-4.454872
-7.262503	-4.430235
-7.296931	-4.466875
-7.293773	-4.465295
-7.335150	-4.484246
-7.351258	-4.526255
-7.368630	-4.492459
-7.381580	-4.500671
-7.401479	-4.486142
-7.425484	-4.484562
-7.430853	-4.494038
-7.448225	-4.492143
-7.470019	-4.508567
-7.470019	-4.470349
-7.489287	-4.483931
-7.491498	-4.481404
-7.499710	-4.494038
-7.511081	-4.516148
-7.512028	-4.514253
-7.521504	-4.533835
-7.517398	-4.533520
-7.530348	-4.542679
-7.519925	-4.560051
-7.529400	-4.545207
-7.521504	-4.551523
-7.512344	-4.541416
-7.515819	-4.517727
-7.502868	-4.518674
-7.498762	-4.499092
-7.498446	-4.530993
-7.481074	-4.506988
-7.483917	-4.533835
-7.456438	-4.518359
-7.451700	-4.495301
-7.437171	-4.500039
-7.422641	-4.484562
-7.407796	-4.489616
-7.376211	-4.484562
-7.372105	-4.466558
-7.344625	-4.471296
-7.331359	-4.434025
-7.313672	-4.473191
-7.279875	-4.458031
-7.259345	-4.413179
-7.249869	-4.425813
-7.211335	-4.378751
-7.187645	-4.379067
-7.156376	-4.398650
-7.127001	-4.417285
-7.094784	-4.407810
-7.068253	-4.358852
-7.047406	-4.343060
-7.004134	-4.343060
-6.972865	-4.330425
-6.948228	-4.336742
-6.915695	-4.314949
-6.874318	-4.278625
-6.844627	-4.244829
-6.810515	-4.267886
-6.763769	-4.275466
-6.725866	-4.252725
-6.695544	-4.250514
-6.662695	-4.211032
-6.627951	-4.192713
-6.584679	-4.198398
-6.547724	-4.197766
-6.503189	-4.187659
-6.475709	-4.143439
-6.438123	-4.129226
-6.385691	-4.110590
-6.352210	-4.093218
-6.315571	-4.118171
-6.271351	-4.074583
-6.235660	-4.064476
-6.194283	-4.009517
-6.163329	-4.012044
-6.113108	-4.029100
-6.071100	-3.989302
-6.048990	-3.986775
-5.988662	-3.942556
-5.964341	-3.909075
-5.921069	-3.929290
-5.889483	-3.907812
-5.854739	-3.926447
-5.809888	-3.888860
-5.787778	-3.859802
-5.740400	-3.846536
-5.702813	-3.831059
-5.681019	-3.854748
-5.628587	-3.822215
-5.609636	-3.804212
-5.566680	-3.781470
-5.536674	-3.751464
-5.509511	-3.752411
-5.477925	-3.759360
-5.451077	-3.748305
-5.411911	-3.727143
-5.390433	-3.698716
-5.359479	-3.717036
-5.335158	-3.685766
-5.308311	-3.693662
-5.285254	-3.680081
-5.262828	-3.658287
-5.236612	-3.657023
-5.215134	-3.629544
-5.202500	-3.651654
-5.171862	-3.631755
-5.165229	-3.644073
-5.138381	-3.629544
-5.123852	-3.602381
-5.116903	-3.597327
-5.093846	-3.600485
-5.087213	-3.609013
-5.066998	-3.606487
-5.068262	-3.603960
-5.056575	-3.613435
-5.036044	-3.572690
-5.048995	-3.584693
-5.036044	-3.599854
-5.019620	-3.564794
-5.030991	-3.578691
-5.014250	-3.567005
-5.029727	-3.571111
-5.013935	-3.550580
-5.029096	-3.565425
-5.033517	-3.595116
-5.018041	-3.577744
-5.042993	-3.575849
-5.048678	-3.604591
-5.049942	-3.565741
-5.060681	-3.603012
-5.072052	-3.611540
-5.085002	-3.629860
-5.090371	-3.619437
-5.114692	-3.621648
-5.128590	-3.629228
-5.135854	-3.620384
-5.166492	-3.657023
-5.178495	-3.661129
-5.195867	-3.658918
-5.216713	-3.639019
-5.244193	-3.638704
-5.259037	-3.663024
-5.274830	-3.681660
-5.314312	-3.694294
-5.331684	-3.708823
-5.360111	-3.681976
-5.392013	-3.707244
-5.412859	-3.725564
-5.448550	-3.763782
-5.477925	-3.775153
-5.512353	-3.775785
-5.542043	-3.800421
-5.564785	-3.779575
-5.615637	-3.833270
-5.626060	-3.850326
-5.678808	-3.853169
-5.707235	-3.858539
-5.738189	-3.835797
-5.782093	-3.874963
-5.809256	-3.899600
-5.849686	-3.914129
-5.888220	-3.949189
-5.921700	-3.893914
-5.967499	-3.938134
-5.988977	-3.955506
-6.046147	-3.981090
-6.077733	-4.029732
-6.122584	-4.022783
-6.161434	-4.024994
-6.199653	-4.019309
-6.237555	-4.049314
-6.272615	-4.076478
-6.313360	-4.055948
-6.353789	-4.068266
-6.385691	-4.045208
-6.430226	-4.051210
-6.471603	-4.091639
-6.509190	-4.144703
-6.539512	-4.176288
-6.584047	-4.159864
-6.626056	-4.192397
-6.659853	-4.193344
-6.702177	-4.213559
-6.736290	-4.272940
-6.766295	-4.278625
-6.811463	-4.270729
-6.838626	-4.277362
-6.881898	-4.284942
-6.901797	-4.309263
-6.944438	-4.320634
-6.987394	-4.355694
-7.001291	-4.317159
-7.040142	-4.323792
-7.075833	-4.362642
-7.093521	-4.366433
-7.132371	-4.404019
-7.154165	-4.390753
-7.191120	-4.408757
-7.205333	-4.394544
-7.237235	-4.392333
-7.277032	-4.437500
-7.280507	-4.440659
-7.306723	-4.434973
-7.333886	-4.469717
-7.348732	-4.445712
-7.365788	-4.484246
-7.381264	-4.476982
-7.411271	-4.511094
-7.416008	-4.512357
-7.429590	-4.500355
-7.458649	-4.526255
-7.457386	-4.511726
-7.478548	-4.508567
-7.479495	-4.518043
-7.498446	-4.524992
-7.502553	-4.526571
-7.506343	-4.512673
-7.518977	-4.527834
-7.512660	-4.524992
-7.520556	-4.531309
-7.527821	-4.567948
-7.518661	-4.534467
-7.524346	-4.538889
-7.517082	-4.511726
-7.518661	-4.520570
-7.505395	-4.528150
-7.505395	-4.524676
-7.507290	-4.540153
-7.481706	-4.523728
-7.488971	-4.512357
-7.471599	-4.500039
-7.468124	-4.518043
-7.450437	-4.530046
-7.430222	-4.509199
-7.426747	-4.521202
-7.398636	-4.502250
-7.379685	-4.474139
-7.369578	-4.518674
-7.344941	-4.488984
-7.337361	-4.496881
-7.299458	-4.452029
-7.288087	-4.414758
-7.266294	-4.432446
-7.234076	-4.434025
-7.217336	-4.453609
-7.178170	-4.422023
-7.165220	-4.394860
-7.123527	-4.396123
-7.096048	-4.374961
-7.072674	-4.399913
-7.035719	-4.375908
-7.005713	-4.330741
-6.978866	-4.296945
-6.947596	-4.284626
-6.912536	-4.311158
-6.869264	-4.291891
-6.850945	-4.302946
-6.804830	-4.259358
-6.766295	-4.211664
-6.734078	-4.219244
-6.695228	-4.222403
-6.664275	-4.235037
-6.617212	-4.206610
-6.596366	-4.185132
-6.543934	-4.161443
-6.507295	-4.139018
-6.480447	-4.170603
-6.424225	-4.169655
-6.386638	-4.130805
-6.354737	-4.104589
-6.306096	-4.065739
-6.275774	-4.072372
-6.225237	-4.033838
-6.206917	-4.060054
-6.158907	-4.029416
-6.111845	-3.962455
-6.080259	-3.972562
-6.041093	-3.949821
-6.003191	-3.947925
-5.959919	-3.966245
-5.931492	-3.922341
-5.889799	-3.908443
-5.841789	-3.873384
-5.823786	-3.874647
-5.778618	-3.892335
-5.731240	-3.862961
-5.708815	-3.847168
-5.666490	-3.820004
-5.642801	-3.809897
-5.606478	-3.806107
-5.569523	-3.803580
-5.544254	-3.804212
-5.502877	-3.768204
-5.482347	-3.759676
-5.446971	-3.748305
-5.412227	-3.719563
-5.383484	-3.723353
-5.362954	-3.716404
-5.338001	-3.709455
-5.305152	-3.682292
-5.293782	-3.679133
-5.259985	-3.678817
-5.238191	-3.643757
-5.223030	-3.661761
-5.192392	-3.634598
-5.183232	-3.627965
-5.160807	-3.622911
-5.142803	-3.597959
-5.129853	-3.619752
-5.106796	-3.600169
-5.094793	-3.601433
-5.082159	-3.599222
-5.068262	-3.573322
-5.067945	-3.598274
-5.043625	-3.573006
-5.051521	-3.609645
-5.037308	-3.617226
-5.030359	-3.592905
-5.030359	-3.595116
-5.014250	-3.556581
-5.034781	-3.570163
-5.016461	-3.566689
-5.023410	-3.563530
-5.028148	-3.590062
-5.020883	-3.548369
-5.035413	-3.549949
-5.043625	-3.577428
-5.044572	-3.590062
-5.054364	-3.605223
-5.057838	-3.601433
-5.071420	-3.603328
-5.075210	-3.587219
-5.097636	-3.619752
-5.115640	-3.661129
-5.124799	-3.654181
-5.151647	-3.653549
-5.163018	-3.644389
-5.189549	-3.660498
-5.191761	-3.683555
-5.226189	-3.697453
-5.240087	-3.711982
-5.250825	-3.662077
-5.283990	-3.665551
-5.310206	-3.682292
-5.337369	-3.693031
-5.364849	-3.732197
-5.387906	-3.719563
-5.418228	-3.732197
-5.443497	-3.711350
-5.483610	-3.739777
-5.510458	-3.795683
-5.527514	-3.784629
-5.580262	-3.783049
-5.598581	-3.785260
-5.642169	-3.774521
-5.672175	-3.825058
-5.704077	-3.841482
-5.745454	-3.890124
-5.770406	-3.866119
-5.814310	-3.855380
-5.857898	-3.910339
-5.872743	-3.905285
-5.927702	-3.945399
-5.958655	-3.962139
-6.006665	-3.963718
-6.037303	-3.967192
-6.073311	-3.974141
-6.126059	-4.009833
-6.149747	-4.040471
-6.199337	-4.045525
-6.236608	-4.048683
-6.272299	-4.032574
-6.315571	-4.056579
-6.349051	-4.064476
-6.393587	-4.092271
-6.424225	-4.103326
-6.476657	-4.101431
-6.508558	-4.125120
-6.541723	-4.121014
-6.598261	-4.161443
-6.619423	-4.183869
-6.664590	-4.192713
-6.698387	-4.206295
-6.733131	-4.224930
-6.771981	-4.266307
-6.799144	-4.289680
-6.843048	-4.299471
-6.872107	-4.328530
-6.910325	-4.306736
-6.952018	-4.338637
-6.970022	-4.330110
-7.021506	-4.348113
-7.037299	-4.369591
-7.065094	-4.361379
-7.105207	-4.394228
-7.123211	-4.372118
-7.167431	-4.397387
-7.180065	-4.392017
-7.214809	-4.397702
-7.243868	-4.447607
-7.259029	-4.453293
-7.288719	-4.447923
-7.308934	-4.467506
-7.323779	-4.455503
-7.347468	-4.480772
-7.363576	-4.480772
-7.392951	-4.494986
-7.393898	-4.493722
-7.417272	-4.466558
-7.443172	-4.493090
-7.452016	-4.508567
-7.465281	-4.518674
-7.470019	-4.516779
-7.488655	-4.512042
-7.492761	-4.502250
-7.500026	-4.487721
-7.509185	-4.527518
-7.509817	-4.540784
-7.516766	-4.537626
-7.516134	-4.538889
-7.529400	-4.510147
-7.524031	-4.516148
-7.526557	-4.517095
-7.521504	-4.548996
-7.517398	-4.543311
-7.511396	-4.511726
-7.512344	-4.528150
-7.496235	-4.537941
-7.497183	-4.551523
-7.482022	-4.553102
-7.480759	-4.538573
-7.459280	-4.515516
-7.448542	-4.482983
-7.441908	-4.522465
-7.417588	-4.541732
-7.396425	-4.513305
-7.385371	-4.528466
-7.356312	-4.474455
-7.351258	-4.467506
-7.325990	-4.460241
-7.307039	-4.477929
-7.283665	-4.479508
-7.256502	-4.423918
-7.245447	-4.418233
-7.206281	-4.413811
-7.182592	-4.396123
-7.164904	-4.434341
-7.126370	-4.396755
-7.095732	-4.380962
-7.066989	-4.338637
-7.039510	-4.330425
-7.004766	-4.356641
-6.973496	-4.347797
-6.945069	-4.355062
-6.900534	-4.299788
-6.877476	-4.265359
-6.842101	-4.246408
-6.802935	-4.239459
-6.769138	-4.258726
-6.730920	-4.214191
-6.705651	-4.200609
-6.651009	-4.187027
-6.629215	-4.176604
-6.584995	-4.194608
-6.543934	-4.169339
-6.512980	-4.161127
-6.474446	-4.121961
-6.432121	-4.091007
-6.391692	-4.085954
-6.343050	-4.064792
-6.319046	-4.095429
-6.266613	-4.046472
-6.242609	-4.043629
-6.194283	-4.037944
-6.147536	-4.001936
-6.123216	-4.017097
-6.072679	-4.008569
-6.040778	-3.966877
-6.003191	-3.959928
-5.959603	-3.915708
-5.921069	-3.936870
-5.874322	-3.894230
-5.859161	-3.893598
-5.812415	-3.913497
-5.771354	-3.856959
-5.743875	-3.848431
-5.699339	-3.830427
-5.678176	-3.820320
-5.633009	-3.806107
-5.608057	-3.797263
-5.575208	-3.807370
-5.532884	-3.771994
-5.512669	-3.764414
-5.478557	-3.769468
-5.452341	-3.741041
-5.418860	-3.742304
-5.387590	-3.731881
-5.362006	-3.734092
-5.329473	-3.696189
-5.313681	-3.685134
-5.284622	-3.699348
-5.252720	-3.668394
-5.243561	-3.668078
-5.215134	-3.648811
-5.197446	-3.627649
-5.170599	-3.621332
-5.165229	-3.638072
-5.143119	-3.651338
-5.118166	-3.617226
-5.121325	-3.617857
-5.098268	-3.624490
-5.077737	-3.577428
-5.072683	-3.625438
-5.058786	-3.595747
-5.054048	-3.596379
-5.042361	-3.567636
-5.037308	-3.553107
-5.037623	-3.607434
-5.018988	-3.583113
-5.031622	-3.592589
-5.019936	-3.591010
-5.015830	-3.547422
-5.024358	-3.570163
-5.023094	-3.564478
-5.029727	-3.599222
-5.025305	-3.612172
-5.042046	-3.571111
-5.050258	-3.571427
-5.045520	-3.555318
-5.071736	-3.593537
-5.066051	-3.602065
-5.080264	-3.606171
-5.100479	-3.611224
-5.109007	-3.603012
-5.124168	-3.624806
-5.136170	-3.633334
-5.167124	-3.660182
-5.173125	-3.656076
-5.204710	-3.630176
-5.219240	-3.649759
-5.234717	-3.641231
-5.266934	-3.680081
-5.283674	-3.710087
-5.307047	-3.689872
-5.340212	-3.704401
-5.359795	-3.676606
-5.392328	-3.722721
-5.413175	-3.733776
-5.452972	-3.762203
-5.479820	-3.794104
-5.503509	-3.759992
-5.536674	-3.777048
-5.568259	-3.799158
-5.601740	-3.815582
-5.633325	-3.832323
-5.675018	-3.816214
-5.709446	-3.847484
-5.729661	-3.839587
-5.778934	-3.850642
-5.819364	-3.909075
-5.843369	-3.915076
-5.888220	-3.913813
-5.920753	-3.908759
-5.966236	-3.927395
-5.992452	-3.950768
-6.041093	-3.960875
-6.079944	-4.013939
-6.113740	-4.015834
-6.151327	-4.020572
-6.195230	-4.047735
-6.237239	-4.053105
-6.276721	-4.079953
-6.312728	-4.076162
-6.352526	-4.105221
-6.383480	-4.105537
-6.427700	-4.097641
-6.479500	-4.156705
-6.505400	-4.149441
-6.545513	-4.175025
-6.588154	-4.195555
-6.627319	-4.208505
-6.652904	-4.221771
-6.702493	-4.218297
-6.739132	-4.253673
-6.761242	-4.260622
-6.809567	-4.255884
-6.843364	-4.293154
-6.862315	-4.267886
-6.911273	-4.298524
-6.945385	-4.288101
-6.981392	-4.326951
-7.009503	-4.339585
-7.034140	-4.317159
-7.074254	-4.360747
-7.092257	-4.355694
-7.132687	-4.374961
-7.152902	-4.428972
-7.179118	-4.412863
-7.212598	-4.437500
-7.235340	-4.404967
-7.268188	-4.410968
-7.282402	-4.456451
-7.301985	-4.454872
-7.331044	-4.483299
-7.342098	-4.470665
-7.374948	-4.480140
-7.383475	-4.473823
-7.400216	-4.483615
-7.422326	-4.506988
-7.432117	-4.499092
-7.451700	-4.503513
-7.460860	-4.492143
-7.479179	-4.500355
-7.481074	-4.536678
-7.492129	-4.536362
-7.505395	-4.553419
-7.509817	-4.530993
-7.510765	-4.522465
-7.516134	-4.538889
-7.529084	-4.549628
-7.523083	-4.586583
-7.520240	-4.546470
-7.533822	-4.535099
-7.513608	-4.501934
-7.516134	-4.495301
-7.515502	-4.542048
-7.503184	-4.531940
-7.508554	-4.532256
-7.493709	-4.510462
-7.484865	-4.498775
-7.471915	-4.546470
-7.461492	-4.524044
-7.461492	-4.553419
-7.428011	-4.508883
-7.415377	-4.454240
-7.404953	-4.471928
-7.382528	-4.466558
-7.367367	-4.506356
-7.346520	-4.493090
-7.333886	-4.470033
-7.304196	-4.452661
-7.281138	-4.421707
-7.271031	-4.430235
-7.241657	-4.459926
-7.210703	-4.422655
-7.190488	-4.415706
-7.159219	-4.381594
-7.127317	-4.384120
-7.096048	-4.363906
-7.070779	-4.380330
-7.035088	-4.376856
-7.007924	-4.321265
-6.979813	-4.308947
-6.946649	-4.306736
-6.909062	-4.302314
-6.869580	-4.308315
-6.850313	-4.299156
-6.803566	-4.270097
-6.765664	-4.233458
-6.741975	-4.220824
-6.690491	-4.220508
-6.659853	-4.193976
-6.624477	-4.203452
-6.585311	-4.166181
-6.549935	-4.164917
-6.506663	-4.124488
-6.476973	-4.113117
-6.428015	-4.115328
-6.386638	-4.073319
-6.360423	-4.085006
-6.304200	-4.068898
-6.283038	-4.059738
-6.231238	-4.061317
-6.194915	-4.024678
-6.156696	-4.029416
-6.115004	-3.992461
-6.078049	-3.975721
-6.041409	-3.972878
-5.998769	-3.916340
-5.970658	-3.937818
-5.910645	-3.921078
-5.890115	-3.925816
-5.853792	-3.924868
-5.810204	-3.884439
-5.778303	-3.873068
-5.743243	-3.854116
-5.698075	-3.848431
-5.669333	-3.834849
-5.640590	-3.809581
-5.609952	-3.806738
-5.564469	-3.768204
-5.542043	-3.766941
-5.505088	-3.771047
-5.479820	-3.746726
-5.449182	-3.731565
-5.416018	-3.682607
-5.395802	-3.706928
-5.359479	-3.703454
-5.342423	-3.725248
-5.303889	-3.737250
-5.279253	-3.706928
-5.259669	-3.687661
-5.238191	-3.687661
-5.219240	-3.675975
-5.190497	-3.662077
-5.185760	-3.639335
-5.163018	-3.638388
-5.132380	-3.590062
-5.130485	-3.598906
-5.115640	-3.638704
-5.087213	-3.612172
-5.087213	-3.613435
-5.066682	-3.579323
-5.064156	-3.595116
-5.045836	-3.582482
-5.049310	-3.600169
-5.042361	-3.633018
-5.022147	-3.603960
-5.032254	-3.566689
-5.027516	-3.584061
-5.016777	-3.564162
-5.020883	-3.604276
-5.020252	-3.596379
-5.030043	-3.599538
-5.017725	-3.571427
-5.032886	-3.561951
-5.047099	-3.605855
-5.041414	-3.600169
-5.053101	-3.596695
-5.063208	-3.578691
-5.073315	-3.561635
-5.077106	-3.585008
-5.103005	-3.591957
-5.115324	-3.651022
-5.122589	-3.633650
-5.142171	-3.614699
-5.158280	-3.630491
-5.183864	-3.615646
-5.201236	-3.648179
-5.211028	-3.661445
-5.248930	-3.677238
-5.256511	-3.658602
-5.285254	-3.658918
-5.312417	-3.699348
-5.333263	-3.702190
-5.370218	-3.729354
-5.375904	-3.736619
-5.423282	-3.722721
-5.444129	-3.750516
-5.473187	-3.735987
-5.518986	-3.784313
-5.532884	-3.792209
-5.572365	-3.791261
-5.607741	-3.830743
-5.628272	-3.801053
-5.677545	-3.844009
-5.700603	-3.839271
-5.742927	-3.850958
-5.778618	-3.904969
-5.810835	-3.901179
-5.856003	-3.907496
-5.884114	-3.915392
-5.928333	-3.928658
-5.958655	-3.946662
-6.001296	-3.958349
-6.042989	-3.984565
-6.072679	-3.981722
-6.116899	-3.989934
-6.164277	-4.006990
-6.197125	-4.027205
-6.225868	-4.065739
-6.273562	-4.060054
-6.315571	-4.087849
-6.343050	-4.077110
-6.396746	-4.070793
-6.432121	-4.108696
-6.470656	-4.138070
-6.507295	-4.155442
-6.540143	-4.157653
-6.594471	-4.178815
-6.617212	-4.185132
-6.662064	-4.200609
-6.704072	-4.261253
-6.725866	-4.260622
-6.770718	-4.252093
-6.811463	-4.274835
-6.841785	-4.272624
-6.875897	-4.326003
-6.908114	-4.326003
-6.957704	-4.348429
-6.967811	-4.338637
-7.006345	-4.307683
-7.048038	-4.360747
-7.061304	-4.392649
-7.094784	-4.392964
-7.132687	-4.411284
-7.160166	-4.390753
-7.184487	-4.407494
-7.209755	-4.418865
-7.245447	-4.457083
-7.265977	-4.476034
-7.282718	-4.418865
-7.315251	-4.430551
-7.319989	-4.423918
-7.352206	-4.451082
-7.365156	-4.480772
-7.381896	-4.481088
-7.400532	-4.460557
-7.422326	-4.443501
-7.440961	-4.466558
-7.445383	-4.506356
-7.468124	-4.524992
-7.479179	-4.548681
-7.476968	-4.509830
-7.498446	-4.509830
-7.501605	-4.507936
-7.510449	-4.536362
-7.508238	-4.571738
-7.516766	-4.533520
-7.528137	-4.533204
-7.524978	-4.504461
-7.536033	-4.517411
-7.521188	-4.533835
-7.525294	-4.543943
-7.524031	-4.536047
-7.502553	-4.496249
-7.512028	-4.503513
-7.498446	-4.513621
-7.491498	-4.506988
-7.488655	-4.556261
-7.469388	-4.509199
-7.469072	-4.515200
-7.453595	-4.496565
-7.434644	-4.479508
-7.428327	-4.502250
-7.395478	-4.482351
-7.385055	-4.485510
-7.361366	-4.468138
-7.354101	-4.453924
-7.325358	-4.467822
-7.300406	-4.435289
-7.294088	-4.443501
-7.259345	-4.446344
-7.238814	-4.411916
-7.214809	-4.414443
-7.183224	-4.400861
-7.161746	-4.407810
-7.126686	-4.379699
-7.105524	-4.394860
-7.067621	-4.370854
-7.031929	-4.333899
-7.009188	-4.322213
-6.976655	-4.314949
-6.951386	-4.312106
-6.907798	-4.306736
-6.874949	-4.297576
-6.842101	-4.301051
-6.802303	-4.253988
-6.775771	-4.252093
-6.732815	-4.271676
-6.696176	-4.232826
-6.662064	-4.231247
-6.622898	-4.205031
-6.590681	-4.201241
-6.536985	-4.154810
-6.518666	-4.178184
-6.474130	-4.163970
-6.419171	-4.120698
-6.400852	-4.121014
-6.344945	-4.084374
-6.310833	-4.052789
-6.276089	-4.070793
-6.235028	-4.059738
-6.197757	-4.062581
-6.144378	-4.013623
-6.123531	-3.975405
-6.080575	-4.012991
-6.031934	-3.974457
-6.008245	-3.976352
-5.962446	-3.959612
-5.926123	-3.927395
-5.879060	-3.916972
-5.848422	-3.914129
-5.819995	-3.939081
-5.771354	-3.907812
-5.749244	-3.876858
-5.704392	-3.849694
-5.670596	-3.797894
-5.642485	-3.822531
-5.601740	-3.829164
-5.568575	-3.820636
-5.536990	-3.789682
-5.511089	-3.752095
-5.477609	-3.756202
-5.442233	-3.733144
-5.421387	-3.746410
-5.377167	-3.725248
-5.367060	-3.694610
-5.339265	-3.682607
-5.308627	-3.669973
-5.285254	-3.689556
-5.251141	-3.685766
-5.245140	-3.662709
-5.206606	-3.657023
-5.195551	-3.606487
-5.181337	-3.636493
-5.153542	-3.626070
-5.148804	-3.628596
-5.122904	-3.630176
-5.117219	-3.598906
-5.100794	-3.601749
-5.072683	-3.584377
-5.072683	-3.612488
-5.057522	-3.614699
-5.052153	-3.584061
-5.050258	-3.601749
-5.036676	-3.584061
-5.035413	-3.582482
-5.026253	-3.606487
-5.025937	-3.601117
-5.018988	-3.591326
-5.018988	-3.556897
-5.023410	-3.577744
-5.019936	-3.570479
-5.025937	-3.570163
-5.043625	-3.601749
-5.036360	-3.587535
-5.044257	-3.572374
-5.052784	-3.571743
-5.063524	-3.586272
-5.064787	-3.583113
-5.089424	-3.588483
-5.097636	-3.608698
-5.105848	-3.600169
-5.125431	-3.601433
-5.142171	-3.627333
-5.164597	-3.620384
-5.181022	-3.648811
-5.196498	-3.640599
-5.223662	-3.671237
-5.232190	-3.651022
-5.260617	-3.651338
-5.296624	-3.687661
-5.300730	-3.685134
-5.338949	-3.698716
-5.357584	-3.716404
-5.386327	-3.710719
-5.412543	-3.720826
-5.449182	-3.715772
-5.485821	-3.765993
-5.499403	-3.801685
-5.538253	-3.777048
-5.574261	-3.825058
-5.595738	-3.795052
-5.641222	-3.828848
-5.672175	-3.840851
-5.703761	-3.850326
-5.737873	-3.872752
-5.777355	-3.858539
-5.820311	-3.884439
-5.843369	-3.901811
-5.889799	-3.917287
-5.922648	-3.958033
-5.955181	-3.946346
-5.997821	-3.957401
-6.036355	-3.951400
-6.076469	-3.985512
-6.114056	-4.029100
-6.152274	-4.023099
-6.200284	-4.065107
-6.230290	-4.038576
-6.279248	-4.061949
-6.308307	-4.093218
-6.349683	-4.115644
-6.390429	-4.135859
-6.430858	-4.126067
-6.477289	-4.133964
-6.498451	-4.149441
-6.551198	-4.175972
-6.586258	-4.214822
-6.623529	-4.189870
-6.663959	-4.205031
-6.693965	-4.207874
-6.737237	-4.219560
-6.772613	-4.272940
-6.801672	-4.284626
-6.850629	-4.306420
-6.859788	-4.265359
-6.918221	-4.289048
-6.939384	-4.317791
-6.979497	-4.320318
-7.012031	-4.368012
-7.033193	-4.356325
-7.072674	-4.342112
-7.101417	-4.365169
-7.129844	-4.381594
-7.160166	-4.432446
-7.178802	-4.413495
-7.221758	-4.428972
-7.236603	-4.422339
-7.257450	-4.410968
-7.292825	-4.442238
-7.297879	-4.487721
-7.329148	-4.497196
-7.345257	-4.488352
-7.371157	-4.475718
-7.381580	-4.481088
-7.398636	-4.467506
-7.426432	-4.506041
-7.435276	-4.520570
-7.449805	-4.495301
-7.466861	-4.512989
-7.474757	-4.518991
-7.478232	-4.526887
-7.496235	-4.537626
-7.505395	-4.556261
-7.502868	-4.553419
-7.510765	-4.521202
-7.523715	-4.531625
-7.510449	-4.537626
-7.525610	-4.546154
-7.522451	-4.554050
-7.528137	-4.537941
-7.523715	-4.529729
-7.512976	-4.485826
-7.519293	-4.502566
-7.514871	-4.518043
-7.497183	-4.501934
-7.500341	-4.557840
-7.473178	-4.524044
-7.476336	-4.518674
-7.458649	-4.520885
-7.454227	-4.510778
-7.435591	-4.531940
-7.410955	-4.508251
-7.404953	-4.504145
-7.385686	-4.503513
-7.374631	-4.454240
-7.350311	-4.487721
-7.324095	-4.478245
-7.307039	-4.470349
-7.290298	-4.455503
-7.267241	-4.425498
-7.238182	-4.411600
-7.205333	-4.390122
-7.186382	-4.417917
-7.151638	-4.410652
-7.131739	-4.403388
-7.097627	-4.380962
-7.067305	-4.351272
-7.035719	-4.350008
-7.005082	-4.333268
-6.980129	-4.306105
-6.941911	-4.287785
-6.909694	-4.249250
-6.877161	-4.261885
-6.836731	-4.246724
-6.809252	-4.261885
-6.768191	-4.244513
-6.736290	-4.210401
-6.700914	-4.199346
-6.654483	-4.181973
-6.629847	-4.225562
-6.577730	-4.208189
-6.553410	-4.208505
-6.507926	-4.201872
-6.456758	-4.143439
-6.434649	-4.133016
-6.390745	-4.139333
-6.347788	-4.111222
-6.307675	-4.115644
-6.271983	-4.058158
-6.239766	-4.060054
-6.190177	-4.028468
-6.157644	-4.027836
-6.121321	-4.049314
-6.072047	-3.984880
-6.044884	-3.943819
-6.001296	-3.940661
-5.964025	-3.932133
-5.919489	-3.940345
-5.885693	-3.929922
-5.856950	-3.920762
-5.806729	-3.884123
-5.783356	-3.861697
-5.745454	-3.867698
-5.698391	-3.862329
-5.685441	-3.854432
-5.639642	-3.803896
-5.602372	-3.793157
-5.563206	-3.767888
-5.546149	-3.765361
-5.512985	-3.783681
-5.469713	-3.753675
-5.453920	-3.730933
-5.410648	-3.711666
-5.380958	-3.716088
-5.364533	-3.706297
-5.338949	-3.714509
-5.309258	-3.723353
-5.272935	-3.669973
-5.263460	-3.645337
-5.243876	-3.669657
-5.221767	-3.643757
-5.202184	-3.664604
-5.175968	-3.648179
-5.164597	-3.636177
-5.142803	-3.629228
-5.123220	-3.605855
-5.121009	-3.635229
-5.083423	-3.608066
-5.086581	-3.576796
-5.067314	-3.594800
-5.063524	-3.547106
-5.050889	-3.572374
-5.038571	-3.567321
-5.048678	-3.562267
-5.033517	-3.576796
-5.021831	-3.561635
-5.025305	-3.578691
-5.024990	-3.541420
-5.026569	-3.551212
-5.013303	-3.569847
-5.024990	-3.573638
-5.029727	-3.590694
-5.030991	-3.580902
-5.038571	-3.586904
-5.040151	-3.575217
-5.055627	-3.583113
-5.058154	-3.612172
-5.067945	-3.588167
-5.085633	-3.619437
-5.088161	-3.615330
-5.121957	-3.614699
-5.123536	-3.615015
-5.145330	-3.630807
-5.164281	-3.651654
-5.176916	-3.619121
-5.205342	-3.641231
-5.206290	-3.637756
-5.246403	-3.656076
-5.264723	-3.693662
-5.277357	-3.694926
-5.310838	-3.703138
-5.331684	-3.693031
-5.364217	-3.704717
-5.384116	-3.746726
-5.412859	-3.734724
-5.455499	-3.783049
-5.471608	-3.785892
-5.506668	-3.748937
-5.546149	-3.802001
-5.566048	-3.813056
-5.613111	-3.820004
-5.631746	-3.820004
-5.678493	-3.814950
-5.699971	-3.821899
-5.734083	-3.821584
-5.789358	-3.880017
-5.811783	-3.913181
-5.849370	-3.895494
-5.890431	-3.919498
-5.921700	-3.920762
-5.965604	-3.952347
-6.001927	-3.979827
-6.040146	-4.017729
-6.074890	-4.012044
-6.115004	-3.992777
-6.156696	-4.030679
-6.196494	-4.055316
-6.232502	-4.070793
-6.281775	-4.093850
-6.313992	-4.083111
-6.346525	-4.073319
-6.387902	-4.088165
-6.431806	-4.133964
-6.468760	-4.162391
-6.502873	-4.150072
-6.548988	-4.175025
-6.585311	-4.151651
-6.624161	-4.188922
-6.665538	-4.209137
-6.702177	-4.246092
-6.731236	-4.254620
-6.759031	-4.229352
-6.824413	-4.267254
-6.837679	-4.285890
-6.872423	-4.304209
-6.911589	-4.353167
-6.944438	-4.322213
-6.980761	-4.324740
-7.007924	-4.319686
-7.041089	-4.326635
-7.066041	-4.362642
-7.097627	-4.358852
-7.135845	-4.398966
-7.152586	-4.362642
-7.193015	-4.379699
-7.207860	-4.408757
-7.241657	-4.404967
-7.266609	-4.425813
-7.289351	-4.429919
-7.310829	-4.440027
-7.326937	-4.444765
-7.355364	-4.450134
-7.366735	-4.486457
-7.385055	-4.481719
-7.406848	-4.481719
-7.421378	-4.488352
-7.439382	-4.485510
-7.449173	-4.500039
-7.461175	-4.474771
-7.479495	-4.529414
-7.472230	-4.521833
-7.501605	-4.538889
-7.500341	-4.557840
-7.504132	-4.539837
-7.516134	-4.549313
-7.522451	-4.558472
-7.523715	-4.558472
-7.523083	-4.561315
-7.524978	-4.557209
-7.526242	-4.555630
-7.510765	-4.509830
-7.524978	-4.545838
-7.512976	-4.570791
-7.501605	-4.520254
-7.507290	-4.526255
-7.489287	-4.508251
-7.491182	-4.509199
-7.468440	-4.528150
-7.467177	-4.531940
-7.455174	-4.531309
-7.422009	-4.478245
-7.433064	-4.451397
-7.407796	-4.473823
-7.378106	-4.474771
-7.373368	-4.489616
-7.346520	-4.476350
-7.331675	-4.466558
-7.298826	-4.440027
-7.294405	-4.441606
-7.267873	-4.463716
-7.233129	-4.442238
-7.217336	-4.430551
-7.181013	-4.409073
-7.163957	-4.386963
-7.125106	-4.395807
-7.102996	-4.402756
-7.061304	-4.403704
-7.033193	-4.353167
-7.012346	-4.318423
-6.976339	-4.329478
-6.946332	-4.310211
-6.910325	-4.341164
-6.873370	-4.311474
-6.848102	-4.293154
-6.802935	-4.248303
-6.771349	-4.241038
-6.739764	-4.253988
-6.687332	-4.228404
-6.669644	-4.226193
-6.620371	-4.198398
-6.588154	-4.161759
-6.548672	-4.173130
-6.505084	-4.139965
-6.474446	-4.147230
-6.421382	-4.115644
-6.393271	-4.055948
-6.343050	-4.070161
-6.312097	-4.032574
-6.283670	-4.071740
-6.230922	-4.053105
-6.202179	-4.025310
-6.157328	-4.013307
-6.114687	-3.984565
-6.080259	-3.982038
-6.035092	-3.984880
-6.010140	-3.980458
-5.957708	-3.962139
-5.925807	-3.910023
-5.892958	-3.932448
-5.846211	-3.901495
-5.813994	-3.891387
-5.776092	-3.892335
-5.738505	-3.857591
-5.703129	-3.832323
-5.672807	-3.799474
-5.639958	-3.806738
-5.603635	-3.799474
-5.570470	-3.783681
-5.540780	-3.795999
-5.502877	-3.762519
-5.478240	-3.745778
-5.444444	-3.737250
-5.422650	-3.736934
-5.383484	-3.730618
-5.367692	-3.705665
-5.341475	-3.730302
-5.298835	-3.688925
-5.276410	-3.672184
-5.266302	-3.685134
-5.243245	-3.677554
-5.216713	-3.674079
-5.193972	-3.654496
-5.187023	-3.659550
-5.153226	-3.636809
-5.145014	-3.608382
-5.132696	-3.640599
-5.101742	-3.630491
-5.096688	-3.595116
-5.085002	-3.613751
-5.072368	-3.579955
-5.063839	-3.589430
-5.047415	-3.583429
-5.051837	-3.604591
-5.034781	-3.599538
-5.028148	-3.573006
-5.026569	-3.596379
-5.026885	-3.582798
-5.024990	-3.592273
-5.019936	-3.596379
-5.025305	-3.579007
-5.025305	-3.566373
-5.035097	-3.551528
-5.038571	-3.576164
-5.034465	-3.590062
-5.039519	-3.589746
-5.060049	-3.601749
-5.063839	-3.582166
-5.070788	-3.591641
-5.079632	-3.601749
-5.096688	-3.626701
-5.109954	-3.640283
-5.122904	-3.621332
-5.148804	-3.642494
-5.157648	-3.634282
-5.187970	-3.658918
-5.193972	-3.672184
-5.216713	-3.664920
-5.241982	-3.668394
-5.254616	-3.644705
-5.292518	-3.666499
-5.305468	-3.701243
-5.339581	-3.696189
-5.368323	-3.727775
-5.382221	-3.691136
-5.427072	-3.731881
-5.442549	-3.746726
-5.480452	-3.760939
-5.517406	-3.804527
-5.534147	-3.803580
-5.576471	-3.803264
-5.603003	-3.813371
-5.640906	-3.816530
-5.670596	-3.873068
-5.698707	-3.854432
-5.747033	-3.867698
-5.778934	-3.867383
-5.812099	-3.847800
-5.852844	-3.891072
-5.886957	-3.916340
-5.924859	-3.959612
-5.957392	-3.934659
-6.012667	-3.947609
-6.036355	-3.970035
-6.068573	-3.977300
-6.121952	-4.021835
-6.157012	-4.037312
-6.190809	-4.034785
-6.233133	-4.028468
-6.279564	-4.048999
-6.315255	-4.083427
-6.345893	-4.086901
-6.399904	-4.101115
-6.430542	-4.109959
-6.470024	-4.091955
-6.504768	-4.129226
-6.544881	-4.146914
-6.591944	-4.195871
-6.619423	-4.195555
-6.670907	-4.224930
-6.693965	-4.253041
-6.726498	-4.216402
-6.776719	-4.253357
-6.806725	-4.277046
-6.852524	-4.269149
-6.870843	-4.284626
-6.911589	-4.276098
-6.949491	-4.306105
-6.969074	-4.301998
-7.015189	-4.319686
-7.041721	-4.358221
-7.061304	-4.336742
-7.108050	-4.372118
-7.126370	-4.394228
-7.162061	-4.405599
-7.181013	-4.445080
-7.213546	-4.446028
-7.238814	-4.473191
-7.258081	-4.453293
-7.286824	-4.465611
-7.313355	-4.459926
-7.328833	-4.446028
-7.358523	-4.477298
-7.366419	-4.464664
-7.386002	-4.471928
-7.408112	-4.475087
-7.423905	-4.471612
-7.435276	-4.499092
-7.449805	-4.509515
-7.471283	-4.523097
-7.471283	-4.516148
-7.488971	-4.509830
-7.494972	-4.523728
-7.497815	-4.529729
-7.511713	-4.550892
-7.508554	-4.537310
-7.520240	-4.536994
-7.512660	-4.527518
-7.519925	-4.490880
-7.529716	-4.552787
-7.518345	-4.538889
-7.526557	-4.548996
-7.519293	-4.549944
-7.505079	-4.515516
-7.508870	-4.533204
-7.499078	-4.545207
-7.497183	-4.547733
-7.472547	-4.543627
-7.475073	-4.498460
-7.468440	-4.510147
-7.440645	-4.495617
-7.435907	-4.509515
-7.419799	-4.543311
-7.410007	-4.506988
-7.386002	-4.481719
-7.358839	-4.449186
-7.350311	-4.476350
-7.323779	-4.470033
-7.307039	-4.460241
-7.291246	-4.465295
-7.266925	-4.417917
-7.235971	-4.395807
-7.214177	-4.409073
-7.182592	-4.419496
-7.158587	-4.404967
-7.130160	-4.360116
-7.099206	-4.338322
-7.061304	-4.313685
-7.039194	-4.316844
-7.008872	-4.356957
-6.972548	-4.332320
-6.947912	-4.299471
-6.910009	-4.266307
-6.881267	-4.283679
-6.835152	-4.271360
-6.809252	-4.281152
-6.777350	-4.289996
-6.725235	-4.229983
-6.699335	-4.204715
-6.660484	-4.209769
-6.624161	-4.194292
-6.590364	-4.211664
-6.542355	-4.180710
-6.514244	-4.171235
-6.470972	-4.142807
-6.427068	-4.097641
-6.397062	-4.122593
-6.339260	-4.076794
-6.320625	-4.067002
-6.274194	-4.032259
-6.233765	-4.007622
-6.201232	-4.003200
-6.151958	-3.990566
-6.123531	-4.001621
-6.071415	-3.985512
-6.037303	-3.935291
-6.003507	-3.946346
-5.954234	-3.916340
-5.924859	-3.921710
-5.882535	-3.901811
-5.854739	-3.905285
-5.813363	-3.898336
-5.770406	-3.873699
-5.745138	-3.870541
-5.693337	-3.835797
-5.681335	-3.825058
-5.634273	-3.821899
-5.607110	-3.789682
-5.570470	-3.780838
-5.544570	-3.768204
-5.512669	-3.755886
-5.475398	-3.741356
-5.446971	-3.733460
-5.414438	-3.734724
-5.385064	-3.695873
-5.365797	-3.710403
-5.340844	-3.694294
-5.309258	-3.693347
-5.283042	-3.711350
-5.252720	-3.693662
-5.241666	-3.704401
-5.209764	-3.656708
-5.207237	-3.661129
-5.172809	-3.668394
-5.159227	-3.633018
-5.149752	-3.652917
-5.124484	-3.620384
-5.111849	-3.589115
-5.093214	-3.620700
-5.081212	-3.613435
-5.072052	-3.632071
-5.055627	-3.606802
-5.061313	-3.595747
-5.038255	-3.580902
-5.032570	-3.554371
-5.037940	-3.595747
-5.024673	-3.606487
-5.026569	-3.582166
-5.023094	-3.587851
-5.021515	-3.568268
-5.014250	-3.587535
-5.029411	-3.588799
-5.033834	-3.605223
-5.031622	-3.591010
-5.033202	-3.564794
-5.049626	-3.587535
-5.052469	-3.596379
-5.062892	-3.618489
-5.064787	-3.612172
-5.087213	-3.617226
-5.088476	-3.598906
-5.114692	-3.593221
-5.135222	-3.636177
-5.143751	-3.664604
-5.162386	-3.658918
-5.178811	-3.651338
-5.200289	-3.633334
-5.214186	-3.660182
-5.236296	-3.654812
-5.268513	-3.698716
-5.280832	-3.707244
-5.296309	-3.660498
-5.348740	-3.694926
-5.356005	-3.689872
-5.386327	-3.726195
-5.413175	-3.749885
-5.451077	-3.741356
-5.477609	-3.755254
-5.504457	-3.739461
-5.545202	-3.765361
-5.565416	-3.808634
-5.610268	-3.803896
-5.640590	-3.834533
-5.665226	-3.814950
-5.712289	-3.828217
-5.738505	-3.848431
-5.770722	-3.874963
-5.817469	-3.903390
-5.844000	-3.892019
-5.890115	-3.909391
-5.922016	-3.916656
-5.965920	-3.933396
-6.009508	-3.976036
-6.041409	-3.985196
-6.075838	-4.000989
-6.119425	-4.000357
-6.157328	-4.006990
-6.193967	-4.033522
-6.239134	-4.029416
-6.281143	-4.070161
-6.303885	-4.058790
-6.356000	-4.083427
-6.392955	-4.089428
-6.430226	-4.085322
-6.478868	-4.120698
-6.498767	-4.128594
-6.546777	-4.174393
-6.583100	-4.171235
-6.632689	-4.196503
-6.658273	-4.236932
-6.695544	-4.212927
-6.738816	-4.247671
-6.769454	-4.281784
-6.808620	-4.271045
-6.839574	-4.299788
-6.874634	-4.284942
-6.915379	-4.333584
-6.936857	-4.322845
-6.980129	-4.334847
-7.011083	-4.360747
-7.029718	-4.331373
-7.068253	-4.339585
-7.101733	-4.347166
-7.133318	-4.385384
-7.155428	-4.413811
-7.185434	-4.423602
-7.211335	-4.453609
-7.232497	-4.426445
-7.269136	-4.449818
-7.294405	-4.494038
-7.300090	-4.476666
-7.331044	-4.488352
-7.350626	-4.478245
-7.368630	-4.477929
-7.380317	-4.487089
-7.406848	-4.500671
-7.424221	-4.529414
-7.428011	-4.492143
-7.457386	-4.478877
-7.458017	-4.490248
-7.475705	-4.500987
-7.478548	-4.529414
-7.503816	-4.542995
-7.502553	-4.540153
-7.497815	-4.507304
-7.518029	-4.513621
-7.525294	-4.562578
-7.512660	-4.534467
-7.536349	-4.561315
-7.520240	-4.522780
-7.527189	-4.523728
-7.514239	-4.530046
-7.519293	-4.537310
-7.522767	-4.571738
-7.497815	-4.530677
-7.502237	-4.506672
-7.493393	-4.510462
-7.478232	-4.493090
-7.480759	-4.549313
-7.458333	-4.534467
-7.456438	-4.522465
-7.429590	-4.511726
-7.424537	-4.470349
-7.410007	-4.491511
-7.379369	-4.472560
-7.375895	-4.494986
-7.341467	-4.463084
-7.329464	-4.423286
-7.310197	-4.429919
-7.290298	-4.419496
-7.265346	-4.446028
-7.236919	-4.439711
-7.217336	-4.409073
-7.183224	-4.391385
-7.161114	-4.371171
-7.136161	-4.382857
-7.088151	-4.391069
-7.068884	-4.379699
-7.041721	-4.357589
-7.006029	-4.319686
-6.980445	-4.316844
-6.946332	-4.279889
-6.913800	-4.308947
-6.866737	-4.283679
-6.845575	-4.263780
-6.810515	-4.272308
-6.760926	-4.256515
-6.736290	-4.246724
-6.696807	-4.231879
-6.656378	-4.208505
-6.625109	-4.204083
-6.587522	-4.163338
-6.554357	-4.189554
-6.500978	-4.154178
-6.471287	-4.123857
-6.440965	-4.135859
-6.391060	-4.107748
-6.354421	-4.085954
-6.311149	-4.063212
-6.282091	-4.048683
-6.230606	-4.032259
-6.197125	-4.012360
-6.163329	-4.033206
-6.108055	-4.011728
-6.070152	-3.976668
-6.039830	-3.975405
-5.998769	-3.944451
-5.958024	-3.956138
-5.919806	-3.944451
-5.891378	-3.937502
-5.851581	-3.921078
-5.807993	-3.878121
-5.783672	-3.884123
-5.741663	-3.895494
-5.704392	-3.861065
-5.673439	-3.852853
-5.639327	-3.812740
-5.604582	-3.780522
-5.570786	-3.765993
-5.549940	-3.806107
-5.503825	-3.793157
-5.480768	-3.753359
-5.454236	-3.753991
-5.414122	-3.710087
-5.389802	-3.728091
-5.363901	-3.718931
-5.341792	-3.717036
-5.303257	-3.691767
-5.277357	-3.654496
-5.266302	-3.673764
-5.231558	-3.675659
-5.213871	-3.660814
-5.195867	-3.669342
-5.176284	-3.613435
-5.167124	-3.625754
-5.138065	-3.607118
-5.128906	-3.635229
-5.111849	-3.646916
-5.089424	-3.597011
-5.087529	-3.596379
-5.063839	-3.566373
-5.071420	-3.590378
-5.043941	-3.617857
-5.043309	-3.595432
-5.043625	-3.600169
-5.027832	-3.578060
-5.025937	-3.561635
-5.022779	-3.582798
-5.018988	-3.597643
-5.024990	-3.610277
-5.013303	-3.566373
-5.032570	-3.564794
-5.025937	-3.573006
-5.030991	-3.573006
-5.037308	-3.609961
-5.044257	-3.601117
-5.051837	-3.603960
-5.061944	-3.586272
-5.073947	-3.605855
-5.075842	-3.622279
-5.091635	-3.624806
-5.117219	-3.639019
-5.124168	-3.617226
-5.146277	-3.607750
-5.158912	-3.623227
-5.179442	-3.635229
-5.197446	-3.674711
-5.213554	-3.641546
-5.250510	-3.659234
-5.257143	-3.670289
-5.277357	-3.654181
-5.313365	-3.686714
-5.328842	-3.712298
-5.370218	-3.731881
-5.380326	-3.719563
-5.423282	-3.732197
-5.447287	-3.756202
-5.469081	-3.742304
-5.512353	-3.769468
-5.538253	-3.795052
-5.560995	-3.772942
-5.605214	-3.810529
-5.634589	-3.820320
-5.676281	-3.841166
-5.698075	-3.833586
-5.751139	-3.858539
-5.780829	-3.886334
-5.805782	-3.866435
-5.858530	-3.885702
-5.885693	-3.904022
-5.929281	-3.928342
-5.964657	-3.958980
-6.002875	-3.964666
-6.042357	-3.982038
-6.071732	-3.971614
-6.128585	-3.982038
-6.152590	-4.026573
-6.190177	-4.032259
-6.233765	-4.057527
-6.273562	-4.066687
-6.318414	-4.070793
-6.346841	-4.077110
-6.394535	-4.100483
-6.428647	-4.152283
-6.468445	-4.118487
-6.517718	-4.147545
-6.542671	-4.165233
-6.594471	-4.161443
-6.626056	-4.215770
-6.659221	-4.223035
-6.699650	-4.247671
-6.726498	-4.236300
-6.772613	-4.220508
-6.801672	-4.281784
-6.841153	-4.260937
-6.879056	-4.316844
-6.896428	-4.309579
-6.948544	-4.313053
-6.981077	-4.322529
-7.004766	-4.324424
-7.040142	-4.370854
-7.063830	-4.371171
-7.106155	-4.392964
-7.129212	-4.407494
-7.157955	-4.386015
-7.193331	-4.437816
-7.203123	-4.451082
-7.240709	-4.444765
-7.268188	-4.440027
-7.288403	-4.398650
-7.312408	-4.409389
-7.325990	-4.424550
-7.355364	-4.479508
-7.362629	-4.491511
-7.393898	-4.473191
-7.402427	-4.483615
-7.417272	-4.488037
-7.432749	-4.505409
-7.447278	-4.534467
-7.468440	-4.546470
-7.474126	-4.516779
-7.483285	-4.493090
-7.503184	-4.531940
-7.494656	-4.520254
-7.511713	-4.540469
-7.521504	-4.547417
-7.517714	-4.506672
-7.513292	-4.509830
-7.530032	-4.502882
-7.528137	-4.535099
-7.521188	-4.548996
-7.520556	-4.525623
-7.524346	-4.534152
-7.508238	-4.495933
-7.508238	-4.497512
-7.502868	-4.541416
-7.491814	-4.531309
-7.482970	-4.531940
