# Configuration automatically generated by WRITE_CONFIG()
connection eth
ip 192.168.0.10
samplehz 1000.000000
settleus 10.000000
nsample 128

# Analog Inputs
aichannel 0
ainegative 199
airange 10.000000
airesolution 0

aichannel 1
ainegative 199
airange 10.000000
airesolution 0

# Analog Outputs
aochannel 0
aosignal sine
aofrequency 5.000000
aoamplitude 0.250000
aooffset 1.250000
aoduty 0.500000

# Meta Parameters
int:periods 10
flt:plate_Thigh_C 354.163671
flt:plate_Tlow_C 185.377220
flt:plate_Q_kW 1.031879
flt:plate_Tpeak_C 1143.476236
flt:cool_Thigh_C 77.198543
flt:cool_Tlow_C 21.530518
flt:air_psig 70.000000
flt:water_gph 2.200000
flt:cool_Q_kW 0.000000
flt:standoff_in 0.500000
flt:oxygen_scfh 11.719094
flt:fuel_scfh 8.285063
flt:flow_scfh 20.004156
flt:ratio_fto 0.706971

## End Configuration ##
#: Thu Jul 21 18:57:52 2016
-0.930251	-0.555963
-0.552805	-0.495951
-0.427726	-0.495319
-0.389192	-0.493424
-0.373399	-0.490265
-0.381612	-0.488370
-0.325074	-0.478263
-0.260955	-0.481737
-0.223368	-0.477000
-0.240109	-0.467840
-0.290014	-0.470367
-0.314335	-0.467208
-0.310228	-0.464997
-0.288434	-0.459943
-0.266009	-0.458048
-0.278643	-0.457732
-0.281486	-0.451100
-0.261903	-0.450468
-0.183887	-0.445414
-0.117241	-0.445414
-0.104923	-0.439729
-0.115030	-0.440992
-0.136508	-0.441940
-0.120084	-0.431832
-0.047437	-0.431517
0.004363	-0.429306
0.001204	-0.424252
-0.038909	-0.425199
-0.078391	-0.422357
-0.054702	-0.422988
-0.008903	-0.417935
0.033742	-0.415092
0.028055	-0.413829
0.038164	-0.416040
0.056486	-0.413197
0.095025	-0.411302
0.136092	-0.410038
0.140198	-0.412565
0.115558	-0.409723
0.092182	-0.406564
0.073228	-0.408143
0.089971	-0.399299
0.087444	-0.402458
0.072597	-0.400879
0.044798	-0.405616
0.008154	-0.398352
0.044798	-0.399931
0.099764	-0.399299
0.136092	-0.398984
0.133249	-0.397088
0.111136	-0.401826
0.102607	-0.394877
0.115558	-0.399299
0.151570	-0.399299
0.174315	-0.395193
0.160731	-0.404037
0.140198	-0.401826
0.120929	-0.391403
0.136407	-0.401195
0.152834	-0.400247
0.145568	-0.406248
0.111452	-0.403405
0.073860	-0.404037
0.056170	-0.403405
0.065647	-0.410038
0.070385	-0.411302
0.060593	-0.410038
0.022685	-0.404353
0.002468	-0.414145
0.004995	-0.411934
0.018263	-0.409091
0.003416	-0.420146
-0.041120	-0.415092
-0.096079	-0.413197
-0.130507	-0.420462
-0.077128	-0.425831
-0.000691	-0.425515
0.003100	-0.431201
-0.038593	-0.432148
-0.073969	-0.436570
-0.091973	-0.438781
-0.054702	-0.440045
-0.027539	-0.436570
-0.041120	-0.449836
-0.086919	-0.441624
-0.169357	-0.449836
-0.198732	-0.444782
-0.198732	-0.456785
-0.204417	-0.451100
-0.231265	-0.456469
-0.295067	-0.465945
-0.331391	-0.463734
-0.351921	-0.470683
-0.329180	-0.478579
-0.337392	-0.475736
-0.379401	-0.480158
-0.480158	-0.480474
-0.531958	-0.487107
-0.496267	-0.486159
-0.430253	-0.485844
-0.422357	-0.489634
-0.439097	-0.493424
-0.481737	-0.499741
-0.499109	-0.509533
-0.452363	-0.507638
-0.431201	-0.504795
-0.470367	-0.511112
-0.543645	-0.517113
-0.628294	-0.519640
-0.679147	-0.521851
-0.648825	-0.525641
-0.636190	-0.528484
-0.687990	-0.533222
-0.774219	-0.538275
-0.853182	-0.539539
-0.884136	-0.537960
-0.852551	-0.541118
-0.880662	-0.549646
-0.939411	-0.551541
-1.025955	-0.548067
-1.076492	-0.564491
-1.021533	-0.557227
-0.922039	-0.557858
-0.899297	-0.564491
-0.945096	-0.560069
-1.063857	-0.566386
-1.157666	-0.569229
-1.149770	-0.571124
-1.090705	-0.566702
-1.039537	-0.576810
-1.073333	-0.576810
-1.128608	-0.578073
-1.169037	-0.575546
-1.119764	-0.584074
-1.063226	-0.588496
-1.090389	-0.585022
-1.149770	-0.586917
-1.263162	-0.589444
-1.319068	-0.588180
-1.261266	-0.595129
-1.228102	-0.591971
-1.251791	-0.593866
-1.331070	-0.593550
-1.397716	-0.594182
-1.385713	-0.595129
-1.329491	-0.595129
-1.267268	-0.592602
-1.254002	-0.596077
-1.346863	-0.597972
-1.421721	-0.597024
-1.387924	-0.596393
-1.289693	-0.596393
-1.263477	-0.593866
-1.236946	-0.598604
-1.221153	-0.597024
-1.180092	-0.592918
-1.072701	-0.598919
-1.008899	-0.599235
-1.035746	-0.582495
-1.127344	-0.594498
-1.254002	-0.593550
-1.293800	-0.594498
-1.255265	-0.591971
-1.218942	-0.588180
-1.202202	-0.585022
-1.214836	-0.582495
-1.224943	-0.585654
-1.169353	-0.586285
-1.078703	-0.585022
-1.048380	-0.578705
-1.094495	-0.580600
-1.163983	-0.580600
-1.194621	-0.582179
-1.107761	-0.578073
-0.935620	-0.580600
-0.836126	-0.571440
-0.860131	-0.569861
-0.992474	-0.561965
-1.102708	-0.563544
-1.080282	-0.564807
-1.019954	-0.552173
-0.986473	-0.555963
-1.003845	-0.547435
-1.026271	-0.554068
-0.982051	-0.550594
-0.898981	-0.552489
-0.830125	-0.545224
-0.796644	-0.537960
-0.815280	-0.541118
-0.826335	-0.534485
-0.804541	-0.528168
-0.731894	-0.533538
-0.717049	-0.525010
-0.752425	-0.523430
-0.766322	-0.519956
-0.764743	-0.516166
-0.699045	-0.508585
-0.595129	-0.504795
-0.533853	-0.508585
-0.527536	-0.504163
-0.553121	-0.500689
-0.535433	-0.497530
-0.475736	-0.491529
-0.423620	-0.500689
-0.396141	-0.485528
-0.413829	-0.489634
-0.422673	-0.487423
-0.367398	-0.479526
-0.275484	-0.486475
-0.236318	-0.474473
-0.258112	-0.470998
-0.316230	-0.467208
-0.375926	-0.459943
-0.393930	-0.457417
-0.350026	-0.454890
-0.321915	-0.455206
-0.304859	-0.457417
-0.305175	-0.451100
-0.272326	-0.449204
-0.196521	-0.442256
-0.116294	-0.441624
-0.078391	-0.436570
-0.063862	-0.432780
-0.084708	-0.440360
-0.070495	-0.429306
-0.032276	-0.427726
0.001836	-0.424884
0.004995	-0.429937
-0.032276	-0.418251
-0.061967	-0.418882
-0.061335	-0.416356
0.011629	-0.410986
0.067858	-0.416987
0.082074	-0.415724
0.082389	-0.413829
0.054275	-0.410670
0.048273	-0.408775
0.052695	-0.407196
0.065647	-0.407827
0.063120	-0.411302
0.042903	-0.402774
0.043534	-0.401826
0.062804	-0.401195
0.085864	-0.403090
0.100395	-0.400879
0.090603	-0.399615
0.072281	-0.397088
0.075756	-0.398984
0.114295	-0.399931
0.148727	-0.399299
0.143041	-0.398036
0.147464	-0.400247
0.138935	-0.392666
0.140198	-0.393614
0.154098	-0.395825
0.157257	-0.400563
0.137355	-0.401510
0.113031	-0.400879
0.087128	-0.400563
0.075756	-0.401510
0.078599	-0.396773
0.092498	-0.409407
0.089023	-0.403721
0.052379	-0.406880
0.041639	-0.402142
0.055854	-0.403090
0.095341	-0.412249
0.098184	-0.418567
0.089655	-0.411934
0.069438	-0.413829
0.028371	-0.416040
0.013208	-0.415092
0.005627	-0.421409
-0.041120	-0.421409
-0.083761	-0.429306
-0.151669	-0.425831
-0.180096	-0.423936
-0.172516	-0.428990
-0.176622	-0.432464
-0.168726	-0.441940
-0.211682	-0.436570
-0.252427	-0.441308
-0.244531	-0.445414
-0.163672	-0.440360
-0.079339	-0.449836
-0.071126	-0.451100
-0.086919	-0.457417
-0.145036	-0.451731
-0.214524	-0.458048
-0.248005	-0.467840
-0.291277	-0.459628
-0.327916	-0.466892
-0.378453	-0.470367
-0.416040	-0.468787
-0.397720	-0.482685
-0.353185	-0.479526
-0.322231	-0.483317
-0.330443	-0.483317
-0.386034	-0.490265
-0.451415	-0.490897
-0.509848	-0.495951
-0.522483	-0.493424
-0.513007	-0.498162
-0.518692	-0.506690
-0.548383	-0.511744
-0.561965	-0.506058
-0.558490	-0.516166
-0.561333	-0.519324
-0.572072	-0.518061
-0.622924	-0.520272
-0.726525	-0.525641
-0.819386	-0.526905
-0.860447	-0.534801
-0.873081	-0.538275
-0.836442	-0.536064
-0.844338	-0.543329
-0.855393	-0.542066
-0.877187	-0.546488
-0.910036	-0.541750
-0.898665	-0.550910
-0.877187	-0.549014
-0.879398	-0.557858
-0.896454	-0.563544
-0.923934	-0.558490
-0.925197	-0.560385
-0.941938	-0.564807
-0.958362	-0.568597
-1.010794	-0.569861
-1.087862	-0.571124
-1.110920	-0.576494
-1.123870	-0.574599
-1.091021	-0.576810
-1.054382	-0.579652
-1.078071	-0.586917
-1.119764	-0.583443
-1.175038	-0.590391
-1.207887	-0.594182
-1.185777	-0.586601
-1.157666	-0.584390
-1.148822	-0.592602
-1.175670	-0.594498
-1.226838	-0.591655
-1.257792	-0.586917
-1.248001	-0.594182
-1.242315	-0.598604
-1.271690	-0.597340
-1.299485	-0.595761
-1.313383	-0.600815
-1.311803	-0.596077
-1.265373	-0.600499
-1.235051	-0.593550
-1.231576	-0.599235
-1.252738	-0.596708
-1.280534	-0.594498
-1.254949	-0.596077
-1.194305	-0.593866
-1.114078	-0.599235
-1.057540	-0.595445
-1.054382	-0.600183
-1.110604	-0.589128
-1.177565	-0.593234
-1.207887	-0.589444
-1.205360	-0.590707
-1.213572	-0.589444
-1.226207	-0.589444
-1.239473	-0.592918
-1.177881	-0.588812
-1.083440	-0.587865
-1.022165	-0.587865
-0.984894	-0.582495
-1.016163	-0.580916
-1.104287	-0.570177
-1.163667	-0.574599
-1.162720	-0.574283
-1.108393	-0.571756
-1.069543	-0.570177
-1.058172	-0.568597
-1.001318	-0.565755
-0.932778	-0.558490
-0.853814	-0.562912
-0.809279	-0.559753
-0.797276	-0.555647
-0.805804	-0.556595
-0.680726	-0.548383
-0.674409	-0.543961
-0.689570	-0.549646
-0.706942	-0.538907
-0.745476	-0.537012
-0.791591	-0.538591
-0.775166	-0.529747
-0.714522	-0.527536
-0.656405	-0.527220
-0.677883	-0.519640
-0.751161	-0.522483
-0.797908	-0.522483
-0.813701	-0.516797
-0.775166	-0.510480
-0.688938	-0.507953
-0.612501	-0.504163
-0.574283	-0.506058
-0.555963	-0.504479
-0.535749	-0.503847
-0.470683	-0.495951
-0.432780	-0.489002
-0.416040	-0.493108
-0.418251	-0.480474
-0.386034	-0.478895
-0.338024	-0.479526
-0.295383	-0.474473
-0.264114	-0.471946
-0.298226	-0.468787
-0.344972	-0.466892
-0.355080	-0.463734
-0.327285	-0.461207
-0.199048	-0.456785
-0.102396	-0.455521
-0.063546	-0.447309
-0.058176	-0.458364
-0.058492	-0.450784
-0.032592	-0.440676
0.018263	-0.437834
0.034689	-0.437202
0.011945	-0.437202
-0.046174	-0.433096
-0.072390	-0.429621
-0.053123	-0.427726
-0.020590	-0.434043
0.002468	-0.424884
-0.017747	-0.420777
-0.039225	-0.422041
-0.029750	-0.420462
0.016999	-0.418251
0.053011	-0.410038
0.077651	-0.415092
0.102923	-0.413829
0.095973	-0.415092
0.106713	-0.407827
0.124719	-0.410986
0.123772	-0.404037
0.103554	-0.408143
0.076387	-0.402774
0.068174	-0.401826
0.086496	-0.405616
0.103554	-0.401826
0.113347	-0.400247
0.093446	-0.400247
0.053643	-0.391087
0.063120	-0.396773
0.117770	-0.400879
0.190110	-0.398352
0.207800	-0.391087
0.185687	-0.398036
0.157888	-0.399299
0.137355	-0.397720
0.159468	-0.399299
0.178106	-0.402458
0.171156	-0.402142
0.139251	-0.398984
0.099132	-0.401826
0.090603	-0.405616
0.100395	-0.402142
0.097868	-0.402458
0.086180	-0.407827
0.033426	-0.407512
0.006259	-0.402774
0.006259	-0.408143
0.030267	-0.407196
0.072281	-0.413197
0.069438	-0.413197
0.053959	-0.415092
0.018579	-0.420146
0.035005	-0.410038
0.086180	-0.421725
0.077967	-0.422673
0.053011	-0.426463
-0.006692	-0.422988
-0.044911	-0.428990
-0.043647	-0.427410
-0.044911	-0.432780
-0.085656	-0.437202
-0.151985	-0.434991
-0.218631	-0.441308
-0.222737	-0.438465
-0.195889	-0.446678
-0.145984	-0.445098
-0.163672	-0.446678
-0.228106	-0.457101
-0.295383	-0.453626
-0.290961	-0.461207
-0.249584	-0.459312
-0.247057	-0.463734
-0.282117	-0.466261
-0.309597	-0.469735
-0.326653	-0.473209
-0.307702	-0.469419
-0.278959	-0.479211
-0.292541	-0.482685
-0.360133	-0.480158
-0.450784	-0.486475
-0.478263	-0.495003
-0.456153	-0.495951
-0.426463	-0.500689
-0.461839	-0.496583
-0.562912	-0.509217
-0.690833	-0.511744
-0.737264	-0.512375
-0.693044	-0.513639
-0.587233	-0.515534
-0.548067	-0.519956
-0.571440	-0.523430
-0.637454	-0.525641
-0.697466	-0.528168
-0.710732	-0.524694
-0.762532	-0.536064
-0.844023	-0.537644
-0.942885	-0.540802
-1.008899	-0.539223
-0.958678	-0.543645
-0.911615	-0.548699
-0.915406	-0.555016
-0.970680	-0.552173
-1.060699	-0.550594
-1.072070	-0.550278
-1.045854	-0.563860
-0.994685	-0.560069
-1.010162	-0.571756
-1.074912	-0.573651
-1.121975	-0.570493
-1.119764	-0.573019
-1.049012	-0.572388
-0.961836	-0.576178
-0.945728	-0.572704
-0.986157	-0.575546
-1.041432	-0.585338
-1.026271	-0.580284
-0.996265	-0.585022
-0.998475	-0.585654
-1.049012	-0.591971
-1.114078	-0.588812
-1.132714	-0.585969
-1.118816	-0.595761
-1.111867	-0.593866
-1.160193	-0.593550
-1.270110	-0.593234
-1.359497	-0.598288
-1.374342	-0.595129
-1.293484	-0.598919
-1.162720	-0.597656
-1.113447	-0.596708
-1.118816	-0.598288
-1.150401	-0.599235
-1.162720	-0.597972
-1.095759	-0.597656
-1.050907	-0.600183
-1.080282	-0.597024
-1.146927	-0.593866
-1.207571	-0.598604
-1.170932	-0.596708
-1.112815	-0.594813
-1.076176	-0.594498
-1.090389	-0.593550
-1.151033	-0.592602
-1.200622	-0.585654
-1.189883	-0.592918
-1.136820	-0.587865
-1.098286	-0.587549
-1.105866	-0.587865
-1.116289	-0.585022
-1.094179	-0.585338
-1.027534	-0.588180
-0.956467	-0.581232
-0.968469	-0.579021
-1.030693	-0.579021
-1.072070	-0.572704
-1.061962	-0.564175
-0.986473	-0.566702
-0.935620	-0.569229
-0.957730	-0.572704
-1.025955	-0.559122
-1.067016	-0.561965
-1.021533	-0.562596
-0.931830	-0.555332
-0.862342	-0.561649
-0.868975	-0.550278
-0.892980	-0.549646
-0.939411	-0.548699
-0.914774	-0.546172
-0.825071	-0.545540
-0.774850	-0.531642
-0.761585	-0.537644
-0.771692	-0.536064
-0.768849	-0.527220
-0.655457	-0.525010
-0.589444	-0.519640
-0.602394	-0.519956
-0.653562	-0.515534
-0.710416	-0.508901
-0.680410	-0.513007
-0.597656	-0.508901
-0.523430	-0.502268
-0.493424	-0.499109
-0.511428	-0.507638
-0.516481	-0.495003
-0.462470	-0.499741
-0.330127	-0.491529
-0.250848	-0.483633
-0.284012	-0.475736
-0.339603	-0.479842
-0.403405	-0.479211
-0.373399	-0.476052
-0.291277	-0.469735
-0.281801	-0.479842
-0.297594	-0.464681
-0.328232	-0.463102
-0.313071	-0.459943
-0.239161	-0.457417
-0.174411	-0.451731
-0.143457	-0.445098
-0.166199	-0.443203
-0.206628	-0.445414
-0.198416	-0.438149
-0.140614	-0.440360
-0.093236	-0.433412
-0.100501	-0.434675
-0.107450	-0.430885
-0.115030	-0.428042
-0.060387	-0.428990
0.024581	-0.426147
0.054907	-0.423620
0.048273	-0.419514
0.016051	-0.419514
-0.019642	-0.413197
0.015104	-0.415724
0.061856	-0.412249
0.104186	-0.410354
0.097868	-0.410986
0.073544	-0.417935
0.088391	-0.405932
0.117770	-0.408775
0.118717	-0.404037
0.107029	-0.404985
0.061224	-0.403090
0.015104	-0.401195
0.000257	-0.401826
0.028371	-0.398984
0.073544	-0.399931
0.075756	-0.396141
0.080178	-0.398036
0.087760	-0.393614
0.114295	-0.397404
0.159784	-0.397088
0.175894	-0.394562
0.175263	-0.396773
0.145253	-0.396773
0.129458	-0.396773
0.156309	-0.401826
0.151886	-0.400247
0.155993	-0.404985
0.112084	-0.397720
0.072913	-0.403090
0.068806	-0.400563
0.085548	-0.403090
0.107345	-0.404985
0.100395	-0.406248
0.081126	-0.408143
0.064067	-0.408143
0.055222	-0.412249
0.086180	-0.410670
0.085232	-0.413197
0.044798	-0.407512
0.000257	-0.416356
-0.019642	-0.413197
0.009102	-0.421409
0.015104	-0.412565
0.025844	-0.423936
-0.007008	-0.424884
-0.051544	-0.430253
-0.068284	-0.429621
-0.052491	-0.432148
-0.043963	-0.433412
-0.057545	-0.441624
-0.103344	-0.440992
-0.138404	-0.441624
-0.147879	-0.442256
-0.120400	-0.442571
-0.108081	-0.445098
-0.152617	-0.448889
-0.221157	-0.446362
-0.260955	-0.454258
-0.261587	-0.454890
-0.223053	-0.464365
-0.207892	-0.467840
-0.249900	-0.471946
-0.364555	-0.471946
-0.456469	-0.476052
-0.466261	-0.476052
-0.436254	-0.481422
-0.427095	-0.482369
-0.438781	-0.488370
-0.485212	-0.486791
-0.503531	-0.491845
-0.501320	-0.492476
-0.467840	-0.499741
-0.478579	-0.499741
-0.525010	-0.511744
-0.559122	-0.505742
-0.557543	-0.510796
-0.485212	-0.513639
-0.471946	-0.526905
-0.539539	-0.522167
-0.636506	-0.526589
-0.751477	-0.529116
-0.784326	-0.531011
-0.744844	-0.542066
-0.745160	-0.540802
-0.780220	-0.536696
-0.866764	-0.535433
-0.910036	-0.548383
-0.900245	-0.547119
-0.841496	-0.560069
-0.818123	-0.551225
-0.884136	-0.557227
-0.992158	-0.561333
-1.060699	-0.561649
-1.007635	-0.562596
-0.905614	-0.565123
-0.904983	-0.575230
-0.940358	-0.571124
-1.025323	-0.566071
-1.047117	-0.576178
-0.991211	-0.576810
-0.935620	-0.578389
-0.919196	-0.582811
-1.003213	-0.580916
-1.088178	-0.580916
-1.131766	-0.585022
-1.144716	-0.585338
-1.166826	-0.584390
-1.216731	-0.581863
-1.260635	-0.594182
-1.254002	-0.591971
-1.216731	-0.593550
-1.140926	-0.587549
-1.149454	-0.591971
-1.223996	-0.595129
-1.301380	-0.605868
-1.341178	-0.598288
-1.297590	-0.597656
-1.198411	-0.595761
-1.187672	-0.601130
-1.235682	-0.595445
-1.303591	-0.597972
-1.326017	-0.592287
-1.229049	-0.596393
-1.163983	-0.596393
-1.158614	-0.596393
-1.208203	-0.589128
-1.304539	-0.595129
-1.342757	-0.596077
-1.296326	-0.597656
-1.243894	-0.593866
-1.254949	-0.593234
-1.294431	-0.594813
-1.302959	-0.590707
-1.231260	-0.591971
-1.121659	-0.586285
-1.103655	-0.583127
-1.116921	-0.586285
-1.149770	-0.584074
-1.137767	-0.584706
-1.019006	-0.581232
-0.929303	-0.580284
-0.941622	-0.572388
-1.016795	-0.578073
-1.071122	-0.577441
-1.068279	-0.568913
-1.019322	-0.570177
-0.967522	-0.566702
-0.995001	-0.563228
-1.030061	-0.558806
-1.034167	-0.560069
-0.991843	-0.558490
-0.891401	-0.557858
-0.842759	-0.554384
-0.798224	-0.542697
-0.852867	-0.547119
-0.927724	-0.540486
-0.929303	-0.547119
-0.850971	-0.544277
-0.820649	-0.527220
-0.826651	-0.533853
-0.859184	-0.533538
-0.847813	-0.525641
-0.740738	-0.524062
-0.649140	-0.519956
-0.597656	-0.516797
-0.594182	-0.514902
-0.607763	-0.503847
-0.532906	-0.503216
-0.428990	-0.502584
-0.344972	-0.501636
-0.341498	-0.499109
-0.356975	-0.494687
-0.366135	-0.489318
-0.346552	-0.490265
-0.286223	-0.482369
-0.267588	-0.485212
-0.272958	-0.480158
-0.316545	-0.477315
-0.326969	-0.474473
-0.284012	-0.470051
-0.230949	-0.474157
-0.203154	-0.463734
-0.246742	-0.460575
-0.277695	-0.451731
-0.278643	-0.460259
-0.247057	-0.448573
-0.185782	-0.452047
-0.184518	-0.451415
-0.214524	-0.449520
-0.217367	-0.440360
-0.204101	-0.441940
-0.116294	-0.439097
-0.036382	-0.434675
-0.005429	-0.431517
-0.007956	-0.430253
-0.036067	-0.423304
-0.012378	-0.427726
0.046377	-0.423304
0.072281	-0.420777
0.083653	-0.421093
0.055538	-0.420462
0.050800	-0.413513
0.066279	-0.416040
0.085864	-0.420146
0.094709	-0.410670
0.066911	-0.406248
0.023317	-0.404985
0.021106	-0.403721
0.047957	-0.409091
0.089023	-0.402142
0.071333	-0.397404
0.047957	-0.401195
0.029635	-0.401195
0.037532	-0.396141
0.073860	-0.399299
0.105450	-0.400879
0.102923	-0.397404
0.092814	-0.399299
0.073860	-0.402142
0.098184	-0.405301
0.132933	-0.396773
0.164522	-0.394246
0.161679	-0.398036
0.153466	-0.397720
0.138303	-0.393298
0.126931	-0.395825
0.134828	-0.398668
0.133564	-0.390455
0.105450	-0.400247
0.073860	-0.401826
0.041007	-0.403090
0.038796	-0.405932
0.055222	-0.402774
0.057118	-0.406248
0.056802	-0.404353
0.032162	-0.409723
0.053011	-0.410986
0.088391	-0.412565
0.084917	-0.413513
0.063752	-0.414145
-0.000059	-0.418251
-0.062914	-0.415724
-0.086288	-0.421409
-0.068600	-0.424252
-0.040173	-0.425831
-0.067020	-0.426779
-0.104291	-0.434043
-0.119136	-0.431517
-0.111556	-0.435939
-0.064494	-0.435307
-0.065125	-0.437834
-0.109345	-0.442571
-0.181676	-0.442571
-0.222105	-0.446046
-0.210102	-0.449204
-0.182307	-0.454890
-0.198732	-0.458048
-0.204101	-0.451100
-0.259376	-0.465313
-0.272326	-0.465313
-0.267904	-0.463418
-0.279275	-0.464681
-0.326653	-0.472578
-0.413513	-0.474157
-0.498162	-0.481422
-0.529747	-0.482053
-0.459943	-0.484580
-0.397720	-0.486159
-0.410038	-0.486791
-0.453942	-0.496583
-0.508901	-0.500057
-0.493740	-0.499109
-0.456785	-0.504479
-0.469735	-0.508585
-0.525641	-0.510480
-0.620398	-0.509848
-0.690833	-0.521219
-0.685464	-0.520903
-0.666196	-0.520903
-0.677883	-0.527220
-0.745476	-0.528484
-0.841812	-0.533853
-0.888242	-0.532590
-0.871186	-0.542066
-0.796960	-0.540486
-0.781483	-0.544277
-0.782431	-0.545540
-0.816859	-0.548383
-0.852235	-0.553436
-0.810542	-0.548699
-0.801698	-0.559753
-0.877503	-0.557227
-0.980156	-0.559122
-1.068911	-0.558174
-1.057540	-0.565439
-1.025639	-0.569229
-1.009215	-0.570808
-1.039537	-0.577757
-1.115973	-0.572704
-1.152297	-0.575546
-1.094811	-0.576494
-1.001950	-0.584390
-0.952361	-0.579968
-0.983630	-0.582811
-1.067963	-0.592287
-1.154192	-0.588496
-1.197148	-0.588180
-1.187041	-0.585654
-1.218942	-0.590076
-1.254634	-0.595129
-1.273901	-0.586285
-1.246421	-0.591971
-1.180408	-0.594182
-1.145032	-0.602710
-1.151033	-0.594813
-1.227470	-0.596393
-1.329807	-0.599551
-1.354759	-0.597656
-1.341178	-0.597656
-1.299485	-0.595129
-1.309908	-0.597972
-1.391399	-0.599551
-1.433091	-0.594498
-1.391083	-0.593866
-1.258740	-0.592918
-1.168405	-0.595761
-1.139031	-0.596708
-1.202202	-0.599551
-1.288114	-0.594182
-1.299801	-0.593866
-1.262214	-0.588180
-1.215783	-0.592918
-1.195569	-0.582811
-1.227470	-0.592287
-1.238525	-0.586917
-1.226522	-0.584390
-1.194621	-0.586601
-1.164299	-0.583127
-1.178828	-0.578073
-1.191463	-0.582811
-1.191778	-0.575546
-1.149770	-0.575546
-1.107129	-0.575230
-1.066384	-0.579652
-1.051539	-0.575230
-1.091021	-0.568597
-1.111551	-0.565439
-1.088494	-0.559753
-1.064805	-0.562912
-1.036062	-0.558490
-1.038589	-0.554068
-1.062594	-0.556279
-1.041116	-0.550910
-0.995633	-0.550278
-0.917933	-0.544592
-0.847497	-0.545856
-0.837074	-0.541118
-0.847181	-0.536380
-0.862974	-0.540486
-0.866448	-0.525010
-0.816543	-0.525010
-0.750845	-0.525325
-0.698414	-0.522483
-0.665881	-0.519008
-0.646613	-0.517745
-0.621661	-0.515850
-0.570493	-0.502268
-0.516797	-0.510164
-0.493424	-0.503216
-0.474157	-0.499109
-0.465313	-0.499741
-0.449836	-0.485844
-0.416987	-0.493108
-0.395509	-0.487739
-0.378769	-0.480474
-0.371820	-0.483948
-0.378453	-0.478579
-0.364555	-0.477315
-0.362029	-0.470367
-0.329180	-0.470998
-0.326021	-0.466892
-0.320336	-0.456153
-0.304543	-0.460575
-0.294436	-0.459943
-0.231265	-0.453626
-0.171252	-0.447625
-0.123242	-0.446046
-0.091973	-0.442887
-0.095447	-0.440676
-0.100185	-0.435623
-0.078391	-0.439729
-0.063230	-0.437202
-0.040173	-0.436254
-0.028486	-0.432780
-0.016800	-0.417619
0.006259	-0.426779
0.027424	-0.424568
0.068174	-0.423304
0.086496	-0.417935
0.059961	-0.413829
0.033426	-0.417303
0.017631	-0.413829
0.036269	-0.413829
0.054275	-0.410670
0.064067	-0.410986
0.063120	-0.402458
0.063752	-0.413513
0.085548	-0.403090
0.112084	-0.406248
0.135460	-0.403090
0.107661	-0.391087
0.057434	-0.406880
0.037532	-0.398036
0.034057	-0.399931
0.056486	-0.388244
0.095025	-0.401510
0.113663	-0.398984
0.132301	-0.402142
0.126931	-0.397088
0.166733	-0.398668
0.202745	-0.391087
0.220436	-0.396773
0.217277	-0.394246
0.165154	-0.398352
0.108609	-0.396141
0.091866	-0.401195
0.085232	-0.399615
0.076072	-0.395193
0.044482	-0.401826
0.029635	-0.401826
0.030898	-0.411934
0.062488	-0.404353
0.110188	-0.404037
0.117138	-0.407196
0.089339	-0.406248
0.078915	-0.411934
0.065647	-0.411934
0.079862	-0.412565
0.101343	-0.412881
0.094078	-0.414460
0.083337	-0.408775
0.057118	-0.419514
0.059961	-0.418567
0.060909	-0.421725
0.071649	-0.416040
0.035953	-0.427726
-0.030065	-0.423304
-0.086288	-0.425831
-0.090709	-0.438465
-0.061967	-0.435307
-0.046174	-0.438465
-0.091025	-0.439097
-0.137456	-0.442256
-0.174727	-0.443203
-0.159250	-0.449204
-0.133350	-0.453942
-0.151669	-0.455521
-0.201574	-0.460259
-0.269167	-0.456469
-0.296647	-0.464050
-0.285592	-0.468472
-0.238214	-0.472262
-0.216735	-0.465629
-0.269483	-0.476368
-0.349710	-0.478895
-0.395509	-0.481422
-0.413829	-0.487423
-0.382243	-0.486159
-0.423936	-0.491529
-0.449836	-0.489002
-0.467840	-0.499109
-0.458680	-0.499741
-0.404985	-0.509217
-0.382243	-0.516166
-0.429621	-0.511744
-0.496583	-0.516166
-0.561017	-0.519956
-0.566386	-0.514902
-0.569229	-0.516481
-0.610290	-0.526589
-0.700625	-0.528484
-0.800435	-0.535433
-0.815280	-0.532590
-0.757478	-0.539223
-0.705362	-0.533538
-0.713575	-0.542382
-0.772955	-0.543645
-0.870239	-0.545224
-0.935936	-0.548383
-0.908141	-0.552805
-0.881609	-0.559122
-0.938147	-0.554384
-1.000686	-0.562596
-1.046801	-0.562280
-1.021849	-0.566071
-0.940042	-0.573019
-0.883189	-0.570177
-0.897402	-0.568282
-0.977313	-0.574915
-1.065753	-0.574283
-1.092284	-0.575546
-1.067332	-0.574283
-1.052487	-0.582179
-1.079334	-0.583758
-1.128923	-0.582811
-1.168089	-0.585969
-1.164299	-0.586917
-1.117553	-0.591971
-1.100812	-0.600815
-1.125449	-0.591971
-1.171880	-0.590391
-1.181039	-0.591023
-1.119448	-0.597024
-1.075544	-0.595129
-1.125765	-0.595445
-1.182935	-0.591023
-1.244526	-0.598288
-1.207887	-0.597656
-1.127028	-0.591339
-1.055961	-0.598919
-1.086915	-0.590707
-1.166194	-0.598919
-1.238209	-0.596708
-1.269479	-0.599235
-1.254002	-0.598919
-1.225575	-0.600183
-1.246105	-0.599235
-1.263162	-0.599551
-1.291904	-0.593866
-1.251475	-0.594498
-1.198096	-0.589444
-1.199991	-0.594182
-1.234419	-0.587549
-1.265688	-0.587865
-1.241368	-0.588496
-1.157982	-0.584390
-1.056909	-0.583758
-1.004793	-0.583443
-1.037957	-0.583758
-1.085335	-0.578705
-1.050276	-0.574283
-0.988368	-0.572704
-0.953624	-0.576810
-0.982051	-0.570808
-1.023428	-0.570493
-1.068595	-0.562912
-1.061962	-0.573019
-1.026587	-0.564175
-1.012057	-0.565123
-1.031956	-0.563228
-1.030377	-0.557858
-1.012373	-0.547119
-0.938779	-0.554068
-0.868659	-0.552805
-0.838969	-0.547751
-0.855393	-0.547119
-0.898665	-0.535749
-0.892348	-0.531958
-0.810542	-0.530063
-0.690517	-0.531327
-0.647245	-0.528168
-0.669355	-0.525325
-0.718313	-0.522483
-0.713259	-0.520272
-0.647561	-0.516797
-0.561333	-0.514902
-0.546803	-0.509217
-0.551225	-0.504163
-0.585969	-0.501005
-0.553436	-0.499425
-0.429937	-0.502900
-0.380664	-0.491213
-0.390455	-0.495951
-0.424252	-0.485212
-0.491213	-0.487107
-0.484896	-0.487739
-0.448257	-0.478263
-0.427095	-0.476368
-0.440992	-0.476684
-0.457417	-0.470367
-0.423304	-0.467524
-0.342761	-0.465313
-0.260008	-0.460259
-0.212313	-0.460259
-0.201574	-0.454890
-0.201890	-0.448889
-0.175043	-0.452679
-0.109977	-0.452995
-0.053754	-0.451100
-0.041436	-0.442571
-0.054070	-0.440676
-0.062914	-0.436570
-0.026275	-0.423936
0.024265	-0.432464
0.034689	-0.431517
0.021738	-0.431517
-0.035751	-0.425199
-0.080286	-0.417935
-0.092605	-0.419514
-0.090078	-0.420462
-0.072390	-0.412565
-0.103028	-0.416356
-0.103028	-0.409407
-0.091025	-0.411302
-0.024380	-0.409723
0.059329	-0.406248
0.055854	-0.406248
0.035321	-0.407827
0.013840	-0.408775
0.026160	-0.407827
0.079862	-0.408459
0.116190	-0.401826
0.133880	-0.400563
0.108925	-0.406564
0.076072	-0.398036
0.081126	-0.396773
0.096289	-0.401826
0.104502	-0.402774
0.091550	-0.398984
0.066279	-0.389508
0.080178	-0.399931
0.111136	-0.399615
0.139566	-0.399615
0.149675	-0.401195
0.119033	-0.401826
0.092814	-0.399615
0.075124	-0.401826
0.101975	-0.401195
0.111768	-0.403090
0.087760	-0.404669
0.029951	-0.400879
-0.018379	-0.403090
-0.024064	-0.409723
0.003732	-0.408143
0.035637	-0.407196
0.042903	-0.410670
0.031530	-0.410986
0.035953	-0.412565
0.074176	-0.415724
0.107977	-0.417303
0.114927	-0.412881
0.070385	-0.423936
0.021738	-0.425515
-0.016168	-0.419830
-0.023432	-0.420146
-0.018063	-0.427726
-0.048701	-0.428674
-0.096079	-0.433728
-0.144721	-0.436570
-0.167146	-0.435307
-0.131455	-0.443519
-0.089130	-0.442571
-0.083445	-0.447625
-0.121663	-0.450468
-0.157355	-0.447941
-0.143457	-0.455206
-0.131455	-0.457101
-0.139667	-0.455521
-0.190204	-0.464050
-0.267588	-0.464050
-0.325389	-0.469735
-0.367082	-0.466261
-0.335497	-0.472894
-0.339287	-0.476368
-0.396141	-0.478263
-0.456785	-0.480790
-0.466892	-0.482053
-0.376558	-0.489002
-0.275484	-0.494372
-0.247057	-0.494687
-0.290014	-0.496898
-0.385402	-0.492792
-0.477000	-0.507322
-0.523430	-0.511428
-0.544908	-0.510480
-0.604605	-0.508269
-0.699045	-0.514270
-0.754320	-0.520272
-0.760637	-0.522483
-0.703151	-0.519324
-0.670934	-0.528168
-0.721787	-0.528168
-0.834863	-0.534485
-0.947307	-0.536696
-0.984262	-0.538907
-0.926461	-0.546172
-0.886979	-0.548699
-0.898350	-0.545856
-0.932778	-0.546488
-0.949202	-0.550594
-0.897718	-0.558174
-0.853182	-0.558174
-0.851603	-0.560385
-0.901824	-0.563860
-0.991527	-0.561333
-1.037326	-0.568913
-1.024691	-0.564175
-0.999423	-0.574915
-1.025323	-0.574599
-1.106182	-0.579021
-1.189567	-0.581232
-1.230313	-0.581547
-1.174722	-0.580284
-1.135872	-0.588180
-1.166194	-0.582811
-1.193358	-0.587549
-1.237262	-0.585969
-1.227470	-0.590707
-1.172195	-0.586917
-1.187356	-0.591655
-1.231892	-0.591655
-1.303907	-0.597656
-1.314646	-0.594182
-1.249896	-0.596393
-1.207887	-0.599551
-1.202202	-0.595129
-1.250527	-0.594813
-1.362972	-0.595445
-1.416035	-0.600499
-1.370868	-0.597656
-1.281797	-0.600499
-1.278323	-0.596708
-1.316225	-0.599551
-1.374342	-0.596708
-1.374658	-0.597972
-1.319384	-0.599551
-1.276112	-0.599867
-1.293168	-0.596077
-1.323806	-0.595129
-1.338019	-0.593550
-1.269795	-0.596393
-1.163036	-0.590076
-1.119132	-0.589760
-1.127344	-0.586285
-1.182619	-0.587865
-1.206624	-0.587865
-1.126397	-0.584706
-1.018058	-0.581232
-0.972575	-0.579652
-0.985210	-0.581232
-1.037641	-0.579968
-1.050276	-0.566386
-0.993106	-0.576178
-0.935620	-0.569861
-0.921723	-0.567966
-0.953624	-0.573967
-1.043643	-0.565755
-1.072385	-0.562912
-1.007004	-0.556911
-0.954572	-0.556279
-0.911300	-0.557858
-0.959941	-0.555647
-1.003845	-0.548067
-0.928356	-0.551857
-0.827598	-0.546803
-0.769165	-0.540486
-0.773271	-0.536064
-0.801382	-0.540170
-0.798540	-0.533222
-0.752425	-0.531011
-0.705362	-0.515534
-0.731894	-0.525641
-0.743265	-0.523114
-0.739791	-0.519324
-0.730631	-0.517429
-0.640928	-0.507322
-0.543329	-0.510164
-0.513007	-0.504795
-0.531011	-0.508269
-0.575546	-0.497846
-0.557543	-0.499741
-0.497846	-0.492161
-0.447309	-0.498794
-0.419198	-0.484896
-0.448257	-0.486475
-0.473525	-0.483001
-0.435307	-0.477631
-0.377190	-0.480474
-0.373399	-0.472894
-0.416356	-0.469419
-0.459312	-0.467524
-0.455521	-0.465629
-0.353500	-0.459628
-0.235687	-0.455206
-0.183887	-0.451415
-0.163356	-0.455521
-0.159566	-0.444782
-0.122927	-0.443519
-0.044279	-0.440360
-0.022801	-0.442256
-0.033540	-0.440992
-0.074917	-0.432148
-0.115346	-0.440045
-0.097027	-0.434043
-0.047122	-0.428990
0.002152	-0.427095
-0.005745	-0.438149
-0.041436	-0.423304
-0.045226	-0.426463
-0.039541	-0.412249
0.018894	-0.408459
0.028687	-0.415092
0.015104	-0.416040
0.016051	-0.412881
0.018263	-0.408775
0.063752	-0.404037
0.095341	-0.406564
0.091866	-0.404353
0.075440	-0.408459
0.065015	-0.403721
0.092498	-0.403090
0.117770	-0.400879
0.128826	-0.401510
0.122192	-0.400247
0.095973	-0.394562
0.075124	-0.403090
0.123140	-0.400563
0.169261	-0.397404
0.147780	-0.401195
0.124719	-0.389824
0.102291	-0.398984
0.088076	-0.397720
0.089339	-0.399931
0.112084	-0.400563
0.102923	-0.400879
0.065963	-0.398984
0.016999	-0.402458
0.001520	-0.401826
0.057750	-0.400563
0.084601	-0.399931
0.083337	-0.403090
0.080810	-0.404985
0.039428	-0.407512
0.030267	-0.404353
0.041323	-0.406564
0.069122	-0.412881
0.062172	-0.408143
0.050800	-0.404985
0.058381	-0.407827
0.073860	-0.417935
0.088391	-0.419198
0.072913	-0.416671
0.018894	-0.420462
-0.031961	-0.420146
-0.097027	-0.427726
-0.095763	-0.427410
-0.074285	-0.429621
-0.089130	-0.431517
-0.115978	-0.435939
-0.161461	-0.438781
-0.175359	-0.441940
-0.152301	-0.439729
-0.139667	-0.444782
-0.161145	-0.452363
-0.218315	-0.450152
-0.269799	-0.449836
-0.273589	-0.453626
-0.244847	-0.458996
-0.212313	-0.466576
-0.255901	-0.460575
-0.328548	-0.468472
-0.417619	-0.470051
-0.457101	-0.469419
-0.409091	-0.475420
-0.352869	-0.480474
-0.340235	-0.483633
-0.384138	-0.489002
-0.422041	-0.492476
-0.437518	-0.488370
-0.432464	-0.499425
-0.441624	-0.499425
-0.484896	-0.503216
-0.561965	-0.501005
-0.618502	-0.515218
-0.622293	-0.502268
-0.590076	-0.514270
-0.639981	-0.517429
-0.727472	-0.508901
-0.812121	-0.521851
-0.894559	-0.521535
-0.868975	-0.528168
-0.746108	-0.533853
-0.693360	-0.530695
-0.679462	-0.534169
-0.721471	-0.542382
-0.728104	-0.538591
-0.691149	-0.550278
-0.673461	-0.547751
-0.678515	-0.550278
-0.754952	-0.557858
-0.839916	-0.560069
-0.882241	-0.559438
-0.865817	-0.556279
-0.832968	-0.562912
-0.861079	-0.565123
-0.948570	-0.579652
-1.061962	-0.569861
-1.146927	-0.573967
-1.152613	-0.574283
-1.164299	-0.580600
-1.197780	-0.577441
-1.235051	-0.579336
-1.255265	-0.586917
-1.184514	-0.581863
-1.127028	-0.585022
-1.103023	-0.584390
-1.134609	-0.585969
-1.216415	-0.584706
-1.228102	-0.585969
-1.178197	-0.587233
-1.127660	-0.598919
-1.132082	-0.587549
-1.199991	-0.594182
-1.300748	-0.589128
-1.358550	-0.593550
-1.321911	-0.601446
-1.264425	-0.599551
-1.237893	-0.597656
-1.261898	-0.596077
-1.304854	-0.600499
-1.298537	-0.597972
-1.255265	-0.589128
-1.217363	-0.594813
-1.204097	-0.593866
-1.260003	-0.597972
-1.312119	-0.600815
-1.322226	-0.595129
-1.308961	-0.593866
-1.276112	-0.593866
-1.283376	-0.593866
-1.328544	-0.590707
-1.357602	-0.592918
-1.349074	-0.591023
-1.279902	-0.587865
-1.227470	-0.592287
-1.188304	-0.589128
-1.192726	-0.586601
-1.221785	-0.583127
-1.208519	-0.582495
-1.190515	-0.583758
-1.183250	-0.579336
-1.202833	-0.582495
-1.263477	-0.573651
-1.265373	-0.579968
-1.245474	-0.571124
-1.193358	-0.575546
-1.103971	-0.566702
-1.079650	-0.563544
-1.083440	-0.556279
-1.069543	-0.557227
-1.036062	-0.562280
-0.982683	-0.551225
-0.926145	-0.554700
-0.892348	-0.548699
-0.886979	-0.541118
-0.846549	-0.540170
-0.817491	-0.541750
-0.789064	-0.537012
-0.760953	-0.527536
-0.748319	-0.528168
-0.744844	-0.529431
-0.722419	-0.523430
-0.679462	-0.525957
-0.633979	-0.522167
-0.598604	-0.515850
-0.597024	-0.515534
-0.599551	-0.519956
-0.602078	-0.506690
-0.573651	-0.499741
-0.521851	-0.494372
-0.461207	-0.498478
-0.443519	-0.496583
-0.450152	-0.489318
-0.462786	-0.483317
-0.469103	-0.489950
-0.447941	-0.477000
-0.384454	-0.477631
-0.350658	-0.476052
-0.332338	-0.472262
-0.337076	-0.473525
-0.337708	-0.464050
-0.304227	-0.465629
-0.294120	-0.463734
-0.248953	-0.454890
-0.220842	-0.458048
-0.184518	-0.451731
-0.125769	-0.450468
-0.085340	-0.453626
-0.029118	-0.449204
-0.008903	-0.440992
-0.010798	-0.433728
-0.034487	-0.433096
-0.055018	-0.436570
-0.039225	-0.431201
-0.039541	-0.429306
-0.047437	-0.426463
-0.055018	-0.420146
-0.082497	-0.423620
-0.078075	-0.416356
-0.038278	-0.416987
-0.007640	-0.414776
-0.015536	-0.415092
-0.031329	-0.419198
-0.023748	-0.406880
-0.006376	-0.410354
0.052379	-0.412565
0.125035	-0.410038
0.153466	-0.406248
0.135776	-0.410354
0.118401	-0.404669
0.108925	-0.400563
0.128194	-0.401195
0.137355	-0.401510
0.143041	-0.401826
0.129458	-0.399615
0.118401	-0.398984
0.133249	-0.400879
0.153782	-0.398668
0.195796	-0.403405
0.198007	-0.398036
0.174315	-0.398036
0.146832	-0.392351
0.125667	-0.396773
0.145253	-0.400247
0.139882	-0.399615
0.095973	-0.401510
0.073860	-0.399615
0.041639	-0.407196
0.057750	-0.395825
0.084917	-0.401510
0.089971	-0.403090
0.086180	-0.398036
0.067858	-0.406880
0.070701	-0.405616
0.091550	-0.404353
0.108925	-0.405932
0.132933	-0.412249
0.102291	-0.411934
0.071017	-0.415408
0.045430	-0.416671
0.043218	-0.415092
0.062488	-0.411618
0.035005	-0.423304
-0.010167	-0.418567
-0.051228	-0.424252
-0.053439	-0.421409
-0.039857	-0.431517
-0.034803	-0.431832
-0.060387	-0.427726
-0.105555	-0.436570
-0.128296	-0.441624
-0.119452	-0.442571
-0.115662	-0.447309
-0.125769	-0.444782
-0.160829	-0.451100
-0.193678	-0.452679
-0.191151	-0.455206
-0.172200	-0.461207
-0.129244	-0.463418
-0.128928	-0.459943
-0.176622	-0.472262
-0.240740	-0.470051
-0.296331	-0.472578
-0.304543	-0.476368
-0.304543	-0.471946
-0.346236	-0.484580
-0.388560	-0.488370
-0.429621	-0.490265
-0.416040	-0.493740
-0.380348	-0.486791
-0.355080	-0.500373
-0.398984	-0.502900
-0.493740	-0.505427
-0.571124	-0.504479
-0.583443	-0.507322
-0.574283	-0.513007
-0.573335	-0.517429
-0.660511	-0.519956
-0.741054	-0.525957
-0.806752	-0.523114
-0.831704	-0.528168
-0.790327	-0.531958
-0.795697	-0.540486
-0.838021	-0.536380
-0.880978	-0.535749
-0.900561	-0.543329
-0.806436	-0.546172
-0.708205	-0.550910
-0.677883	-0.551225
-0.721471	-0.556911
-0.794118	-0.557227
-0.835810	-0.555963
-0.841812	-0.563860
-0.857288	-0.563860
-0.923934	-0.566071
-1.011741	-0.572704
-1.085967	-0.571440
-1.100181	-0.573019
-1.075860	-0.579336
-1.076176	-0.573967
-1.137452	-0.578073
-1.218310	-0.579652
-1.305170	-0.578705
-1.295063	-0.590076
-1.258424	-0.585022
-1.241683	-0.579652
-1.252738	-0.591655
-1.270742	-0.586917
-1.247369	-0.590076
-1.177565	-0.590707
-1.109340	-0.591971
-1.101128	-0.592602
-1.164615	-0.593550
-1.237893	-0.600499
-1.216731	-0.598919
-1.112815	-0.600815
-1.013321	-0.596708
-1.024060	-0.596708
-1.096706	-0.595129
-1.197780	-0.599235
-1.229997	-0.596077
-1.173459	-0.597024
-1.138399	-0.597972
-1.166194	-0.594813
-1.194937	-0.596077
-1.215783	-0.597972
-1.183566	-0.595129
-1.139347	-0.596393
-1.133030	-0.591339
-1.198096	-0.593550
-1.327596	-0.592918
-1.410350	-0.591023
-1.322226	-0.597656
-1.227470	-0.590707
-1.181987	-0.588812
-1.171564	-0.585022
-1.171880	-0.586917
-1.133977	-0.581232
-1.024376	-0.582495
-0.929619	-0.585338
-0.931198	-0.580916
-0.972260	-0.577441
-1.030377	-0.577441
-1.065121	-0.576178
-1.053750	-0.571756
-1.059751	-0.567650
-1.088810	-0.565439
-1.134609	-0.567650
-1.142189	-0.557543
-1.072070	-0.558490
-0.993422	-0.555332
-0.976366	-0.550910
-1.015216	-0.551541
-1.028798	-0.547751
-1.003529	-0.545540
-0.916985	-0.545224
-0.810542	-0.537012
-0.765691	-0.540802
-0.778325	-0.531958
-0.839916	-0.533853
-0.848129	-0.526589
-0.763164	-0.525325
-0.655142	-0.513323
-0.608711	-0.519008
-0.611238	-0.517429
-0.657353	-0.513639
-0.627346	-0.514270
-0.584706	-0.504479
-0.543961	-0.502268
-0.529431	-0.503531
-0.556595	-0.498478
-0.579968	-0.495319
-0.562912	-0.490897
-0.538907	-0.488686
-0.529747	-0.485844
-0.560385	-0.477000
-0.572388	-0.475736
-0.544592	-0.472894
-0.431517	-0.472578
-0.300437	-0.470051
-0.266009	-0.474473
-0.273589	-0.468156
-0.278643	-0.461207
-0.248005	-0.457417
-0.163988	-0.457417
-0.107134	-0.461523
-0.091657	-0.449204
-0.137772	-0.449204
-0.175043	-0.444467
-0.108713	-0.442887
-0.075864	-0.436570
-0.063546	-0.434675
-0.067968	-0.434043
-0.078391	-0.431201
-0.083761	-0.432464
-0.068916	-0.429621
-0.035751	-0.427095
-0.040173	-0.425831
-0.050596	-0.422988
-0.038593	-0.421093
-0.019958	-0.416356
0.042903	-0.417935
0.102607	-0.411934
0.131353	-0.411934
0.102607	-0.404353
0.044482	-0.408775
0.036269	-0.406880
0.060909	-0.407512
0.071333	-0.413829
0.081442	-0.402774
0.053643	-0.403721
0.046693	-0.401826
0.065963	-0.401195
0.126931	-0.405616
0.164838	-0.400247
0.149043	-0.400247
0.131985	-0.398984
0.107029	-0.394877
0.121245	-0.399931
0.161047	-0.392035
0.166102	-0.409407
0.140198	-0.397404
0.106397	-0.397088
0.077335	-0.403090
0.105766	-0.397720
0.131669	-0.405616
0.124088	-0.400247
0.075440	-0.400879
0.028055	-0.404353
0.015736	-0.401826
0.032794	-0.403090
0.051432	-0.403721
0.045114	-0.402458
0.036901	-0.408143
0.030898	-0.409723
0.039428	-0.408143
0.084917	-0.411302
0.095341	-0.412565
0.070069	-0.414776
0.032162	-0.416040
-0.008587	-0.416040
-0.007008	-0.422673
0.034057	-0.419830
0.054907	-0.422988
0.015420	-0.424884
-0.043647	-0.424884
-0.074917	-0.427726
-0.064178	-0.432464
-0.070495	-0.439097
-0.092289	-0.431517
-0.148827	-0.437202
-0.191783	-0.443519
-0.182307	-0.442571
-0.098922	-0.449520
-0.073022	-0.451100
-0.132402	-0.448573
-0.203470	-0.458680
-0.263798	-0.458048
-0.301384	-0.459312
-0.253059	-0.468787
-0.260639	-0.467524
-0.302332	-0.469419
-0.367714	-0.471630
-0.431201	-0.470367
-0.437518	-0.477947
-0.415724	-0.483633
-0.418882	-0.483948
-0.452995	-0.490265
-0.514586	-0.500373
-0.516166	-0.494056
-0.495003	-0.499425
-0.442571	-0.502584
-0.412881	-0.505427
-0.446362	-0.503216
-0.507638	-0.510480
-0.573019	-0.515850
-0.579336	-0.515850
-0.589444	-0.520588
-0.670618	-0.528168
-0.756531	-0.521219
-0.854446	-0.528484
-0.879714	-0.536380
-0.839916	-0.530063
-0.786853	-0.537960
-0.792538	-0.542382
-0.862342	-0.546172
-0.925197	-0.551541
-0.950466	-0.547751
-0.915722	-0.550278
-0.891401	-0.552173
-0.896770	-0.553121
-0.934673	-0.555647
-0.959941	-0.558806
-0.917301	-0.563544
-0.861710	-0.565123
-0.893296	-0.566702
-0.955519	-0.575862
-1.018058	-0.573019
-1.020269	-0.580916
-0.939727	-0.579021
-0.891717	-0.580600
-0.941622	-0.577125
-1.063542	-0.580284
-1.169353	-0.582495
-1.178197	-0.585654
-1.126397	-0.592287
-1.097654	-0.583443
-1.103655	-0.590391
-1.181671	-0.590707
-1.234419	-0.592918
-1.239788	-0.579336
-1.205992	-0.593234
-1.265373	-0.590076
-1.378448	-0.595761
-1.450779	-0.596077
-1.482049	-0.595129
-1.408771	-0.598919
-1.315593	-0.598604
-1.289062	-0.597656
-1.294747	-0.597024
-1.324753	-0.597340
-1.310224	-0.591971
-1.224627	-0.602078
-1.192094	-0.596393
-1.219890	-0.596077
-1.288430	-0.594498
-1.317489	-0.602710
-1.259055	-0.594813
-1.161456	-0.597024
-1.099233	-0.593234
-1.099865	-0.591971
-1.185145	-0.592602
-1.283376	-0.585022
-1.282745	-0.587549
-1.186725	-0.586601
-1.140610	-0.584390
-1.132082	-0.586285
-1.162404	-0.589444
-1.160825	-0.586601
-1.087862	-0.578073
-1.001318	-0.576178
-0.987421	-0.566386
-1.030377	-0.569229
-1.094495	-0.572704
-1.118184	-0.567650
-1.080914	-0.562912
-1.026587	-0.566071
-1.016163	-0.563228
-1.048065	-0.550594
-1.063857	-0.561333
-1.009846	-0.557858
-0.890453	-0.553436
-0.783063	-0.552805
-0.755899	-0.547435
-0.790327	-0.541118
-0.835179	-0.542066
-0.845286	-0.537012
-0.781799	-0.538907
-0.766322	-0.530695
-0.778325	-0.527536
-0.822860	-0.528168
-0.792854	-0.525641
-0.696203	-0.522167
-0.603026	-0.519008
-0.598919	-0.516166
-0.626715	-0.518377
-0.638717	-0.509217
-0.604605	-0.511112
-0.532274	-0.498478
-0.443835	-0.500373
-0.430569	-0.499741
-0.439729	-0.492476
-0.438149	-0.491213
-0.421409	-0.484896
-0.344025	-0.489002
-0.309597	-0.485212
-0.331075	-0.476684
-0.390455	-0.476368
-0.446678	-0.472894
-0.418251	-0.469103
-0.353500	-0.469735
-0.296331	-0.464365
-0.259060	-0.464365
-0.255586	-0.456785
-0.247057	-0.452679
-0.209155	-0.455837
-0.132718	-0.449836
-0.109029	-0.445098
-0.121347	-0.438781
-0.135877	-0.443519
-0.154828	-0.436570
-0.137456	-0.440045
-0.097974	-0.436570
-0.097027	-0.434043
-0.117557	-0.429621
-0.156091	-0.427726
-0.172516	-0.428358
-0.150722	-0.430885
-0.141246	-0.422357
-0.147247	-0.411618
-0.167146	-0.418251
-0.144405	-0.414776
-0.067652	-0.407512
0.019210	-0.412565
0.069122	-0.407512
0.088707	-0.414460
0.084917	-0.408143
0.091866	-0.409407
0.091550	-0.400879
0.119349	-0.401510
0.104186	-0.404037
0.076387	-0.394562
0.060277	-0.402142
0.046693	-0.397720
0.083969	-0.392351
0.106082	-0.396457
0.106713	-0.398036
0.082389	-0.398036
0.052063	-0.396773
0.052695	-0.404669
0.073544	-0.392666
0.104186	-0.405616
0.114295	-0.398036
0.103870	-0.398036
0.097552	-0.399615
0.099132	-0.398036
0.112084	-0.393298
0.099764	-0.399299
0.065647	-0.394562
0.047957	-0.401510
0.023001	-0.402774
0.020474	-0.398036
0.047957	-0.405932
0.053643	-0.404353
0.040691	-0.408775
0.011629	-0.407512
0.015736	-0.408775
0.048273	-0.408143
0.075124	-0.414776
0.086180	-0.415408
0.065015	-0.419830
0.005311	-0.411302
-0.048701	-0.418251
-0.095447	-0.410986
-0.110924	-0.422673
-0.114083	-0.420777
-0.130507	-0.429306
-0.158302	-0.425515
-0.171568	-0.434043
-0.135877	-0.432148
-0.102396	-0.443203
-0.114399	-0.439413
-0.147879	-0.442887
-0.202206	-0.446678
-0.222421	-0.441624
-0.209471	-0.450152
-0.190204	-0.451415
-0.175359	-0.452047
-0.210418	-0.456153
-0.226527	-0.460575
-0.243267	-0.469735
-0.261271	-0.474157
-0.249268	-0.472578
-0.266956	-0.479211
-0.304859	-0.478895
-0.350026	-0.482053
-0.380980	-0.481106
-0.397404	-0.491529
-0.405616	-0.487107
-0.390455	-0.493424
-0.428358	-0.496898
-0.497846	-0.501636
-0.574599	-0.499109
-0.631137	-0.508585
-0.650720	-0.513639
-0.667144	-0.512059
-0.657037	-0.513007
-0.668092	-0.513007
-0.706942	-0.522483
-0.726209	-0.527536
-0.728420	-0.528800
-0.744844	-0.533222
-0.789064	-0.530695
-0.838969	-0.543645
-0.868659	-0.543961
-0.887926	-0.534485
-0.855709	-0.544277
-0.819070	-0.543329
-0.825387	-0.552805
-0.842759	-0.555016
-0.858868	-0.558806
-0.878767	-0.556595
-0.868343	-0.561017
-0.882557	-0.563544
-0.903403	-0.562596
-0.957099	-0.569229
-1.022480	-0.574915
-1.057224	-0.579652
-1.089757	-0.572388
-1.135872	-0.576178
-1.162088	-0.575546
-1.201570	-0.578073
-1.228102	-0.578705
-1.194937	-0.583758
-1.140294	-0.584390
-1.104603	-0.595445
-1.114710	-0.589760
-1.149138	-0.596393
-1.204097	-0.593550
-1.207887	-0.594498
-1.185777	-0.588180
-1.181987	-0.592918
-1.173459	-0.597024
-1.206624	-0.593866
-1.211046	-0.595761
-1.211361	-0.598919
-1.203465	-0.598604
-1.189883	-0.595129
-1.199991	-0.599235
-1.207887	-0.590076
-1.217679	-0.597024
-1.203465	-0.595761
-1.161456	-0.597024
-1.173143	-0.593550
-1.217363	-0.598288
-1.276743	-0.598919
-1.283060	-0.594813
-1.214836	-0.590076
-1.147559	-0.594498
-1.101128	-0.593866
-1.125133	-0.589128
-1.185145	-0.586917
-1.188304	-0.588180
-1.161456	-0.595129
-1.114710	-0.591971
-1.104918	-0.588812
-1.133977	-0.586917
-1.133345	-0.582811
-1.099865	-0.582495
-1.018374	-0.581232
-0.910036	-0.582179
-0.885084	-0.576810
-0.909089	-0.573019
-0.955519	-0.571124
-0.984894	-0.574915
-0.976997	-0.568913
-1.000371	-0.564807
-1.035430	-0.562912
-1.085335	-0.564175
-1.097654	-0.561333
-1.042379	-0.555647
-0.979840	-0.551857
-0.895507	-0.548699
-0.871502	-0.542697
-0.876871	-0.546488
-0.869923	-0.542066
-0.862342	-0.542697
-0.771692	-0.543961
-0.718628	-0.539223
-0.700625	-0.537644
-0.744844	-0.531958
-0.753688	-0.525325
-0.675356	-0.519008
-0.597024	-0.527220
-0.517745	-0.515534
-0.492792	-0.516481
-0.482369	-0.506058
-0.476052	-0.507322
-0.476684	-0.501636
-0.443835	-0.501636
-0.442887	-0.497530
-0.434675	-0.495003
-0.398984	-0.494372
-0.348763	-0.486475
-0.273273	-0.479526
-0.219262	-0.480474
-0.234423	-0.477631
-0.280854	-0.476684
-0.362029	-0.473209
-0.367082	-0.474157
-0.337708	-0.460575
-0.314966	-0.462470
-0.315914	-0.464681
-0.339919	-0.459628
-0.312755	-0.453626
-0.254322	-0.452995
-0.178517	-0.448573
-0.117557	-0.446678
-0.116925	-0.442256
-0.138404	-0.444151
-0.135561	-0.447941
-0.094816	-0.440360
-0.024064	-0.433728
0.006575	-0.433728
-0.011114	-0.430253
-0.046174	-0.428674
-0.041120	-0.420777
0.023949	-0.423620
0.077967	-0.420146
0.079230	-0.422041
0.049852	-0.415724
0.015736	-0.418567
0.050800	-0.416356
0.111452	-0.408143
0.146200	-0.408143
0.154098	-0.410986
0.105134	-0.414776
0.061856	-0.402142
0.050168	-0.401826
0.072913	-0.404037
0.076703	-0.399931
0.062488	-0.403405
0.047009	-0.401826
0.044798	-0.398668
0.072913	-0.406880
0.117454	-0.397404
0.134196	-0.398352
0.126931	-0.398036
0.093762	-0.396141
0.095973	-0.397088
0.116822	-0.398036
0.139566	-0.398352
0.151886	-0.398036
0.126299	-0.404669
0.095657	-0.397404
0.119033	-0.396773
0.143041	-0.401195
0.154729	-0.398352
0.131353	-0.407196
0.084601	-0.405616
0.037216	-0.403090
0.033426	-0.406248
0.073860	-0.410670
0.086812	-0.404985
0.062488	-0.407827
0.045746	-0.408459
0.025212	-0.412565
0.057750	-0.409091
0.120297	-0.414145
0.142409	-0.417935
0.114295	-0.421409
0.047957	-0.412565
0.020474	-0.418882
-0.000059	-0.424568
0.004995	-0.430569
-0.011114	-0.430253
-0.060387	-0.430253
-0.113767	-0.431517
-0.130191	-0.424884
-0.093552	-0.435623
-0.064809	-0.441624
-0.098922	-0.441624
-0.168726	-0.444151
-0.242636	-0.442256
-0.249584	-0.452047
-0.197152	-0.455837
-0.181044	-0.451100
-0.199995	-0.469735
-0.238214	-0.460259
-0.265061	-0.464681
-0.256533	-0.467840
-0.230317	-0.474789
-0.226527	-0.472578
-0.298858	-0.475736
-0.374663	-0.478263
-0.424884	-0.476368
-0.428358	-0.490265
-0.391087	-0.488370
-0.408143	-0.494687
-0.444151	-0.492161
-0.508585	-0.493424
-0.555647	-0.498162
-0.549330	-0.501005
-0.550278	-0.511428
-0.623556	-0.510480
-0.738843	-0.506058
-0.859815	-0.513007
-0.875608	-0.519324
-0.794749	-0.520903
-0.742949	-0.528168
-0.746739	-0.525641
-0.783694	-0.531958
-0.799487	-0.530063
-0.750530	-0.537012
-0.697466	-0.536064
-0.698730	-0.543329
-0.765691	-0.545856
-0.846865	-0.547751
-0.899613	-0.557543
-0.873081	-0.556911
-0.811490	-0.555016
-0.800435	-0.559122
-0.850024	-0.562912
-0.945728	-0.563544
-1.031008	-0.565439
-1.049328	-0.568913
-1.058804	-0.571756
-1.116289	-0.566386
-1.230944	-0.576494
-1.332334	-0.574283
-1.316857	-0.580284
-1.209782	-0.584074
-1.108077	-0.582811
-1.092600	-0.585654
-1.151349	-0.584706
-1.194305	-0.594498
-1.156403	-0.586601
-1.072385	-0.589760
-1.078703	-0.588180
-1.132082	-0.593866
-1.190199	-0.591971
-1.231576	-0.593234
-1.177565	-0.588812
-1.148822	-0.595129
-1.192094	-0.595761
-1.248948	-0.590707
-1.286219	-0.595445
-1.254002	-0.598604
-1.179460	-0.596708
-1.134609	-0.600499
-1.169984	-0.597024
-1.248632	-0.597024
-1.302012	-0.597024
-1.284008	-0.596393
-1.232524	-0.595761
-1.195569	-0.592602
-1.262846	-0.584390
-1.351285	-0.595445
-1.451095	-0.593866
-1.461202	-0.593866
-1.354444	-0.593234
-1.284640	-0.593234
-1.271058	-0.587865
-1.274848	-0.586285
-1.274848	-0.586601
-1.150717	-0.586285
-1.011425	-0.585022
-0.928672	-0.579968
-0.917617	-0.582495
-0.998160	-0.579652
-1.046485	-0.585022
-1.045854	-0.577441
-1.064805	-0.574915
-1.125449	-0.564491
-1.188304	-0.569861
-1.213257	-0.565123
-1.195885	-0.565439
-1.128292	-0.563544
-1.075228	-0.566071
-1.082493	-0.560069
-1.102076	-0.558490
-1.107445	-0.555332
-0.998791	-0.550278
-0.853498	-0.547751
-0.778009	-0.547751
-0.762532	-0.541434
-0.805488	-0.541750
-0.788748	-0.541434
-0.735369	-0.537644
-0.685779	-0.531327
-0.704731	-0.529116
-0.752425	-0.525010
-0.767270	-0.519008
-0.724630	-0.517113
-0.635243	-0.518061
-0.572388	-0.508269
-0.571124	-0.506058
-0.591023	-0.509533
-0.612185	-0.507322
-0.554068	-0.499741
-0.448573	-0.495319
-0.431201	-0.497530
-0.465945	-0.489950
-0.523114	-0.491213
-0.567966	-0.494372
-0.495003	-0.481422
-0.390771	-0.481422
-0.328548	-0.475420
-0.337392	-0.469419
-0.357291	-0.466261
-0.338024	-0.470051
-0.272326	-0.459628
-0.225264	-0.460891
-0.200627	-0.453626
-0.205996	-0.451415
-0.225895	-0.452679
-0.209155	-0.447941
-0.140930	-0.442256
-0.092289	-0.445414
-0.080286	-0.442256
-0.097658	-0.446046
-0.118505	-0.436570
-0.118189	-0.434043
-0.084708	-0.431517
-0.077759	-0.429621
-0.081866	-0.427726
-0.107450	-0.425515
-0.097658	-0.418882
-0.031329	-0.421409
0.019526	-0.419830
0.050484	-0.418882
0.027108	-0.414776
0.015104	-0.410986
0.027108	-0.410986
0.044166	-0.408143
0.071649	-0.408775
0.071333	-0.401510
0.058697	-0.404669
0.037216	-0.408143
0.037532	-0.400563
0.097236	-0.402142
0.118086	-0.401195
0.123772	-0.398352
0.090603	-0.401195
0.068174	-0.396773
0.089655	-0.395509
0.140514	-0.396773
0.174315	-0.402142
0.162627	-0.394877
0.136723	-0.401195
0.135460	-0.396457
0.148096	-0.402774
0.160416	-0.397720
0.159468	-0.399931
0.122508	-0.397088
0.078915	-0.401195
0.047957	-0.399931
0.065963	-0.397088
0.075756	-0.396141
0.071649	-0.402458
0.051748	-0.400563
0.033742	-0.405932
0.049536	-0.404353
0.099764	-0.408459
0.123456	-0.404353
0.109872	-0.407196
0.080810	-0.404037
0.042587	-0.411302
0.049220	-0.412881
0.053011	-0.413829
0.044798	-0.411934
-0.000375	-0.410038
-0.081550	-0.422357
-0.130823	-0.424568
-0.133034	-0.423936
-0.087235	-0.427095
-0.089130	-0.429306
-0.127033	-0.430253
-0.178201	-0.434359
-0.206944	-0.432148
-0.135561	-0.440992
-0.089762	-0.443519
-0.083761	-0.445098
-0.117557	-0.443835
-0.176306	-0.450468
-0.174411	-0.452363
-0.138719	-0.453311
-0.127664	-0.460575
-0.173148	-0.458680
-0.249584	-0.462786
-0.307386	-0.471314
-0.336760	-0.470683
-0.308649	-0.472578
-0.313703	-0.471314
-0.351921	-0.482369
-0.413197	-0.475104
-0.461839	-0.482369
-0.458364	-0.486159
-0.422673	-0.483948
-0.441308	-0.495319
-0.519956	-0.494372
-0.623556	-0.500057
-0.667144	-0.498162
-0.609659	-0.508269
-0.573019	-0.509217
-0.597024	-0.523746
-0.708205	-0.518061
-0.801698	-0.518377
-0.818123	-0.522799
-0.769797	-0.530063
-0.748635	-0.529116
-0.776746	-0.536064
-0.835810	-0.528800
-0.883504	-0.537012
-0.879082	-0.542697
-0.790327	-0.541434
-0.735369	-0.541434
-0.772955	-0.547119
-0.858868	-0.554068
-0.953624	-0.554068
-0.971628	-0.557858
-0.965942	-0.562912
-0.984894	-0.564807
-1.026587	-0.564175
-1.067332	-0.564807
-1.056909	-0.568597
-0.991527	-0.571124
-0.973207	-0.573967
-1.039221	-0.576178
-1.173775	-0.574283
-1.255265	-0.580600
-1.237577	-0.577757
-1.103339	-0.580916
-1.003529	-0.584390
-0.999423	-0.585338
-1.032272	-0.584390
-1.070490	-0.585338
-1.103655	-0.593234
-1.038905	-0.593234
-1.047433	-0.591023
-1.120711	-0.592602
-1.216731	-0.594182
-1.284640	-0.593550
-1.265373	-0.597340
-1.226207	-0.596708
-1.204413	-0.596708
-1.205992	-0.596393
-1.262214	-0.598288
-1.319068	-0.597340
-1.322226	-0.596708
-1.300748	-0.595761
-1.306750	-0.593234
-1.342441	-0.595761
-1.349074	-0.597972
-1.291273	-0.599235
-1.138399	-0.600499
-1.032904	-0.594182
-1.041748	-0.592602
-1.106814	-0.594182
