# Configuration automatically generated by WRITE_CONFIG()
connection eth
ip 192.168.0.10
samplehz 1000.000000
settleus 10.000000
nsample 128

# Analog Inputs
aichannel 0
ainegative 199
airange 10.000000
airesolution 0

aichannel 1
ainegative 199
airange 10.000000
airesolution 0

# Analog Outputs
aochannel 0
aosignal sine
aofrequency 5.000000
aoamplitude 0.250000
aooffset 1.250000
aoduty 0.500000

# Meta Parameters
int:periods 10
flt:plate_Thigh_C 364.741689
flt:plate_Tlow_C 189.215477
flt:plate_Q_kW 1.073083
flt:plate_Tpeak_C 1183.892603
flt:cool_Thigh_C 77.606104
flt:cool_Tlow_C 21.675577
flt:air_psig 70.000000
flt:water_gph 2.200000
flt:cool_Q_kW 0.000000
flt:standoff_in 0.500000
flt:oxygen_scfh 12.129250
flt:fuel_scfh 7.874906
flt:flow_scfh 20.004156
flt:ratio_fto 0.649249

## End Configuration ##
#: Thu Jul 21 19:03:27 2016
-6.865474	-1.978888
-6.284933	-1.874656
-6.242925	-1.881289
-6.195862	-1.819066
-6.159223	-1.814960
-6.120057	-1.814960
-6.082155	-1.827594
-6.039198	-1.819381
-6.005086	-1.790007
-5.968763	-1.774530
-5.922016	-1.755579
-5.883798	-1.757474
-5.853160	-1.778320
-5.811152	-1.767265
-5.782093	-1.749893
-5.740400	-1.744208
-5.715447	-1.762528
-5.673439	-1.774530
-5.640590	-1.764423
-5.613111	-1.780847
-5.573313	-1.746419
-5.542359	-1.711991
-5.507615	-1.722730
-5.480452	-1.722098
-5.450761	-1.732522
-5.419176	-1.699988
-5.392960	-1.682301
-5.367692	-1.681037
-5.334211	-1.651663
-5.315576	-1.692092
-5.279884	-1.698093
-5.269461	-1.668087
-5.243876	-1.670930
-5.218608	-1.652926
-5.205342	-1.672193
-5.179126	-1.670298
-5.163018	-1.637449
-5.152595	-1.633975
-5.121641	-1.579964
-5.123220	-1.604916
-5.092898	-1.597336
-5.080895	-1.594809
-5.074263	-1.611233
-5.063524	-1.592914
-5.058154	-1.590071
-5.042993	-1.615339
-5.040466	-1.611865
-5.030043	-1.642503
-5.025305	-1.597020
-5.037940	-1.586281
-5.025937	-1.594493
-5.021515	-1.599231
-5.023094	-1.618814
-5.033202	-1.622920
-5.031622	-1.619761
-5.030359	-1.593861
-5.045520	-1.590071
-5.048995	-1.614708
-5.054364	-1.600494
-5.066051	-1.616287
-5.071736	-1.621025
-5.083423	-1.600810
-5.097952	-1.612813
-5.113429	-1.619130
-5.136486	-1.649136
-5.139013	-1.648504
-5.165229	-1.633027
-5.195867	-1.657348
-5.194919	-1.655769
-5.218608	-1.665876
-5.242613	-1.698093
-5.264723	-1.679458
-5.286833	-1.686407
-5.306416	-1.648820
-5.348109	-1.674404
-5.360111	-1.685459
-5.382221	-1.657032
-5.424230	-1.694303
-5.451077	-1.692724
-5.475714	-1.667771
-5.511721	-1.698093
-5.543939	-1.687670
-5.581841	-1.713886
-5.600792	-1.712623
-5.642801	-1.707885
-5.678808	-1.742945
-5.703761	-1.745471
-5.748928	-1.754315
-5.773565	-1.752420
-5.821575	-1.741681
-5.859477	-1.753684
-5.886957	-1.755263
-5.928018	-1.778320
-5.951075	-1.784322
-6.009192	-1.769476
-6.043621	-1.796008
-6.074258	-1.776741
-6.122584	-1.808011
-6.154801	-1.821277
-6.200284	-1.828225
-6.235344	-1.852230
-6.283038	-1.853494
-6.324099	-1.874340
-6.346209	-1.887922
-6.398009	-1.872761
-6.430858	-1.887922
-6.472551	-1.844018
-6.524035	-1.860758
-6.544566	-1.866760
-6.583732	-1.867076
-6.629530	-1.893291
-6.654483	-1.882868
-6.700914	-1.888238
-6.733447	-1.897713
-6.776719	-1.889501
-6.813042	-1.914454
-6.835783	-1.888554
-6.883162	-1.909400
-6.914115	-1.930246
-6.950439	-1.952672
-6.990868	-1.980467
-7.006345	-1.983626
-7.050880	-1.982994
-7.065726	-1.977309
-7.099206	-1.962148
-7.141531	-2.007631
-7.159219	-2.025950
-7.183224	-2.011105
-7.218599	-2.028161
-7.237866	-2.007315
-7.270715	-2.013632
-7.285561	-2.024371
-7.314935	-2.046481
-7.337045	-2.052166
-7.340203	-2.021213
-7.374000	-2.022792
-7.390108	-2.058167
-7.412534	-2.064801
-7.421062	-2.080909
-7.435907	-2.077750
-7.452648	-2.061326
-7.462755	-2.015843
-7.482654	-2.036058
-7.486444	-2.068591
-7.491498	-2.044270
-7.512976	-2.049008
-7.500341	-2.035110
-7.514239	-2.032268
-7.517398	-2.063221
-7.525610	-2.073644
-7.532875	-2.093227
-7.517714	-2.060379
-7.518029	-2.025319
-7.524662	-2.064485
-7.512344	-2.057536
-7.523399	-2.098281
-7.506975	-2.099545
-7.499710	-2.073328
-7.497499	-2.068275
-7.478548	-2.051219
-7.484549	-2.081857
-7.465598	-2.100176
-7.452332	-2.069222
-7.441908	-2.065748
-7.413482	-2.016159
-7.410955	-2.018370
-7.393583	-2.053430
-7.366103	-2.033215
-7.353785	-2.024055
-7.330412	-2.001630
-7.316830	-2.004156
-7.291246	-2.022160
-7.269452	-2.031320
-7.247026	-2.055641
-7.210703	-2.014580
-7.192699	-1.986469
-7.158903	-1.986784
-7.132055	-1.996576
-7.105207	-2.019317
-7.068253	-1.994365
-7.047406	-1.981415
-7.007293	-1.970992
-6.979182	-1.968465
-6.954229	-1.999103
-6.909378	-1.984573
-6.875581	-1.961832
-6.846523	-1.944776
-6.812095	-1.914770
-6.775771	-1.928667
-6.728077	-1.923298
-6.710389	-1.949829
-6.656378	-1.937827
-6.620055	-1.886659
-6.597629	-1.890765
-6.542671	-1.899293
-6.508558	-1.903083
-6.475078	-1.907189
-6.428963	-1.869918
-6.397377	-1.892344
-6.348736	-1.870234
-6.319046	-1.873393
-6.289987	-1.907189
-6.228079	-1.864233
-6.209128	-1.812749
-6.156696	-1.805800
-6.122268	-1.790955
-6.082786	-1.800430
-6.041725	-1.796640
-6.010771	-1.797272
-5.956129	-1.770424
-5.923912	-1.740418
-5.893905	-1.765686
-5.848738	-1.766002
-5.821890	-1.774530
-5.780829	-1.762212
-5.740400	-1.738523
-5.704392	-1.749262
-5.674702	-1.741050
-5.650697	-1.772951
-5.602687	-1.780531
-5.568891	-1.739470
-5.551835	-1.747051
-5.507615	-1.697462
-5.482663	-1.718940
-5.451709	-1.714834
-5.428336	-1.704410
-5.389170	-1.700936
-5.356321	-1.658612
-5.350319	-1.670298
-5.303889	-1.681985
-5.283990	-1.660191
-5.269461	-1.679458
-5.238823	-1.641555
-5.222083	-1.636186
-5.199025	-1.644714
-5.181337	-1.633659
-5.175020	-1.658296
-5.141540	-1.621657
-5.132696	-1.616287
-5.111534	-1.622288
-5.089424	-1.603969
-5.091319	-1.640292
-5.069525	-1.641240
-5.064156	-1.625131
-5.056259	-1.609022
-5.046152	-1.591334
-5.052469	-1.605548
-5.028780	-1.590071
-5.039834	-1.598599
-5.025305	-1.623552
-5.024042	-1.601126
-5.027832	-1.622288
-5.016461	-1.647557
-5.029411	-1.645030
-5.029096	-1.634291
-5.036676	-1.599231
-5.043941	-1.591334
-5.046467	-1.579648
-5.058786	-1.603653
-5.068893	-1.639344
-5.066998	-1.632711
-5.089424	-1.632396
-5.094793	-1.631448
-5.116903	-1.647557
-5.127010	-1.633975
-5.150700	-1.623236
-5.171230	-1.645030
-5.169967	-1.622604
-5.198393	-1.625763
-5.227452	-1.677879
-5.241034	-1.665876
-5.264407	-1.668087
-5.284306	-1.645030
-5.314944	-1.638713
-5.337369	-1.644082
-5.356321	-1.637765
-5.397698	-1.672825
-5.423282	-1.686723
-5.446340	-1.665876
-5.486453	-1.711043
-5.511721	-1.697462
-5.543939	-1.719571
-5.566680	-1.719571
-5.611847	-1.713254
-5.643433	-1.734101
-5.672175	-1.729995
-5.711973	-1.740102
-5.742927	-1.771056
-5.777987	-1.746103
-5.824417	-1.767581
-5.845580	-1.754947
-5.895801	-1.758106
-5.924227	-1.767581
-5.959287	-1.769792
-6.008245	-1.783690
-6.034461	-1.765370
-6.087208	-1.774530
-6.120057	-1.805800
-6.156381	-1.813380
-6.202495	-1.832647
-6.235660	-1.830436
-6.280511	-1.837069
-6.311149	-1.846545
-6.351263	-1.841175
-6.405906	-1.876867
-6.424225	-1.848124
-6.483606	-1.866128
-6.507926	-1.869918
-6.541407	-1.865496
-6.594787	-1.888238
-6.625424	-1.882236
-6.666170	-1.876551
-6.698703	-1.897082
-6.740080	-1.874024
-6.775455	-1.931826
-6.798513	-1.923298
-6.855998	-1.941301
-6.876213	-1.977940
-6.906535	-1.944776
-6.952018	-1.953936
-6.973496	-1.985521
-7.012662	-1.970360
-7.037299	-1.991838
-7.068884	-1.961516
-7.109945	-1.990891
-7.124159	-1.989311
-7.156060	-1.995628
-7.192699	-2.024371
-7.212282	-2.013632
-7.246078	-2.017738
-7.267557	-2.175034
-7.290298	-2.056588
-7.307039	-2.058799
-7.326937	-2.041111
-7.359470	-2.036690
-7.368630	-2.043322
-7.384739	-2.031636
-7.409060	-2.056904
-7.425800	-2.061326
-7.434328	-2.056273
-7.447278	-2.031636
-7.468124	-2.024371
-7.479495	-2.050271
-7.476968	-2.038584
-7.501605	-2.065116
-7.504447	-2.071433
-7.509185	-2.047428
-7.514239	-2.067011
-7.520240	-2.070170
-7.526874	-2.101755
-7.518029	-2.079014
-7.525294	-2.045849
-7.530032	-2.055641
-7.517398	-2.028161
-7.528769	-2.054377
-7.508870	-2.103966
-7.507922	-2.084699
-7.505395	-2.084068
-7.490866	-2.048692
-7.488023	-2.043954
-7.478232	-2.065116
-7.458017	-2.039848
-7.463071	-2.063537
-7.426747	-2.027214
-7.429906	-2.012053
-7.401479	-2.043954
-7.382843	-2.035742
-7.369262	-2.050903
-7.346205	-2.034478
-7.335465	-1.997208
-7.310829	-1.996892
-7.279243	-2.002261
-7.276401	-2.033847
-7.239446	-2.030056
-7.213861	-2.027214
-7.189857	-2.020265
-7.156692	-2.000682
-7.132371	-2.021213
-7.102365	-2.029741
-7.077096	-2.032583
-7.034140	-2.011105
-7.011399	-1.975098
-6.982656	-2.003209
-6.941279	-2.008262
-6.917906	-2.019949
-6.875897	-2.013316
-6.845259	-1.955199
-6.804830	-1.929615
-6.768822	-1.904978
-6.742290	-1.921087
-6.698071	-1.934984
-6.653220	-1.895187
-6.642797	-1.897082
-6.588785	-1.879394
-6.536985	-1.864865
-6.515507	-1.883184
-6.471919	-1.877499
-6.435280	-1.875919
-6.388217	-1.841491
-6.355685	-1.833595
-6.317782	-1.870550
-6.268509	-1.854125
-6.240082	-1.854441
-6.197125	-1.844018
-6.161118	-1.794113
-6.125742	-1.823172
-6.071415	-1.819381
-6.046779	-1.819697
-6.000664	-1.810538
-5.958972	-1.773583
-5.938441	-1.775478
-5.880323	-1.777057
-5.852844	-1.769476
-5.817469	-1.804536
-5.778934	-1.771056
-5.743558	-1.754631
-5.703445	-1.752104
-5.686705	-1.747682
-5.637115	-1.739470
-5.607110	-1.726836
-5.580577	-1.725573
-5.535410	-1.700620
-5.519618	-1.686091
-5.481399	-1.698725
-5.450446	-1.699673
-5.425809	-1.712307
-5.383800	-1.669982
-5.369587	-1.654190
-5.339896	-1.661454
-5.306732	-1.642187
-5.289676	-1.693671
-5.248299	-1.679774
-5.255248	-1.673773
-5.218924	-1.672193
-5.193656	-1.653242
-5.190813	-1.676299
-5.154806	-1.669982
-5.145330	-1.647557
-5.124799	-1.644398
-5.111217	-1.596388
-5.107111	-1.628921
-5.077106	-1.621657
-5.073947	-1.623552
-5.070157	-1.636818
-5.047415	-1.612181
-5.052153	-1.610602
-5.032254	-1.622920
-5.036992	-1.615971
-5.029096	-1.635554
-5.022462	-1.589755
-5.036676	-1.602705
-5.024042	-1.621972
-5.024358	-1.615024
-5.036676	-1.637765
-5.030359	-1.627974
-5.036676	-1.628289
-5.035413	-1.609654
-5.052469	-1.614392
-5.053732	-1.643450
-5.059733	-1.620077
-5.076474	-1.622288
-5.091003	-1.626710
-5.088161	-1.620077
-5.113429	-1.634607
-5.127010	-1.639976
-5.151647	-1.668087
-5.151647	-1.646293
-5.184496	-1.633975
-5.210396	-1.652294
-5.210712	-1.645977
-5.245772	-1.630500
-5.255248	-1.654190
-5.289676	-1.630816
-5.312733	-1.633659
-5.336422	-1.609338
-5.373061	-1.652926
-5.391381	-1.685775
-5.412227	-1.660191
-5.453604	-1.682301
-5.475082	-1.665876
-5.514564	-1.680721
-5.540148	-1.712939
-5.576787	-1.732837
-5.616901	-1.740418
-5.628587	-1.729047
-5.673439	-1.729363
-5.713868	-1.769792
-5.729029	-1.751789
-5.784304	-1.775478
-5.810520	-1.766318
-5.857898	-1.753368
-5.892642	-1.755895
-5.923912	-1.776425
-5.971290	-1.798851
-5.996874	-1.801378
-6.046779	-1.779900
-6.076469	-1.808327
-6.118478	-1.779900
-6.162066	-1.802325
-6.198705	-1.814960
-6.233765	-1.835490
-6.281459	-1.850967
-6.315255	-1.847808
-6.359475	-1.873077
-6.386954	-1.882552
-6.439070	-1.880026
-6.476025	-1.879394
-6.510769	-1.864549
-6.553410	-1.883816
-6.587522	-1.897398
-6.628583	-1.906557
-6.664907	-1.920771
-6.696176	-1.891080
-6.742290	-1.925193
-6.763453	-1.898029
-6.811779	-1.912243
-6.842417	-1.958989
-6.874949	-1.935300
-6.913168	-1.921718
-6.948228	-1.954883
-6.975707	-1.935932
-7.008240	-1.965306
-7.035404	-1.955515
-7.078360	-1.986784
-7.092889	-1.968781
-7.134582	-1.950461
-7.167431	-1.987732
-7.181328	-1.998155
-7.218915	-1.991206
-7.243868	-2.007947
-7.268188	-1.990575
-7.290930	-2.019633
-7.307670	-2.010158
-7.337992	-2.021528
-7.346836	-2.029425
-7.366735	-2.010473
-7.396425	-2.013948
-7.406533	-2.037321
-7.423273	-2.055009
-7.434644	-2.055641
-7.455490	-2.050903
-7.464650	-2.039216
-7.477916	-2.021844
-7.489603	-2.042375
-7.498446	-2.065748
-7.495920	-2.032899
-7.518029	-2.042375
-7.514239	-2.026582
-7.524031	-2.035742
-7.515502	-2.038584
-7.535401	-2.030372
-7.534138	-2.051535
-7.518029	-2.026582
-7.521504	-2.027530
-7.523083	-2.068275
-7.508554	-2.049955
-7.513923	-2.068907
-7.504132	-2.051535
-7.500341	-2.038269
-7.484865	-2.040796
-7.471915	-2.033531
-7.477916	-2.061326
-7.446014	-2.061958
-7.437171	-2.027214
-7.421694	-2.046481
-7.399900	-2.013316
-7.393583	-2.046481
-7.365788	-2.062905
-7.350626	-2.037953
-7.333570	-2.016475
-7.298195	-1.984573
-7.303248	-2.002577
-7.257765	-2.021528
-7.241341	-2.019317
-7.219547	-2.044586
-7.187014	-2.006683
-7.163640	-1.973834
-7.132055	-1.989627
-7.102049	-1.982047
-7.070779	-1.998155
-7.036667	-1.964359
-7.018032	-1.970360
-6.972233	-1.949829
-6.947912	-1.939090
-6.916327	-1.964043
-6.882530	-1.936879
-6.850629	-1.919823
-6.802619	-1.895818
-6.774824	-1.901819
-6.731236	-1.924877
-6.694912	-1.913506
-6.673119	-1.935616
-6.623529	-1.910348
-6.584047	-1.868339
-6.547092	-1.900556
-6.509190	-1.893291
-6.478868	-1.907821
-6.425173	-1.897713
-6.401168	-1.875919
-6.350631	-1.892976
-6.306411	-1.870866
-6.283354	-1.868339
-6.242609	-1.902135
-6.192704	-1.845597
-6.163645	-1.814644
-6.112792	-1.790955
-6.082155	-1.792850
-6.034145	-1.811801
-6.004455	-1.806747
-5.967815	-1.813064
-5.928018	-1.790323
-5.888220	-1.756842
-5.861056	-1.787796
-5.812415	-1.771687
-5.780198	-1.766318
-5.739768	-1.738523
-5.708815	-1.733785
-5.675334	-1.742629
-5.632378	-1.739154
-5.612163	-1.764107
-5.574892	-1.751789
-5.535726	-1.693987
-5.511089	-1.690513
-5.480136	-1.675984
-5.450761	-1.705042
-5.415386	-1.701884
-5.399277	-1.695882
-5.366112	-1.693356
-5.330421	-1.663981
-5.320313	-1.681985
-5.280200	-1.673141
-5.264407	-1.662086
-5.241666	-1.670614
-5.213554	-1.636502
-5.202184	-1.655769
-5.180074	-1.654190
-5.165229	-1.654821
-5.149752	-1.688618
-5.120693	-1.629237
-5.125115	-1.635870
-5.089740	-1.612497
-5.082475	-1.597967
-5.077421	-1.635554
-5.066366	-1.635554
-5.058154	-1.604285
-5.046152	-1.596388
-5.039203	-1.586597
-5.045204	-1.626078
-5.026569	-1.604285
-5.035728	-1.621657
-5.019620	-1.628605
-5.019304	-1.597652
-5.024990	-1.626394
-5.031938	-1.640292
-5.025305	-1.635238
-5.029727	-1.632711
-5.046783	-1.604916
-5.050889	-1.612497
-5.047099	-1.614076
-5.071736	-1.610917
-5.076158	-1.627974
-5.079632	-1.620393
-5.100479	-1.616919
-5.113745	-1.621341
-5.133959	-1.645661
-5.142171	-1.648188
-5.167440	-1.641240
-5.187654	-1.651347
-5.193972	-1.630185
-5.222714	-1.637449
-5.243561	-1.667140
-5.259669	-1.652610
-5.285885	-1.657980
-5.307995	-1.629237
-5.346845	-1.639344
-5.356637	-1.660823
-5.388222	-1.646925
-5.430231	-1.684512
-5.442865	-1.692724
-5.479504	-1.675984
-5.518670	-1.704410
-5.531620	-1.687354
-5.579314	-1.721151
-5.603635	-1.713886
-5.642801	-1.709464
-5.680387	-1.726836
-5.701234	-1.724625
-5.753034	-1.729047
-5.778303	-1.761264
-5.813994	-1.754631
-5.856003	-1.769476
-5.887904	-1.748630
-5.929913	-1.769476
-5.959603	-1.790007
-6.007297	-1.783690
-6.048990	-1.802641
-6.072679	-1.793166
-6.126690	-1.800114
-6.157328	-1.808958
-6.200916	-1.809274
-6.236608	-1.826962
-6.286829	-1.821277
-6.315255	-1.832016
-6.344945	-1.832016
-6.398641	-1.844650
-6.432437	-1.881289
-6.468129	-1.861706
-6.518350	-1.880657
-6.544881	-1.878130
-6.581837	-1.875919
-6.627635	-1.904031
-6.663959	-1.906557
-6.701861	-1.925193
-6.727129	-1.930246
-6.775455	-1.925509
-6.813674	-1.956462
-6.835152	-1.928035
-6.880003	-1.940038
-6.920748	-1.967517
-6.946964	-1.946987
-6.982656	-1.979520
-7.007924	-1.976045
-7.048669	-2.003209
-7.065726	-1.999103
-7.100786	-1.969412
-7.140899	-2.013000
-7.157955	-2.027214
-7.184487	-2.004156
-7.224916	-2.018370
-7.240709	-2.018370
-7.271031	-2.014895
-7.284297	-1.995944
-7.313355	-2.013948
-7.329464	-2.033215
-7.345889	-2.005736
-7.373684	-2.018370
-7.390108	-2.031004
-7.396110	-2.022792
-7.429590	-2.041743
-7.435907	-2.050903
-7.456754	-2.053746
-7.463387	-2.025635
-7.481706	-2.031636
-7.486444	-2.064169
-7.489603	-2.051219
-7.509185	-2.049639
-7.509501	-2.047744
-7.512976	-2.033531
-7.518661	-2.079330
-7.522136	-2.058799
-7.532875	-2.085963
-7.522767	-2.067011
-7.527821	-2.022160
-7.525926	-2.037953
-7.512660	-2.007947
-7.520556	-2.033531
-7.502553	-2.055641
-7.503816	-2.044902
-7.498446	-2.052482
-7.479495	-2.028793
-7.485180	-2.060379
-7.465913	-2.077119
-7.451700	-2.053430
-7.439066	-2.085331
-7.409376	-2.034794
-7.409060	-2.042375
-7.387897	-2.062274
-7.367999	-2.056904
-7.351258	-2.057852
-7.331675	-2.019001
-7.317778	-1.987416
-7.286508	-1.999419
-7.269768	-1.999734
-7.247026	-2.030372
-7.211650	-2.002261
-7.188593	-1.977940
-7.163325	-1.971939
-7.131739	-1.981731
-7.102996	-2.001945
-7.065726	-2.009842
-7.046459	-2.022476
-7.008872	-2.000050
-6.976971	-1.978572
-6.950123	-2.005420
-6.908430	-2.000682
-6.880003	-1.984889
-6.848102	-1.964990
-6.809884	-1.918244
-6.776719	-1.926456
-6.729972	-1.904662
-6.707862	-1.947618
-6.662695	-1.952988
-6.620371	-1.899293
-6.598261	-1.894871
-6.547092	-1.892028
-6.512033	-1.886659
-6.473183	-1.912559
-6.430858	-1.883500
-6.390113	-1.884763
-6.349683	-1.827910
-6.325994	-1.820645
-6.283986	-1.869602
-6.226184	-1.849072
-6.201548	-1.834543
-6.159223	-1.808011
-6.122584	-1.768213
-6.078364	-1.786533
-6.045199	-1.794429
-6.012982	-1.806431
-5.957708	-1.789375
-5.925491	-1.742945
-5.899275	-1.756526
-5.849054	-1.755579
-5.817784	-1.768213
-5.778934	-1.779900
-5.739768	-1.758106
-5.705340	-1.746735
-5.676597	-1.751157
-5.643117	-1.768213
-5.608057	-1.792218
-5.566364	-1.758106
-5.545518	-1.745787
-5.501298	-1.712623
-5.489612	-1.697146
-5.444444	-1.696830
-5.420439	-1.694935
-5.391696	-1.693356
-5.362322	-1.651347
-5.347793	-1.644714
-5.308943	-1.677247
-5.286201	-1.660191
-5.268513	-1.686723
-5.238823	-1.658927
-5.220819	-1.634607
-5.209448	-1.639029
-5.180390	-1.627974
-5.167440	-1.671562
-5.138065	-1.656085
-5.140276	-1.647557
-5.110902	-1.637765
-5.095425	-1.606495
-5.092582	-1.656401
-5.066998	-1.653558
-5.065735	-1.627974
-5.054996	-1.637449
-5.045520	-1.607443
-5.049626	-1.632396
-5.030359	-1.630185
-5.042046	-1.637449
-5.030043	-1.658927
-5.016146	-1.605232
-5.028464	-1.613444
-5.026885	-1.632080
-5.024042	-1.622604
-5.031306	-1.642187
-5.041098	-1.618498
-5.046152	-1.619446
-5.039834	-1.595756
-5.055627	-1.613128
-5.068262	-1.645030
-5.068262	-1.628605
-5.079317	-1.610602
-5.097636	-1.602074
-5.116271	-1.600810
-5.120693	-1.616603
-5.150700	-1.628289
-5.169335	-1.668403
-5.175020	-1.657980
-5.204395	-1.649136
-5.219556	-1.684196
-5.232506	-1.684827
-5.259985	-1.703779
-5.284938	-1.687354
-5.314628	-1.669666
-5.329157	-1.672825
-5.361059	-1.655453
-5.392328	-1.692408
-5.417281	-1.714202
-5.449498	-1.688933
-5.485821	-1.713254
-5.504141	-1.680405
-5.545518	-1.707569
-5.568259	-1.708201
-5.603003	-1.708832
-5.641222	-1.734733
-5.667753	-1.699357
-5.706604	-1.704726
-5.740400	-1.760317
-5.776407	-1.735364
-5.822206	-1.772003
-5.847475	-1.755263
-5.893589	-1.751157
-5.926438	-1.770424
-5.961498	-1.783374
-6.009508	-1.814644
-6.038883	-1.818750
-6.084682	-1.808327
-6.121321	-1.828225
-6.153222	-1.797588
-6.204074	-1.827594
-6.233765	-1.841807
-6.280511	-1.853178
-6.315887	-1.856021
-6.344630	-1.851283
-6.395483	-1.888554
-6.426436	-1.870866
-6.479184	-1.876867
-6.506663	-1.875604
-6.546145	-1.846229
-6.594155	-1.860443
-6.624477	-1.867707
-6.666170	-1.881921
-6.702809	-1.894555
-6.732815	-1.876867
-6.776403	-1.908453
-6.800408	-1.893923
-6.850945	-1.920139
-6.884109	-1.967833
-6.910641	-1.958357
-6.953598	-1.966254
-6.983288	-1.969097
-7.022138	-1.980783
-7.042037	-2.011421
-7.070464	-1.976993
-7.111525	-1.998787
-7.123211	-1.996892
-7.154165	-1.976677
-7.193647	-2.010158
-7.212914	-2.025319
-7.248290	-2.021528
-7.266609	-2.013000
-7.290614	-2.002893
-7.308302	-2.018054
-7.329780	-1.999734
-7.358839	-2.004472
-7.371157	-2.025003
-7.380317	-2.000682
-7.413166	-2.025003
-7.421694	-2.042059
-7.436539	-2.044270
-7.456122	-2.034794
-7.470335	-2.015843
-7.480759	-2.012369
-7.476968	-2.002893
-7.497499	-2.019949
-7.509185	-2.063221
-7.507922	-2.049955
-7.511713	-2.072697
-7.524031	-2.062274
-7.527189	-2.077435
-7.522767	-2.077435
-7.530032	-2.048060
-7.532559	-2.056273
-7.516450	-2.017107
-7.524978	-2.016791
-7.509817	-2.048060
-7.507290	-2.036374
-7.508238	-2.058799
-7.494656	-2.034478
-7.488655	-2.038584
-7.475705	-2.070486
-7.460860	-2.064485
-7.467493	-2.103335
-7.424221	-2.086279
-7.436223	-2.070802
-7.409060	-2.086594
-7.383791	-2.057220
-7.374000	-2.072697
-7.348732	-2.079014
-7.331044	-2.029109
-7.319989	-1.997839
-7.282402	-1.949829
-7.268820	-1.992154
-7.235655	-2.001945
-7.219863	-1.996576
-7.192068	-2.015211
-7.160482	-1.993101
-7.133318	-1.970676
-7.101733	-1.984573
-7.069200	-2.008262
-7.038246	-2.001630
-7.008872	-1.973518
-6.987394	-1.977625
-6.945385	-1.974150
-6.910009	-1.965306
-6.870212	-1.987100
-6.844312	-1.985837
-6.814937	-1.964043
-6.763137	-1.926140
-6.730604	-1.933405
-6.699335	-1.946987
-6.658273	-1.924245
-6.633636	-1.933721
-6.594787	-1.924877
-6.543934	-1.882868
-6.512980	-1.914770
-6.475393	-1.905926
-6.435596	-1.910663
-6.383796	-1.879078
-6.353158	-1.845597
-6.320309	-1.861390
-6.271036	-1.842755
-6.238187	-1.848756
-6.205338	-1.876551
-6.147852	-1.825383
-6.113424	-1.817486
-6.080891	-1.787796
-6.050885	-1.814328
-5.998769	-1.839912
-5.958655	-1.806116
-5.934650	-1.812117
-5.885693	-1.786848
-5.854739	-1.754315
-5.818732	-1.782111
-5.776723	-1.769476
-5.748928	-1.774214
-5.702497	-1.758106
-5.685125	-1.762528
-5.643748	-1.763791
-5.606478	-1.741681
-5.580262	-1.746735
-5.537305	-1.723046
-5.515512	-1.685775
-5.482663	-1.696198
-5.447287	-1.688302
-5.423598	-1.705674
-5.385064	-1.702199
-5.367692	-1.686407
-5.339896	-1.686407
-5.304521	-1.649136
-5.293782	-1.679142
-5.252720	-1.670298
-5.243561	-1.674720
-5.219240	-1.667140
-5.196183	-1.644398
-5.192077	-1.665876
-5.164281	-1.665244
-5.149120	-1.656401
-5.122904	-1.672825
-5.114376	-1.609022
-5.100479	-1.627342
-5.079000	-1.615024
-5.076158	-1.603337
-5.069841	-1.632396
-5.049310	-1.604600
-5.057522	-1.595125
-5.041098	-1.586281
-5.038571	-1.577437
-5.024673	-1.632396
-5.024042	-1.607127
-5.029096	-1.619130
-5.024042	-1.629237
-5.021199	-1.604285
-5.027200	-1.627658
-5.022779	-1.627974
-5.037940	-1.640924
-5.040782	-1.609654
-5.051205	-1.592282
-5.056259	-1.606811
-5.060681	-1.610286
-5.073315	-1.606180
-5.088792	-1.626394
-5.090371	-1.615024
-5.117219	-1.614392
-5.129537	-1.603021
-5.148489	-1.639344
-5.165545	-1.645661
-5.183548	-1.627026
-5.207553	-1.649136
-5.215765	-1.642187
-5.245456	-1.645030
-5.259037	-1.669982
-5.289991	-1.658927
-5.307995	-1.660823
-5.339896	-1.647241
-5.372429	-1.685459
-5.386327	-1.703463
-5.410332	-1.685143
-5.462764	-1.705990
-5.478872	-1.700620
-5.512353	-1.688618
-5.540148	-1.720835
-5.574261	-1.730310
-5.606793	-1.756211
-5.631746	-1.752104
-5.684494	-1.721467
-5.710078	-1.758422
-5.729977	-1.748314
-5.796622	-1.772951
-5.812415	-1.778320
-5.857266	-1.757790
-5.889799	-1.767581
-5.916015	-1.760317
-5.968763	-1.783690
-6.001296	-1.806747
-6.042357	-1.793481
-6.080575	-1.816223
-6.120057	-1.788112
-6.162066	-1.798219
-6.195862	-1.827278
-6.236923	-1.826962
-6.279564	-1.844018
-6.312097	-1.838017
-6.360738	-1.862338
-6.390745	-1.869918
-6.435596	-1.881921
-6.473183	-1.927404
-6.510453	-1.893923
-6.552146	-1.892028
-6.588154	-1.891080
-6.623845	-1.888554
-6.662695	-1.913190
-6.693649	-1.899608
-6.744817	-1.926772
-6.766612	-1.903715
-6.812410	-1.912874
-6.849050	-1.954251
-6.867369	-1.935300
-6.917274	-1.961516
-6.951386	-1.982678
-6.978550	-1.967201
-7.003502	-1.996576
-7.034772	-1.977940
-7.083414	-2.015843
-7.093837	-2.001945
-7.129529	-1.965306
-7.169958	-2.005104
-7.183224	-2.005420
-7.216704	-1.988680
-7.247974	-2.018370
-7.266609	-2.006367
-7.293773	-2.021528
-7.304512	-2.020897
-7.338624	-2.037321
-7.353469	-2.051219
-7.361681	-2.019633
-7.402742	-2.023108
-7.404006	-2.029109
-7.429906	-2.028793
-7.434960	-2.056273
-7.451068	-2.067327
-7.468124	-2.071433
-7.477600	-2.046481
-7.486128	-2.049955
-7.504132	-2.071118
-7.500341	-2.051219
-7.512344	-2.041111
-7.515502	-2.041427
-7.523083	-2.043006
-7.516450	-2.061010
-7.530663	-2.056273
-7.530663	-2.084699
-7.519293	-2.064485
-7.526242	-2.035426
-7.522451	-2.055957
-7.509185	-2.021844
-7.513292	-2.071433
-7.500026	-2.052798
-7.499710	-2.040480
-7.486444	-2.032899
-7.471915	-2.010473
-7.477600	-2.031952
-7.449805	-2.057852
-7.435907	-2.039216
-7.425800	-2.055641
-7.395162	-2.010158
-7.397057	-2.046797
-7.368946	-2.064801
-7.350626	-2.064169
-7.330728	-2.069854
-7.303248	-2.013316
-7.293141	-2.006367
-7.258397	-2.012369
-7.243868	-2.018054
-7.222074	-2.048692
-7.179118	-2.019633
-7.163640	-1.983942
-7.134582	-1.981099
-7.099206	-1.972255
-7.072674	-1.991838
-7.032561	-1.978888
-7.015505	-1.976361
-6.974128	-1.949198
-6.940331	-1.932142
-6.916642	-1.957726
-6.872423	-1.965938
-6.851892	-1.952672
-6.810515	-1.938143
-6.769770	-1.902767
-6.735973	-1.907821
-6.697755	-1.904031
-6.674382	-1.924561
-6.624477	-1.929931
-6.582468	-1.893291
-6.558147	-1.892660
-6.509190	-1.887290
-6.475393	-1.889501
-6.430858	-1.897713
-6.400536	-1.874656
-6.352842	-1.874656
-6.308938	-1.844018
-6.278932	-1.841491
-6.240714	-1.876867
-6.190809	-1.869602
-6.163961	-1.857284
-6.115951	-1.806431
-6.077733	-1.795061
-6.046147	-1.795692
-6.004455	-1.797272
-5.969395	-1.828857
-5.920121	-1.813696
-5.886641	-1.756842
-5.860109	-1.770424
-5.809256	-1.749262
-5.789042	-1.764739
-5.743875	-1.751157
-5.706919	-1.731258
-5.671544	-1.734417
-5.639958	-1.715781
-5.614058	-1.741050
-5.572681	-1.754315
-5.537305	-1.732522
-5.519618	-1.728415
-5.475714	-1.688618
-5.450446	-1.685459
-5.417281	-1.686091
-5.391381	-1.689881
-5.365165	-1.691145
-5.335790	-1.651031
-5.319050	-1.662086
-5.283042	-1.672509
-5.264407	-1.681037
-5.246719	-1.718940
-5.216082	-1.688933
-5.203447	-1.666192
-5.178495	-1.656716
-5.170282	-1.643766
-5.157648	-1.672193
-5.115324	-1.641555
-5.124484	-1.654190
-5.088476	-1.618182
-5.077421	-1.593230
-5.078053	-1.627658
-5.070472	-1.630500
-5.055311	-1.622288
-5.046152	-1.619761
-5.045836	-1.607759
-5.035728	-1.649136
-5.021515	-1.631764
-5.039519	-1.671562
-5.027832	-1.668719
-5.014882	-1.619761
-5.026569	-1.622288
-5.027832	-1.629237
-5.031938	-1.620709
-5.025937	-1.647557
-5.041414	-1.620393
-5.054680	-1.630185
-5.044572	-1.616287
-5.069209	-1.615655
-5.077737	-1.657664
-5.079632	-1.657664
-5.096056	-1.656401
-5.115955	-1.652294
-5.130169	-1.649136
-5.137434	-1.650715
-5.163650	-1.633343
-5.195235	-1.650715
-5.197130	-1.632396
-5.217345	-1.613128
-5.243876	-1.663981
-5.255248	-1.655137
-5.288412	-1.670298
-5.309574	-1.659875
-5.344318	-1.669035
-5.358848	-1.664613
-5.382853	-1.633027
-5.423913	-1.658612
-5.449182	-1.684196
-5.478240	-1.656085
-5.513932	-1.684512
-5.540148	-1.678826
-5.578051	-1.723046
-5.603319	-1.734733
-5.638379	-1.745787
-5.681335	-1.774530
-5.692390	-1.744840
-5.755561	-1.757474
-5.775144	-1.778320
-5.813994	-1.754315
-5.855055	-1.768845
-5.885693	-1.746103
-5.929597	-1.734733
-5.960235	-1.733785
-6.001612	-1.721782
-6.048042	-1.756842
-6.069520	-1.749578
-6.127006	-1.775162
-6.156065	-1.806431
-6.193967	-1.807695
-6.236608	-1.839596
-6.281143	-1.838649
-6.316519	-1.831384
-6.349999	-1.833911
-6.392640	-1.833911
-6.433385	-1.866444
-6.469392	-1.869918
-6.519297	-1.890765
-6.549304	-1.895818
-6.587838	-1.880026
-6.626056	-1.906242
-6.657326	-1.915717
-6.705651	-1.926456
-6.728709	-1.924245
-6.773876	-1.913822
-6.813674	-1.950145
-6.838942	-1.940038
-6.875897	-1.949514
-6.912220	-1.974782
-6.944438	-1.950777
-6.981392	-1.961832
-7.001923	-1.959621
-7.045827	-1.971939
-7.071095	-1.982047
-7.100154	-1.965938
-7.142794	-1.998471
-7.151006	-1.997839
-7.182908	-1.991838
-7.225548	-2.034163
-7.240393	-2.015211
-7.264714	-2.036374
-7.283665	-2.024371
-7.318725	-2.038900
-7.331991	-2.078382
-7.345573	-2.059431
-7.375263	-2.060694
-7.389477	-2.065116
-7.408428	-2.033215
-7.429906	-2.054693
-7.432433	-2.061326
-7.454227	-2.073644
-7.462123	-2.067643
-7.481390	-2.054061
-7.488971	-2.067011
-7.488971	-2.060063
-7.506659	-2.066380
-7.509185	-2.072381
-7.514239	-2.044902
-7.520240	-2.037321
-7.518029	-2.041111
-7.528137	-2.073644
-7.523083	-2.091016
-7.528769	-2.078698
-7.531927	-2.084383
-7.519293	-2.054061
-7.518661	-2.059431
-7.503500	-2.085647
-7.503500	-2.087226
-7.496552	-2.100492
-7.483917	-2.057852
-7.484549	-2.057220
-7.463387	-2.078698
-7.449805	-2.073960
-7.444119	-2.103019
-7.410007	-2.056588
-7.410639	-2.034163
-7.384107	-2.032268
-7.367682	-2.021213
-7.356944	-2.044586
-7.330412	-2.051219
-7.307986	-2.036690
-7.292825	-2.034478
-7.263451	-1.999103
-7.250185	-2.032899
-7.209755	-2.039848
-7.184487	-2.019633
-7.164588	-2.031636
-7.128265	-2.003840
-7.100154	-2.006367
-7.063830	-2.012369
-7.043932	-2.009210
-7.002239	-2.000682
-6.977286	-1.941933
-6.953913	-1.948566
-6.909694	-1.959621
-6.872423	-1.956462
-6.845259	-1.982678
-6.812726	-1.962779
-6.776087	-1.945092
-6.737237	-1.904031
-6.708179	-1.922666
-6.658905	-1.929615
-6.625741	-1.909084
-6.595102	-1.910348
-6.547092	-1.896450
-6.508558	-1.879394
-6.478868	-1.887606
-6.430858	-1.874340
-6.402115	-1.891080
-6.348420	-1.843071
-6.322520	-1.811485
-6.282091	-1.859179
-6.232502	-1.843702
-6.204391	-1.856652
-6.153222	-1.873708
-6.119425	-1.827910
-6.074890	-1.819066
-6.037619	-1.782111
-6.012982	-1.800430
-5.955181	-1.811485
-5.921069	-1.789059
-5.899275	-1.788428
-5.846527	-1.772635
-5.824101	-1.775162
-5.781145	-1.805800
-5.739137	-1.784953
-5.710394	-1.775478
-5.674702	-1.725257
-5.639642	-1.706621
-5.611847	-1.730626
-5.566680	-1.724941
-5.547097	-1.736943
-5.507931	-1.699357
-5.481399	-1.678826
-5.454867	-1.692408
-5.420755	-1.683880
-5.389170	-1.702831
-5.361374	-1.694619
-5.345582	-1.680405
-5.305468	-1.681669
-5.283674	-1.663033
-5.263775	-1.690197
-5.242929	-1.675352
-5.222398	-1.663665
-5.198393	-1.651347
-5.187023	-1.623552
-5.171230	-1.649452
-5.133643	-1.649452
-5.127326	-1.647557
-5.113745	-1.648504
-5.097004	-1.602389
-5.086897	-1.629237
-5.062576	-1.635238
-5.065103	-1.627026
-5.055311	-1.650399
-5.041414	-1.632711
-5.049626	-1.628921
-5.030359	-1.622288
-5.037308	-1.642503
-5.034781	-1.682301
-5.015830	-1.636502
-5.031938	-1.628289
-5.024358	-1.632396
-5.030359	-1.611865
-5.031622	-1.636186
-5.033202	-1.639976
-5.051205	-1.645030
-5.041730	-1.627342
-5.057522	-1.613444
-5.077106	-1.638713
-5.067630	-1.621657
-5.082475	-1.606180
-5.096373	-1.615024
-5.110586	-1.608075
-5.127010	-1.609338
-5.150068	-1.631448
-5.166808	-1.661454
-5.180706	-1.666192
-5.198709	-1.644714
-5.224294	-1.660823
-5.240402	-1.669035
-5.267566	-1.670298
-5.285254	-1.682301
-5.310206	-1.686091
-5.340528	-1.686407
-5.362638	-1.662086
-5.397382	-1.676299
-5.413175	-1.702199
-5.444760	-1.678195
-5.491507	-1.707885
-5.506668	-1.697462
-5.548045	-1.715150
-5.568891	-1.705990
-5.609004	-1.715781
-5.637432	-1.748314
-5.666806	-1.713570
-5.707235	-1.709148
-5.742927	-1.743261
-5.779250	-1.725257
-5.825996	-1.777057
-5.846843	-1.761896
-5.892010	-1.759685
-5.925175	-1.773583
-5.956760	-1.761264
-6.012667	-1.771372
-6.037303	-1.777057
-6.078364	-1.770740
-6.124163	-1.788744
-6.151011	-1.776741
-6.205338	-1.822540
-6.238819	-1.849704
-6.278616	-1.842439
-6.317782	-1.847493
-6.344314	-1.833911
-6.402115	-1.843702
-6.429595	-1.830752
-6.480763	-1.833595
-6.511717	-1.866128
-6.544566	-1.845913
-6.587522	-1.866444
-6.625741	-1.880657
-6.660484	-1.887922
-6.698071	-1.898029
-6.733131	-1.880973
-6.774824	-1.907821
-6.800724	-1.902135
-6.851576	-1.935300
-6.877476	-1.974782
-6.910957	-1.967517
-6.950439	-1.956462
-6.978550	-1.960884
-7.008872	-1.975414
-7.042353	-1.997523
-7.072043	-1.977309
-7.110577	-2.000998
-7.128581	-1.989311
-7.158903	-1.960253
-7.195858	-1.997523
-7.210703	-2.036058
-7.247342	-2.020897
-7.263451	-2.019317
-7.291878	-2.014580
-7.318409	-2.030056
-7.328833	-2.035426
-7.356944	-2.071118
-7.370841	-2.073960
-7.383160	-2.042059
-7.411586	-2.024687
-7.419167	-2.024055
-7.434012	-2.033531
-7.447910	-2.054377
-7.470019	-2.027214
-7.482022	-2.034794
-7.478863	-2.009526
-7.494972	-2.033531
-7.506343	-2.086594
-7.503500	-2.073960
-7.515819	-2.077435
-7.523083	-2.050271
-7.527189	-2.027530
-7.523399	-2.038584
-7.527821	-2.060063
-7.525610	-2.103966
-7.515502	-2.087858
-7.528452	-2.064801
-7.517714	-2.088490
-7.509817	-2.074276
-7.504132	-2.113442
-7.493393	-2.101440
-7.482654	-2.092280
-7.479495	-2.088805
-7.461492	-2.064801
-7.458017	-2.094175
-7.428327	-2.091648
-7.429590	-2.071749
-7.408112	-2.055957
-7.383475	-2.003840
-7.374000	-2.030372
-7.350942	-2.049639
-7.333254	-2.048692
-7.313040	-2.051219
-7.277980	-1.993733
-7.279243	-2.000366
-7.227443	-1.986153
-7.219231	-1.987100
-7.191751	-2.037321
-7.155428	-2.015211
-7.132055	-1.993101
-7.100470	-1.992470
-7.068253	-1.996892
-7.040773	-2.036058
-7.003187	-2.016791
-6.984551	-2.017107
-6.945701	-1.977940
-6.903377	-1.952356
-6.880635	-1.955831
-6.841469	-1.965306
-6.809252	-1.958989
-6.777667	-1.938774
-6.736605	-1.902767
-6.696807	-1.898345
-6.657641	-1.883816
-6.635848	-1.908453
-6.590681	-1.916665
-6.540775	-1.885079
-6.509506	-1.887290
-6.470340	-1.885711
-6.438755	-1.894871
-6.388849	-1.879710
-6.358843	-1.861074
-6.320940	-1.864865
-6.265350	-1.830752
-6.243556	-1.824435
-6.201548	-1.872445
-6.150695	-1.850651
-6.124163	-1.856336
-6.075206	-1.812433
-6.048358	-1.820329
-6.000348	-1.817486
-5.955813	-1.802641
-5.937177	-1.812433
-5.883798	-1.794745
-5.849686	-1.741997
-5.823470	-1.775794
-5.780198	-1.759053
-5.749876	-1.773267
-5.703445	-1.748630
-5.677229	-1.715781
-5.640906	-1.710412
-5.601424	-1.688933
-5.579630	-1.701884
-5.535726	-1.714834
-5.511405	-1.686723
-5.488348	-1.693671
-5.448235	-1.674720
-5.422334	-1.673457
-5.387275	-1.676299
-5.365797	-1.689249
-5.346529	-1.693356
-5.306100	-1.658927
-5.292202	-1.682932
-5.259037	-1.675668
-5.238507	-1.673457
-5.225873	-1.675984
-5.200921	-1.636502
-5.181022	-1.625447
-5.155753	-1.608075
-5.143751	-1.621972
-5.136170	-1.662402
-5.112481	-1.628605
-5.101742	-1.644714
-5.076158	-1.619446
-5.070788	-1.593545
-5.068262	-1.614076
-5.049310	-1.612181
-5.055627	-1.607127
-5.036676	-1.601442
-5.031938	-1.587228
-5.024673	-1.631764
-5.022462	-1.613444
-5.035728	-1.632080
-5.024673	-1.649136
-5.021199	-1.588808
-5.038571	-1.590071
-5.028780	-1.603969
-5.035097	-1.629237
-5.040466	-1.634607
-5.052784	-1.616603
-5.054364	-1.646293
-5.056259	-1.625131
-5.071420	-1.620393
-5.086265	-1.653874
-5.096056	-1.645030
-5.120378	-1.641871
-5.128274	-1.633659
-5.142803	-1.665560
-5.159227	-1.673141
-5.171862	-1.675036
-5.207869	-1.690829
-5.214186	-1.687986
-5.241982	-1.652294
-5.258722	-1.658612
-5.284306	-1.665244
-5.312733	-1.666508
-5.339265	-1.645030
-5.370850	-1.657664
-5.385064	-1.670614
-5.411595	-1.646609
-5.461500	-1.674404
-5.472555	-1.687670
-5.510458	-1.680405
-5.545202	-1.697462
-5.573629	-1.708832
-5.613426	-1.743892
-5.637432	-1.747367
-5.677545	-1.741365
-5.711341	-1.766002
-5.734715	-1.735048
-5.788726	-1.760001
-5.809888	-1.770108
-5.854107	-1.773898
-5.896432	-1.773267
-5.922964	-1.755579
-5.962761	-1.778005
-6.000980	-1.796008
-6.042673	-1.789375
-6.081839	-1.830121
-6.110898	-1.788428
-6.169962	-1.817486
-6.193651	-1.828541
-6.230606	-1.818750
-6.280195	-1.848124
-6.315571	-1.849704
-6.349368	-1.846229
-6.393587	-1.869287
-6.440334	-1.864549
-6.477604	-1.900556
-6.503505	-1.883816
-6.547092	-1.893923
-6.590681	-1.892976
-6.624161	-1.886027
-6.664275	-1.896134
-6.694281	-1.895187
-6.741027	-1.905926
-6.761242	-1.911295
-6.812410	-1.908137
-6.847786	-1.957726
-6.865158	-1.955831
-6.914747	-1.967833
-6.953598	-1.976045
-6.970337	-1.955831
-7.015189	-1.977940
-7.040457	-1.965938
-7.080887	-1.994049
-7.094784	-1.986153
-7.127001	-1.964990
-7.169326	-2.004788
-7.186382	-2.005736
-7.216704	-2.008578
-7.244815	-2.026266
-7.268820	-2.010789
-7.293141	-2.017107
-7.303564	-1.995312
-7.339571	-2.021528
-7.355996	-2.070170
-7.359787	-2.049324
-7.391372	-2.055009
-7.405901	-2.061958
-7.417903	-2.027845
-7.435591	-2.044586
-7.450752	-2.044902
-7.466861	-2.064169
-7.474442	-2.037637
-7.486444	-2.018686
-7.498762	-2.063853
-7.496235	-2.068591
-7.509501	-2.098281
-7.517714	-2.104914
-7.520556	-2.072065
-7.524662	-2.050587
-7.532559	-2.047113
-7.534454	-2.070170
-7.521504	-2.081541
-7.521820	-2.055641
-7.524662	-2.069854
-7.509185	-2.024687
-7.516134	-2.049324
-7.498131	-2.067643
-7.497815	-2.082804
-7.483285	-2.094491
-7.467493	-2.061010
-7.471283	-2.061326
-7.445699	-2.076803
-7.439066	-2.061642
-7.422641	-2.097965
-7.399900	-2.037953
-7.392319	-2.019001
-7.367999	-2.011421
-7.349363	-2.017738
-7.337677	-2.066380
-7.307670	-2.045533
-7.292509	-2.031636
-7.262503	-2.008262
-7.240077	-1.984889
-7.225548	-2.029109
-7.180697	-2.023423
-7.161114	-2.007947
-7.135530	-2.005104
-7.098575	-1.981415
-7.069516	-1.986153
-7.034456	-1.982678
-7.014873	-2.006367
-6.979497	-1.988048
-6.942858	-1.953620
-6.917906	-1.953620
-6.874949	-1.960884
-6.843996	-1.953936
-6.809252	-1.967833
-6.764716	-1.946355
-6.734394	-1.917296
-6.696492	-1.883816
-6.676277	-1.895818
-6.622898	-1.927720
-6.583732	-1.905294
-6.542671	-1.903399
-6.511717	-1.888870
-6.475393	-1.886974
-6.430858	-1.892344
-6.397377	-1.897713
-6.359475	-1.917612
-6.306727	-1.848756
-6.283670	-1.825699
-6.247031	-1.857284
-6.195547	-1.840544
-6.160802	-1.854125
-6.116583	-1.836753
-6.080259	-1.803589
-6.038883	-1.782742
-6.003507	-1.760948
-5.973501	-1.809906
-5.922648	-1.804852
-5.886641	-1.760633
-5.858214	-1.765686
-5.811152	-1.739470
-5.789042	-1.739470
-5.744190	-1.739470
-5.707867	-1.734101
-5.681335	-1.724309
-5.636168	-1.675036
-5.612479	-1.663981
-5.574576	-1.703779
-5.532252	-1.690829
-5.518038	-1.723362
-5.475082	-1.689881
-5.452025	-1.674404
-5.416018	-1.681985
-5.390749	-1.687670
-5.364533	-1.702515
-5.334843	-1.686091
-5.318419	-1.662086
-5.286517	-1.661770
-5.259985	-1.648188
-5.251457	-1.677563
-5.217661	-1.670298
-5.200289	-1.673457
-5.181022	-1.640608
-5.170282	-1.628605
-5.151647	-1.657032
-5.121009	-1.628289
-5.122272	-1.640608
-5.092898	-1.618182
-5.086265	-1.565434
-5.077421	-1.578700
-5.061313	-1.588492
-5.055943	-1.599863
-5.044257	-1.616603
-5.037940	-1.586597
-5.046152	-1.612813
-5.016461	-1.595441
-5.038571	-1.624183
-5.023094	-1.644714
-5.017093	-1.603969
-5.029096	-1.591966
-5.034149	-1.604285
-5.031306	-1.601442
-5.042993	-1.634607
-5.038571	-1.627026
-5.051837	-1.650083
-5.039834	-1.626710
-5.068577	-1.595125
-5.079000	-1.622288
-5.077737	-1.621025
-5.093530	-1.621025
-5.120061	-1.623868
-5.124799	-1.612497
-5.144698	-1.613444
-5.167440	-1.612181
-5.189234	-1.636502
-5.195235	-1.645661
-5.215134	-1.631764
-5.251773	-1.652610
-5.260301	-1.661770
-5.285885	-1.683564
-5.305784	-1.686407
-5.337369	-1.704726
-5.363901	-1.696514
-5.382853	-1.673141
-5.424861	-1.693671
-5.449814	-1.709464
-5.477293	-1.691776
-5.514880	-1.715781
-5.540780	-1.692408
-5.578998	-1.721151
-5.604267	-1.720203
-5.648486	-1.731574
-5.679440	-1.765686
-5.694285	-1.733153
-5.747349	-1.730310
-5.773880	-1.738207
-5.813994	-1.738839
-5.856003	-1.776425
-5.881903	-1.764739
-5.930860	-1.760001
-5.957708	-1.772003
-6.000664	-1.750525
-6.047727	-1.791586
-6.068573	-1.785585
-6.128585	-1.783374
-6.159223	-1.806116
-6.190177	-1.801694
-6.238819	-1.832963
-6.274194	-1.852230
-6.317151	-1.840544
-6.350631	-1.855389
-6.399904	-1.849388
-6.437175	-1.874972
-6.468129	-1.878130
-6.513928	-1.892660
-6.548672	-1.916033
-6.587838	-1.882236
-6.626688	-1.898345
-6.658905	-1.907821
-6.708179	-1.909084
-6.734394	-1.917612
-6.772297	-1.902767
-6.811147	-1.919191
-6.838310	-1.917928
-6.879687	-1.929931
-6.922959	-1.963411
-6.946332	-1.951409
-6.984235	-1.937827
-7.005713	-1.919191
-7.044248	-1.933405
-7.062567	-1.952672
-7.100786	-1.946987
-7.143426	-1.998155
-7.156692	-1.999103
-7.181960	-1.984258
-7.220810	-2.013632
-7.239446	-2.008262
-7.268820	-2.022160
-7.287771	-2.019001
-7.316830	-2.017422
-7.331991	-2.054061
-7.350626	-2.049324
-7.375895	-2.081225
-7.386634	-2.103651
-7.395162	-2.066380
-7.434328	-2.063537
-7.435276	-2.041743
-7.458333	-2.068275
-7.461807	-2.073328
-7.478232	-2.063221
-7.490234	-2.057536
-7.489603	-2.030372
-7.511396	-2.029741
-7.511081	-2.068907
-7.513608	-2.050271
-7.525294	-2.057536
-7.519925	-2.039848
-7.525294	-2.050903
-7.523715	-2.066064
-7.523715	-2.080277
-7.529084	-2.111863
-7.516450	-2.090385
-7.525294	-2.073013
-7.507606	-2.088805
-7.502553	-2.079962
-7.496867	-2.101124
-7.479495	-2.082172
-7.484865	-2.065748
-7.461175	-2.076803
-7.450437	-2.039848
-7.446014	-2.079330
-7.418851	-2.071118
-7.408428	-2.062274
-7.394530	-2.044586
-7.367051	-1.998471
-7.349363	-2.021528
-7.328201	-2.020897
-7.307039	-2.021844
-7.294088	-2.029741
-7.259976	-1.982994
-7.247026	-2.019949
-7.207229	-2.008894
-7.188277	-2.009526
-7.167115	-2.019949
-7.128265	-1.982047
-7.109313	-1.966886
-7.065410	-1.975414
-7.044248	-1.974466
-7.008240	-2.010473
-6.975707	-1.970044
-6.956440	-1.969097
-6.911589	-1.940354
-6.873055	-1.902135
-6.847154	-1.928667
-6.809567	-1.942249
-6.776403	-1.950777
-6.735342	-1.926772
-6.709126	-1.913506
-6.663959	-1.923613
-6.620371	-1.908453
-6.594471	-1.926140
-6.551515	-1.925509
-6.506032	-1.887290
-6.477921	-1.884132
-6.434017	-1.883184
-6.404010	-1.902451
-6.345893	-1.876867
-6.319361	-1.851599
-6.290303	-1.852862
-6.235028	-1.807379
-6.199653	-1.810222
-6.159223	-1.827910
-6.118162	-1.825067
-6.079312	-1.812433
-6.043621	-1.773898
-6.013614	-1.788112
-5.957708	-1.791586
-5.921385	-1.771056
-5.897380	-1.796640
-5.848422	-1.776425
-5.822522	-1.756211
-5.780829	-1.774530
-5.741663	-1.765370
-5.710394	-1.785585
-5.669649	-1.750841
-5.642485	-1.732837
-5.620059	-1.728099
-5.567627	-1.702831
-5.552783	-1.730942
-5.505404	-1.726520
-5.485821	-1.701884
-5.459290	-1.706306
-5.416333	-1.680721
-5.391065	-1.689881
-5.359795	-1.693356
-5.339896	-1.680721
-5.310838	-1.670930
-5.278305	-1.645030
-5.271040	-1.661770
-5.242297	-1.655137
-5.219556	-1.648504
-5.202184	-1.647241
-5.182917	-1.614708
-5.170599	-1.613128
-5.137118	-1.610917
-5.133959	-1.616287
-5.114376	-1.634291
-5.096688	-1.619446
-5.085318	-1.640608
-5.067314	-1.624183
-5.060049	-1.624499
-5.055311	-1.643135
-5.045204	-1.627342
-5.052153	-1.646293
-5.023410	-1.617550
-5.034465	-1.619446
-5.042046	-1.654190
-5.014566	-1.618182
-5.028148	-1.625447
-5.031306	-1.634291
-5.030359	-1.607443
-5.032886	-1.609654
-5.031938	-1.593861
-5.048047	-1.631764
-5.038887	-1.608391
-5.054680	-1.582175
-5.072683	-1.621657
-5.069209	-1.624183
-5.083738	-1.617550
-5.097004	-1.634291
-5.110902	-1.612813
-5.131433	-1.608075
-5.144066	-1.594177
-5.165545	-1.625763
-5.182601	-1.647241
-5.197130	-1.642819
-5.224294	-1.651031
-5.244508	-1.669982
-5.257143	-1.643766
-5.288096	-1.646925
-5.308627	-1.658296
-5.335158	-1.660191
-5.359479	-1.656401
-5.398014	-1.660507
-5.421071	-1.676299
-5.445392	-1.666508
-5.486137	-1.697146
-5.506036	-1.694935
-5.547097	-1.696830
-5.572365	-1.716097
-5.607110	-1.735364
-5.643117	-1.760633
-5.673439	-1.751157
-5.711341	-1.743576
-5.742927	-1.766318
-5.771354	-1.749262
-5.819995	-1.779900
-5.849370	-1.751789
-5.892642	-1.760948
-5.923595	-1.775794
-5.955813	-1.751789
-6.014562	-1.789691
-6.033513	-1.803905
-6.078364	-1.798219
-6.123847	-1.833595
-6.143746	-1.799798
-6.208497	-1.841175
-6.233133	-1.856336
-6.278616	-1.852862
-6.316203	-1.869287
-6.351263	-1.848756
-6.404642	-1.842439
-6.430226	-1.842755
-6.477604	-1.842123
-6.519929	-1.872129
-6.541407	-1.843386
-6.590996	-1.853494
-6.627004	-1.874972
-6.667433	-1.903083
-6.701230	-1.946355
-6.733447	-1.932457
-6.783036	-1.939722
-6.803566	-1.923613
-6.850945	-1.914454
-6.878740	-1.945723
-6.910009	-1.945723
-6.954229	-1.946987
-6.977918	-1.953936
-7.012346	-1.947934
-7.043616	-1.984573
-7.067621	-1.981415
-7.109945	-2.029741
-7.130476	-2.014895
-7.152902	-1.981731
-7.193963	-1.990891
-7.211650	-2.013632
-7.250816	-2.038584
-7.265346	-2.067011
-7.293773	-2.061010
-7.311145	-2.055641
-7.324727	-1.999419
-7.357575	-2.025635
-7.374000	-2.062905
-7.382212	-2.036058
-7.408428	-2.043954
-7.414113	-2.043006
-7.438434	-2.046481
-7.456754	-2.067011
-7.464334	-2.061642
-7.482022	-2.068591
-7.479495	-2.030372
-7.494340	-2.011421
-7.512028	-2.040796
-7.503184	-2.073013
-7.515502	-2.093543
-7.511713	-2.091016
-7.527505	-2.072065
-7.525926	-2.042375
-7.521820	-2.043322
-7.529400	-2.084383
-7.518029	-2.073644
-7.521820	-2.048692
-7.518345	-2.061958
-7.506343	-2.042059
-7.507606	-2.085647
-7.497815	-2.111547
-7.486760	-2.120391
-7.476336	-2.114074
-7.461492	-2.065116
-7.455806	-2.074908
-7.429274	-2.066064
-7.422009	-2.075540
-7.404953	-2.096070
-7.382843	-2.039848
-7.371157	-2.018686
-7.351574	-2.013000
-7.334518	-2.022792
-7.317462	-2.061010
-7.282402	-2.075855
-7.276717	-2.033215
-7.237235	-1.996576
-7.216073	-1.979204
-7.198700	-2.020265
-7.156376	-1.997523
-7.132687	-1.974150
-7.107103	-1.971939
-7.066358	-1.953620
-7.042668	-1.987100
-7.005713	-1.972571
-6.990868	-1.998155
-6.944438	-1.983942
-6.905272	-1.931826
-6.873686	-1.926772
-6.844627	-1.943196
-6.816833	-1.965306
-6.774192	-1.980783
-6.735342	-1.945092
-6.698703	-1.929931
-6.656062	-1.901504
-6.634584	-1.912243
-6.592576	-1.931826
-6.543302	-1.906873
-6.507295	-1.898661
-6.475078	-1.875919
-6.430858	-1.874656
-6.389797	-1.870550
-6.357580	-1.888870
-6.320309	-1.890133
-6.270404	-1.833279
-6.236923	-1.806747
-6.202495	-1.815591
-6.154801	-1.801062
-6.123216	-1.820645
-6.075838	-1.796008
-6.045516	-1.792218
-6.002559	-1.784322
-5.959603	-1.776425
-5.939388	-1.819066
-5.887272	-1.826962
-5.854739	-1.772951
-5.819995	-1.775794
-5.775460	-1.747051
-5.747981	-1.765054
-5.695549	-1.759369
-5.682283	-1.750525
-5.644380	-1.740734
-5.598897	-1.689881
-5.579314	-1.706937
-5.538885	-1.722098
-5.506983	-1.699988
-5.484558	-1.717676
-5.455184	-1.682932
-5.427072	-1.667771
-5.389802	-1.674088
-5.360111	-1.690513
-5.348740	-1.701568
-5.305468	-1.667140
-5.293150	-1.655453
-5.255879	-1.651347
-5.238507	-1.636186
-5.222083	-1.647872
-5.194603	-1.650399
-5.188286	-1.627658
-5.159227	-1.606180
-5.148173	-1.599863
-5.132064	-1.643135
-5.111849	-1.629237
-5.104585	-1.661138
-5.077737	-1.646293
-5.070788	-1.605232
-5.067630	-1.611865
-5.049942	-1.597652
-5.053416	-1.614076
-5.032570	-1.611233
-5.037308	-1.585017
-5.028780	-1.610917
-5.020883	-1.581543
-5.034465	-1.602074
-5.022779	-1.629237
-5.024990	-1.601442
-5.030043	-1.609338
-5.024673	-1.604916
-5.045520	-1.615024
-5.035728	-1.628921
-5.047415	-1.617235
-5.057207	-1.647241
-5.057207	-1.616919
-5.071420	-1.590703
-5.091003	-1.623552
-5.088476	-1.620709
-5.121325	-1.641240
-5.121009	-1.621341
-5.151647	-1.628605
-5.158596	-1.644398
-5.183548	-1.642819
-5.210396	-1.663981
-5.216713	-1.673141
-5.238191	-1.645661
-5.270408	-1.649136
-5.288412	-1.634922
-5.312417	-1.653242
-5.335158	-1.657664
-5.374640	-1.659875
-5.389802	-1.672825
-5.412859	-1.655453
-5.459921	-1.680721
-5.480136	-1.703147
-5.509194	-1.702515
-5.536990	-1.705990
-5.574261	-1.705674
-5.609004	-1.722098
-5.630798	-1.720203
-5.675334	-1.728099
-5.710710	-1.768213
-5.736926	-1.726520
-5.784620	-1.734101
-5.811783	-1.741365
-5.858214	-1.751789
-5.893905	-1.774530
-5.923595	-1.757790
-5.968763	-1.780216
-6.005402	-1.780847
-6.038251	-1.766634
-6.083418	-1.825067
-6.113740	-1.801694
-6.165540	-1.814644
-6.195230	-1.820961
-6.234396	-1.795692
-6.282091	-1.837069
-6.313992	-1.843071
-6.358527	-1.854125
-6.388534	-1.855389
-6.428647	-1.820329
-6.482974	-1.852230
-6.502241	-1.837701
-6.550567	-1.859179
-6.596682	-1.887606
-6.623213	-1.885079
-6.663011	-1.902767
-6.693333	-1.919823
-6.737869	-1.931510
-6.766927	-1.945407
-6.807673	-1.937511
-6.852524	-1.952672
-6.871791	-1.948566
-6.912852	-1.954883
-6.945069	-1.973834
-6.978550	-1.969097
-7.013610	-1.967833
-7.036983	-1.958357
-7.081519	-1.982047
-7.092257	-1.988048
-7.130476	-1.969097
-7.172484	-1.996260
-7.183856	-1.981099
-7.218284	-1.975098
-7.242604	-2.007631
-7.263766	-2.006683
-7.286824	-2.020265
-7.303248	-1.982994
-7.343678	-1.997523
-7.351258	-2.037637
-7.365788	-2.036374
-7.389477	-2.047428
-7.401163	-2.073013
-7.425484	-2.042375
-7.438118	-2.044586
-7.453911	-2.019001
-7.468124	-2.058483
-7.470651	-2.046165
-7.477600	-2.025635
-7.504132	-2.052482
-7.494656	-2.033847
-7.509501	-2.055957
-7.518029	-2.102703
-7.522451	-2.091332
-7.525294	-2.077435
-7.527821	-2.039532
-7.528137	-2.043638
-7.528452	-2.056904
-7.514871	-2.043638
-7.524031	-2.063537
-7.510133	-2.039532
-7.514871	-2.024687
-7.500341	-2.041111
-7.497815	-2.053430
-7.480759	-2.086279
-7.477600	-2.061958
-7.471599	-2.053746
-7.451700	-2.051219
-7.433381	-2.035426
-7.430853	-2.094175
-7.404006	-2.074276
-7.391056	-2.062274
-7.365788	-2.055957
-7.351258	-2.031004
-7.337045	-2.057852
-7.304512	-2.049324
-7.299458	-2.057220
-7.257133	-2.038584
-7.235971	-1.988680
-7.224600	-2.021528
-7.180065	-2.012053
-7.164588	-2.011737
-7.132371	-2.024687
-7.103628	-1.976045
-7.077728	-1.975729
-7.030350	-1.955831
-7.018348	-1.978256
-6.976971	-1.987416
-6.943490	-1.950777
-6.916958	-1.947303
-6.874318	-1.953936
-6.846838	-1.938459
-6.817148	-1.974150
-6.770401	-1.969097
-6.742607	-1.965622
-6.693965	-1.913506
-6.665854	-1.908453
-6.630478	-1.923298
-6.583416	-1.914138
-6.548356	-1.901819
-6.512349	-1.898029
-6.476025	-1.863917
-6.428647	-1.856336
-6.398641	-1.857916
-6.356632	-1.884763
-6.308622	-1.855073
-6.273247	-1.825383
-6.242293	-1.820961
-6.190809	-1.804220
-6.155117	-1.820961
-6.117530	-1.835806
-6.086576	-1.840544
-6.039514	-1.815907
-6.005086	-1.775478
-5.972869	-1.805484
-5.923595	-1.804536
-5.885061	-1.785585
-5.860109	-1.802325
-5.810204	-1.759369
-5.786199	-1.751157
-5.732820	-1.754315
-5.707551	-1.767581
-5.674070	-1.772003
-5.624797	-1.726836
-5.621639	-1.690513
-5.576156	-1.695882
-5.538885	-1.677247
-5.516459	-1.735364
-5.479504	-1.720203
-5.457078	-1.703147
-5.418860	-1.692724
-5.386959	-1.681037
-5.373693	-1.698725
-5.335474	-1.688933
-5.315576	-1.669666
-5.288096	-1.679458
-5.261880	-1.646609
-5.245140	-1.674088
-5.215765	-1.682301
-5.202184	-1.692092
-5.179126	-1.669666
-5.160491	-1.628605
-5.157648	-1.630500
-5.124799	-1.616287
-5.119114	-1.634607
-5.093214	-1.639344
-5.086265	-1.620393
-5.075526	-1.615971
-5.060997	-1.602389
-5.055627	-1.606495
-5.049626	-1.616287
-5.042046	-1.600494
-5.036360	-1.608706
-5.024990	-1.574910
-5.039834	-1.590703
-5.022462	-1.620077
-5.019936	-1.615971
-5.032254	-1.617866
-5.026885	-1.607127
-5.025305	-1.602389
-5.031306	-1.624815
-5.038571	-1.621025
-5.052784	-1.657032
-5.044572	-1.627342
-5.066051	-1.608391
-5.079000	-1.636818
-5.076474	-1.635238
-5.098899	-1.633975
-5.111849	-1.650715
-5.128274	-1.634922
-5.145330	-1.628921
-5.160175	-1.610286
-5.190497	-1.636186
-5.197762	-1.665876
-5.211028	-1.630185
-5.248930	-1.629553
-5.265355	-1.627342
-5.289991	-1.638081
-5.309574	-1.651347
-5.342739	-1.667771
-5.362638	-1.674088
-5.382221	-1.643766
-5.424230	-1.648504
-5.456447	-1.662718
-5.476977	-1.662402
-5.515512	-1.705042
-5.542359	-1.701568
-5.566048	-1.711991
-5.608373	-1.708201
-5.642801	-1.728731
-5.680387	-1.766002
-5.699339	-1.764423
-5.746085	-1.758422
-5.786515	-1.770740
-5.814626	-1.749893
-5.852529	-1.784006
-5.893905	-1.768529
-5.931808	-1.790007
-5.959603	-1.782742
-5.996874	-1.763159
-6.056254	-1.793481
-6.072363	-1.794113
-6.130480	-1.811169
-6.157959	-1.835174
-6.195862	-1.797588
-6.243240	-1.821908
-6.276089	-1.825383
-6.318098	-1.845282
-6.354737	-1.890133
-6.398957	-1.847177
-6.445072	-1.875919
-6.465286	-1.862022
-6.515507	-1.863917
-6.544250	-1.906873
-6.584047	-1.890133
-6.630162	-1.878762
-6.661116	-1.880341
-6.699650	-1.890449
-6.736605	-1.923298
-6.768507	-1.915085
-6.816833	-1.954251
-6.838310	-1.946039
-6.874634	-1.933721
-6.909694	-1.955831
-6.948544	-1.969097
-6.982972	-1.979204
-7.001291	-1.988364
-7.044248	-1.980467
-7.065094	-1.984573
-7.101101	-1.962779
-7.139636	-1.994997
-7.165220	-1.993101
-7.183224	-1.971308
-7.222390	-1.983626
-7.241657	-1.973203
-7.273242	-1.988048
-7.280191	-1.971623
-7.313355	-1.994997
-7.335150	-2.009842
-7.339888	-1.981415
-7.377158	-2.008894
-7.390424	-2.035110
-7.403690	-2.017107
-7.421378	-2.035742
-7.434012	-2.014895
-7.459912	-2.043006
-7.459596	-2.052798
-7.477600	-2.056588
-7.494024	-2.090385
-7.491498	-2.068907
-7.500341	-2.040796
-7.513608	-2.063853
-7.510449	-2.048376
-7.525926	-2.066380
-7.521188	-2.055641
-7.532559	-2.047744
-7.527821	-2.040796
-7.521820	-2.027845
-7.532243	-2.052482
-7.513608	-2.057536
-7.516766	-2.038584
-7.508870	-2.037321
-7.504764	-2.023739
-7.503500	-2.031636
-7.483285	-2.021213
