# Configuration automatically generated by WRITE_CONFIG()
connection eth
ip 192.168.0.10
samplehz 1000.000000
settleus 10.000000
nsample 128

# Analog Inputs
aichannel 0
ainegative 199
airange 10.000000
airesolution 0

aichannel 1
ainegative 199
airange 10.000000
airesolution 0

# Analog Outputs
aochannel 0
aosignal sine
aofrequency 5.000000
aoamplitude 0.250000
aooffset 1.250000
aoduty 0.500000

# Meta Parameters
int:periods 10
flt:plate_Thigh_C 347.215709
flt:plate_Tlow_C 178.770735
flt:plate_Q_kW 1.029792
flt:plate_Tpeak_C 1133.675164
flt:cool_Thigh_C 74.493133
flt:cool_Tlow_C 21.470450
flt:air_psig 70.000000
flt:water_gph 2.200000
flt:cool_Q_kW 0.000000
flt:standoff_in 0.500000
flt:oxygen_scfh 13.359719
flt:fuel_scfh 6.679594
flt:flow_scfh 20.039313
flt:ratio_fto 0.499980

## End Configuration ##
#: Thu Jul 21 18:50:00 2016
-6.880319	-2.447932
-6.267245	-2.298533
-6.242925	-2.266000
-6.203127	-2.300112
-6.148168	-2.269158
-6.127006	-2.280213
-6.077733	-2.243574
-6.047410	-2.246101
-6.000032	-2.252418
-5.958655	-2.231256
-5.937493	-2.248312
-5.881903	-2.189563
-5.855371	-2.189247
-5.807993	-2.186404
-5.777039	-2.162084
-5.743243	-2.193669
-5.703445	-2.168717
-5.675018	-2.124813
-5.635536	-2.124497
-5.603635	-2.115969
-5.577103	-2.150397
-5.534463	-2.141869
-5.521513	-2.130814
-5.478872	-2.095438
-5.445392	-2.050587
-5.422334	-2.081225
-5.383484	-2.100492
-5.367376	-2.092911
-5.333263	-2.081541
-5.306416	-2.035110
-5.287465	-2.035426
-5.256511	-2.039216
-5.249878	-2.077750
-5.222083	-2.079014
-5.192077	-2.041111
-5.176600	-1.988995
-5.163965	-1.992786
-5.150700	-2.039848
-5.118798	-2.044586
-5.121325	-2.047113
-5.089424	-2.040480
-5.076158	-1.960884
-5.073315	-1.990575
-5.066682	-2.042059
-5.048047	-2.034478
-5.046467	-2.046165
-5.038571	-1.996892
-5.038255	-1.979204
-5.019620	-1.972255
-5.031938	-2.006999
-5.029096	-2.036374
-5.011724	-2.002577
-5.026253	-1.969728
-5.025305	-1.980151
-5.022462	-1.976993
-5.032886	-2.031004
-5.038571	-2.029425
-5.053732	-2.036374
-5.045520	-2.004472
-5.060681	-1.984889
-5.083423	-2.021528
-5.074263	-2.016475
-5.094793	-2.041743
-5.112481	-2.036690
-5.127010	-2.004156
-5.144382	-2.032899
-5.162386	-2.032583
-5.181022	-2.054693
-5.196183	-2.054693
-5.214818	-2.029425
-5.246088	-2.066064
-5.257458	-2.052482
-5.289676	-2.060063
-5.311785	-2.086594
-5.344318	-2.081225
-5.358216	-2.089753
-5.389802	-2.096702
-5.427072	-2.102703
-5.444129	-2.084699
-5.485189	-2.108704
-5.505404	-2.117548
-5.538569	-2.116285
-5.576156	-2.150397
-5.607741	-2.138395
-5.638063	-2.134920
-5.672491	-2.154819
-5.702813	-2.134604
-5.747349	-2.197144
-5.767563	-2.185773
-5.820311	-2.183562
-5.846843	-2.198091
-5.883798	-2.179456
-5.931176	-2.219253
-5.957076	-2.258103
-6.001927	-2.250523
-6.043936	-2.228729
-6.077417	-2.196828
-6.121321	-2.255577
-6.148800	-2.264736
-6.205022	-2.298217
-6.239134	-2.328539
-6.275774	-2.278634
-6.318414	-2.258419
-6.346841	-2.304218
-6.399589	-2.343700
-6.424541	-2.369600
-6.473814	-2.357282
-6.511401	-2.352544
-6.538880	-2.326960
-6.588470	-2.356334
-6.633005	-2.433403
-6.660169	-2.422348
-6.698703	-2.415083
-6.734710	-2.364231
-6.769770	-2.370232
-6.805146	-2.411293
-6.843680	-2.448564
-6.875266	-2.480781
-6.908430	-2.459303
-6.951702	-2.413188
-6.972865	-2.435298
-7.003818	-2.462777
-7.040142	-2.510787
-7.070464	-2.518999
-7.104892	-2.510787
-7.130792	-2.482044
-7.164588	-2.461830
-7.191120	-2.542688
-7.200280	-2.540793
-7.252080	-2.554059
-7.267873	-2.516157
-7.291562	-2.498469
-7.306723	-2.514577
-7.327569	-2.533529
-7.360102	-2.578696
-7.364840	-2.581223
-7.384739	-2.542057
-7.411586	-2.579328
-7.417588	-2.545847
-7.443488	-2.581854
-7.450121	-2.607439
-7.461807	-2.573326
-7.486760	-2.593857
-7.476336	-2.575222
-7.501921	-2.579959
-7.500973	-2.585329
-7.512660	-2.584065
-7.513292	-2.597015
-7.512976	-2.569852
-7.526874	-2.595752
-7.529400	-2.581223
-7.523715	-2.583434
-7.522136	-2.595120
-7.519293	-2.583118
-7.525610	-2.608702
-7.509817	-2.592593
-7.510765	-2.569536
-7.506659	-2.596699
-7.493393	-2.570168
-7.487076	-2.591646
-7.476336	-2.611545
-7.465913	-2.585960
-7.449173	-2.567009
-7.439066	-2.536687
-7.426432	-2.562271
-7.401795	-2.564482
-7.390424	-2.566062
-7.370841	-2.556902
-7.350626	-2.515841
-7.338940	-2.511103
-7.304196	-2.526264
-7.293773	-2.567641
-7.257133	-2.565430
-7.241972	-2.519315
-7.224916	-2.499100
-7.184803	-2.488993
-7.163325	-2.500364
-7.131423	-2.552164
-7.097627	-2.519631
-7.074570	-2.506681
-7.037299	-2.424559
-7.012031	-2.440351
-6.969390	-2.487098
-6.942858	-2.462461
-6.921696	-2.464041
-6.867369	-2.434982
-6.845259	-2.353176
-6.809567	-2.410661
-6.762506	-2.432139
-6.742607	-2.459303
-6.699335	-2.419821
-6.666485	-2.360125
-6.627951	-2.344332
-6.583100	-2.346859
-6.555936	-2.403713
-6.501925	-2.389815
-6.472551	-2.363915
-6.429595	-2.327907
-6.398325	-2.287478
-6.351894	-2.307693
-6.313992	-2.322854
-6.282091	-2.321274
-6.235976	-2.296638
-6.197757	-2.240100
-6.160487	-2.264105
-6.117530	-2.252734
-6.076469	-2.278002
-6.046147	-2.276739
-6.006033	-2.230624
-5.962761	-2.217990
-5.916015	-2.195248
-5.895169	-2.205987
-5.845580	-2.216727
-5.816837	-2.205987
-5.784620	-2.189247
-5.734715	-2.157346
-5.711973	-2.155766
-5.675334	-2.147870
-5.633009	-2.133025
-5.611531	-2.152924
-5.566048	-2.107757
-5.549308	-2.137131
-5.497508	-2.109652
-5.483294	-2.087542
-5.456131	-2.124497
-5.412859	-2.095438
-5.385379	-2.078382
-5.357900	-2.097333
-5.339581	-2.065432
-5.307679	-2.067011
-5.285569	-2.041111
-5.266618	-2.057220
-5.238191	-2.070170
-5.213554	-2.041111
-5.205342	-2.036374
-5.175968	-2.030372
-5.161755	-2.017107
-5.143435	-2.028793
-5.131116	-2.032268
-5.116271	-2.043006
-5.089740	-1.992154
-5.089740	-1.995312
-5.070472	-2.001945
-5.061944	-2.001945
-5.056890	-2.031636
-5.042046	-2.002577
-5.044888	-1.982994
-5.031938	-1.959305
-5.031938	-1.988680
-5.024990	-2.031004
-5.016777	-2.018054
-5.029096	-2.006052
-5.018356	-1.970360
-5.032254	-1.946039
-5.027200	-2.008262
-5.036676	-2.014895
-5.047099	-2.039216
-5.041414	-2.007947
-5.058154	-1.963727
-5.066366	-1.998155
-5.065735	-2.008578
-5.087844	-2.052166
-5.088792	-2.044270
-5.118798	-2.012685
-5.125115	-1.985205
-5.146277	-1.988680
-5.167756	-2.052166
-5.176284	-2.068907
-5.200289	-2.046481
-5.223030	-2.051219
-5.237559	-1.994997
-5.270408	-2.047428
-5.278305	-2.071433
-5.312101	-2.092280
-5.343055	-2.126392
-5.360743	-2.079962
-5.386327	-2.082488
-5.421703	-2.093859
-5.449814	-2.120075
-5.476977	-2.147870
-5.504457	-2.114074
-5.552151	-2.106177
-5.561626	-2.112179
-5.602372	-2.119759
-5.641222	-2.156714
-5.673123	-2.168717
-5.702181	-2.161452
-5.739452	-2.153556
-5.785251	-2.170928
-5.807361	-2.174402
-5.851265	-2.194932
-5.896748	-2.226834
-5.925491	-2.217042
-5.957076	-2.224623
-6.006350	-2.232519
-6.045199	-2.228729
-6.074890	-2.272317
-6.115635	-2.243258
-6.164908	-2.265052
-6.197757	-2.282424
-6.230606	-2.255261
-6.283038	-2.291268
-6.310833	-2.305482
-6.351894	-2.299480
-6.386638	-2.336435
-6.438755	-2.346543
-6.475078	-2.353176
-6.502873	-2.320643
-6.550567	-2.352544
-6.585627	-2.395500
-6.618160	-2.380339
-6.677856	-2.421716
-6.693017	-2.387920
-6.738184	-2.386024
-6.771665	-2.388551
-6.812410	-2.398343
-6.847786	-2.453302
-6.867053	-2.446669
-6.911589	-2.413820
-6.951386	-2.436561
-6.969706	-2.428033
-7.012662	-2.487414
-7.033508	-2.503206
-7.071727	-2.494994
-7.099206	-2.474464
-7.132687	-2.443510
-7.167431	-2.500364
-7.180697	-2.538898
-7.226180	-2.555007
-7.241657	-2.561640
-7.266294	-2.492468
-7.297563	-2.485519
-7.307670	-2.520263
-7.334202	-2.573642
-7.345573	-2.581854
-7.374000	-2.561640
-7.392635	-2.546479
-7.399268	-2.505102
-7.428327	-2.583118
-7.432117	-2.623863
-7.454543	-2.616914
-7.465281	-2.597963
-7.470335	-2.545847
-7.492129	-2.550585
-7.494972	-2.589435
-7.512976	-2.613756
-7.506975	-2.633339
-7.505395	-2.577432
-7.530663	-2.567641
-7.515819	-2.556586
-7.522451	-2.585013
-7.537612	-2.626074
-7.524346	-2.610913
-7.525294	-2.589119
-7.518029	-2.563851
-7.521820	-2.566062
-7.504764	-2.623547
-7.502237	-2.602701
-7.504764	-2.603017
-7.486128	-2.590067
-7.472862	-2.567009
-7.472547	-2.579643
-7.454227	-2.588171
-7.439697	-2.617862
-7.417588	-2.572379
-7.407165	-2.565430
-7.394846	-2.577748
-7.361366	-2.540162
-7.355049	-2.531949
-7.336097	-2.569852
-7.307670	-2.524369
-7.287140	-2.537003
-7.266609	-2.543952
-7.242604	-2.531318
-7.211019	-2.521526
-7.193331	-2.516157
-7.166483	-2.516473
-7.126054	-2.506365
-7.106787	-2.505733
-7.068253	-2.469726
-7.044879	-2.476675
-7.005713	-2.456144
-6.981077	-2.459619
-6.957704	-2.486782
-6.908430	-2.447300
-6.876845	-2.395816
-6.843364	-2.420453
-6.807357	-2.400870
-6.771981	-2.436561
-6.728077	-2.430244
-6.703441	-2.404976
-6.658905	-2.383814
-6.620687	-2.343700
-6.596998	-2.384445
-6.534774	-2.388867
-6.513296	-2.394868
-6.473814	-2.355703
-6.425173	-2.282108
-6.403695	-2.302955
-6.346841	-2.317800
-6.319046	-2.331697
-6.277037	-2.334224
-6.231870	-2.265052
-6.207865	-2.241363
-6.148168	-2.231572
-6.127954	-2.264736
-6.075206	-2.304218
-6.031618	-2.271054
-6.006981	-2.236310
-5.960551	-2.178508
-5.919806	-2.195248
-5.889483	-2.241363
-5.852844	-2.221464
-5.814310	-2.215463
-5.769143	-2.168085
-5.747664	-2.128287
-5.707235	-2.164295
-5.669649	-2.185773
-5.643748	-2.169348
-5.609952	-2.142817
-5.569839	-2.103019
-5.534147	-2.072065
-5.517406	-2.100492
-5.479820	-2.145028
-5.450130	-2.127024
-5.421703	-2.100176
-5.388222	-2.085015
-5.367692	-2.050903
-5.340844	-2.073013
-5.308311	-2.079646
-5.289676	-2.094175
-5.253036	-2.045218
-5.244193	-2.023108
-5.222398	-2.050587
-5.197446	-2.031636
-5.182285	-2.041111
-5.163650	-2.058167
-5.144066	-2.006999
-5.126379	-2.020897
-5.107428	-1.995944
-5.107428	-2.023423
-5.078369	-2.028161
-5.065735	-2.008262
-5.073315	-2.018054
-5.036676	-2.003209
-5.056890	-1.983310
-5.036360	-1.987416
-5.038571	-1.989627
-5.029727	-1.985837
-5.026885	-1.980783
-5.028148	-2.001314
-5.021199	-1.993733
-5.018672	-1.972887
-5.034149	-2.006052
-5.018041	-1.985521
-5.039834	-2.011421
-5.042046	-2.010158
-5.044888	-1.985521
-5.052784	-2.008262
-5.067630	-1.998155
-5.075842	-2.018054
-5.078369	-2.043954
-5.087844	-2.028477
-5.115008	-2.020265
-5.121641	-1.993101
-5.145962	-2.015527
-5.163965	-2.037321
-5.182601	-2.042059
-5.199657	-2.042691
-5.212607	-2.009842
-5.250510	-2.030056
-5.256511	-2.032583
-5.293782	-2.077119
-5.311785	-2.105862
-5.331684	-2.067011
-5.363901	-2.056588
-5.384748	-2.051850
-5.420439	-2.084699
-5.440970	-2.142817
-5.480136	-2.121970
-5.514564	-2.138395
-5.530673	-2.060063
-5.574576	-2.077750
-5.613426	-2.158925
-5.632694	-2.178192
-5.675650	-2.183878
-5.707551	-2.171875
-5.746717	-2.136815
-5.773565	-2.172507
-5.818732	-2.188931
-5.860109	-2.249575
-5.878428	-2.231888
-5.916647	-2.194932
-5.970974	-2.208514
-6.004455	-2.217358
-6.052464	-2.265684
-6.077417	-2.277371
-6.124479	-2.280529
-6.153538	-2.258103
-6.195230	-2.224623
-6.244188	-2.267579
-6.279880	-2.311483
-6.313992	-2.319063
-6.356948	-2.336120
-6.392008	-2.309904
-6.429911	-2.326644
-6.474446	-2.332961
-6.514244	-2.377181
-6.548040	-2.401186
-6.586575	-2.365178
-6.633005	-2.380655
-6.657641	-2.396132
-6.705967	-2.399922
-6.733131	-2.425190
-6.772613	-2.432455
-6.807988	-2.426770
-6.840206	-2.421084
-6.882214	-2.435614
-6.911589	-2.455513
-6.947596	-2.452670
-6.978550	-2.495942
-7.000028	-2.468147
-7.048669	-2.511419
-7.071727	-2.496574
-7.098890	-2.473200
-7.134898	-2.511735
-7.151006	-2.498469
-7.192699	-2.506997
-7.205965	-2.545847
-7.240077	-2.501627
-7.270400	-2.536687
-7.281770	-2.512366
-7.310513	-2.512998
-7.338624	-2.547742
-7.344625	-2.555323
-7.369262	-2.544584
-7.379685	-2.521210
-7.413797	-2.531949
-7.417272	-2.569536
-7.435907	-2.585645
-7.458017	-2.612176
-7.459596	-2.573010
-7.478232	-2.546794
-7.485497	-2.562587
-7.493393	-2.589119
-7.496867	-2.625758
-7.508554	-2.607439
-7.519608	-2.592909
-7.513923	-2.549006
-7.524031	-2.562903
-7.530348	-2.610913
-7.523715	-2.625442
-7.529400	-2.605543
-7.517082	-2.564798
-7.516450	-2.532897
-7.504132	-2.578380
-7.505079	-2.602069
-7.510449	-2.645025
-7.491182	-2.622284
-7.479179	-2.548374
-7.487076	-2.535108
-7.464018	-2.572695
-7.458017	-2.618494
-7.431485	-2.602701
-7.431801	-2.591330
-7.401163	-2.541109
-7.380949	-2.494047
-7.377790	-2.550901
-7.350942	-2.593857
-7.324727	-2.568273
-7.314619	-2.557218
-7.281770	-2.498785
-7.271031	-2.515525
-7.234392	-2.544584
-7.218915	-2.559113
-7.188909	-2.567009
-7.155113	-2.498785
-7.133635	-2.470674
-7.098575	-2.474148
-7.069832	-2.478570
-7.043616	-2.510787
-7.005082	-2.483308
-6.980129	-2.454881
-6.944122	-2.442247
-6.914747	-2.428981
-6.875581	-2.451722
-6.831677	-2.450459
-6.815885	-2.435614
-6.770718	-2.412872
-6.737237	-2.409714
-6.699966	-2.399606
-6.657010	-2.394868
-6.627635	-2.413188
-6.584995	-2.373075
-6.544566	-2.359493
-6.516770	-2.372759
-6.471603	-2.318432
-6.434964	-2.340857
-6.387902	-2.321590
-6.349368	-2.310851
-6.314623	-2.320011
-6.281143	-2.290637
-6.244504	-2.274212
-6.195862	-2.253997
-6.162066	-2.260314
-6.112477	-2.262210
-6.081523	-2.250839
-6.050885	-2.265052
-6.002244	-2.233151
-5.963393	-2.211673
-5.923912	-2.219253
-5.886641	-2.215779
-5.853792	-2.243258
-5.811152	-2.167137
-5.787147	-2.149134
-5.740716	-2.152292
-5.697760	-2.135236
-5.673755	-2.175034
-5.640590	-2.176297
-5.607110	-2.123234
-5.570786	-2.104914
-5.546781	-2.084699
-5.514248	-2.120707
-5.474134	-2.126076
-5.459290	-2.121654
-5.426125	-2.111863
-5.382221	-2.037005
-5.368955	-2.048692
-5.335474	-2.090069
-5.306416	-2.093543
-5.279884	-2.067643
-5.260933	-2.040480
-5.246719	-2.000682
-5.212607	-1.998155
-5.200921	-2.044902
-5.183232	-2.079962
-5.161755	-2.045218
-5.148489	-2.035110
-5.121957	-1.978888
-5.118166	-2.019317
-5.090687	-2.032268
-5.081527	-2.034478
-5.077106	-2.048060
-5.055627	-1.986784
-5.059418	-1.965938
-5.035728	-2.010789
-5.043941	-2.012369
-5.034781	-2.028477
-5.024358	-1.998787
-5.036676	-1.973518
-5.018356	-1.961200
-5.020567	-1.965938
-5.032886	-2.032268
-5.016146	-2.009842
-5.033517	-2.013632
-5.027200	-2.001630
-5.039519	-1.984258
-5.048363	-2.016475
-5.048047	-2.024687
-5.068577	-2.026898
-5.068262	-2.025635
-5.083423	-1.988680
-5.103637	-2.028793
-5.106480	-2.003209
-5.137118	-2.035426
-5.145330	-2.036690
-5.158596	-2.005104
-5.185760	-2.032268
-5.198078	-2.020581
-5.219240	-2.035742
-5.241666	-2.063537
-5.264723	-2.037005
-5.278305	-2.067011
-5.306416	-2.060063
-5.344318	-2.060063
-5.365165	-2.076487
-5.383484	-2.093227
-5.411280	-2.095754
-5.446023	-2.113126
-5.478240	-2.145975
-5.511089	-2.113442
-5.547729	-2.122286
-5.576156	-2.138079
-5.601108	-2.130182
-5.639327	-2.162715
-5.675650	-2.169980
-5.706288	-2.133973
-5.738505	-2.153556
-5.784620	-2.162715
-5.818416	-2.210409
-5.839894	-2.219569
-5.892326	-2.217358
-5.929913	-2.222412
-5.956760	-2.181351
-6.007297	-2.225570
-6.032881	-2.277686
-6.084365	-2.280529
-6.121005	-2.288110
-6.158276	-2.231256
-6.205970	-2.246733
-6.230922	-2.284635
-6.283670	-2.302007
-6.320940	-2.348438
-6.347157	-2.310851
-6.401484	-2.302007
-6.430858	-2.295690
-6.478552	-2.362651
-6.508558	-2.404660
-6.540143	-2.392973
-6.600788	-2.390762
-6.620687	-2.344332
-6.661748	-2.338646
-6.705020	-2.422348
-6.731867	-2.436561
-6.777667	-2.446353
-6.812095	-2.428665
-6.847786	-2.388551
-6.873686	-2.411293
-6.910009	-2.443510
-6.955492	-2.488046
-6.966863	-2.480465
-7.015821	-2.455197
-7.040142	-2.439088
-7.068884	-2.465936
-7.109313	-2.516788
-7.127317	-2.522474
-7.166799	-2.522474
-7.183224	-2.504470
-7.215756	-2.484255
-7.243236	-2.529107
-7.259976	-2.530686
-7.295668	-2.567957
-7.306723	-2.556586
-7.329780	-2.528475
-7.352206	-2.563219
-7.363893	-2.546479
-7.387897	-2.570484
-7.395478	-2.585645
-7.430853	-2.555954
-7.435907	-2.590383
-7.442225	-2.569536
-7.468124	-2.579643
-7.481074	-2.609650
-7.483601	-2.582170
-7.497815	-2.591014
-7.501289	-2.590383
-7.518977	-2.602069
-7.505079	-2.579328
-7.519608	-2.584065
-7.530980	-2.602069
-7.520556	-2.592278
-7.524031	-2.594805
-7.531295	-2.601437
-7.518977	-2.559745
-7.515187	-2.581854
-7.511396	-2.561640
-7.512344	-2.600174
-7.498762	-2.613440
-7.487708	-2.573958
-7.490866	-2.567957
-7.474442	-2.568588
-7.466229	-2.562587
-7.463703	-2.584065
-7.436223	-2.597331
-7.415061	-2.559113
-7.407796	-2.522789
-7.392951	-2.535424
-7.359470	-2.577432
-7.347468	-2.574274
-7.339888	-2.574906
-7.305143	-2.503838
-7.295036	-2.483624
-7.257133	-2.497521
-7.244499	-2.545847
-7.213230	-2.575853
-7.177854	-2.530686
-7.169958	-2.505418
-7.127633	-2.465620
-7.108050	-2.469410
-7.071095	-2.534160
-7.034772	-2.508892
-7.006977	-2.494678
-6.980445	-2.439720
-6.949491	-2.404976
-6.912852	-2.461514
-6.871791	-2.461198
-6.857262	-2.475727
-6.799776	-2.446037
-6.775455	-2.387920
-6.737869	-2.377812
-6.693649	-2.389499
-6.671855	-2.425190
-6.627319	-2.424559
-6.586890	-2.377181
-6.549304	-2.349385
-6.509506	-2.314641
-6.481395	-2.362335
-6.423277	-2.356966
-6.395166	-2.333909
-6.357580	-2.316221
-6.313044	-2.282108
-6.279248	-2.281161
-6.229975	-2.301060
-6.201548	-2.307061
-6.150379	-2.296322
-6.115635	-2.248312
-6.084050	-2.243258
-6.036987	-2.223359
-6.001927	-2.233467
-5.967499	-2.250839
-5.922332	-2.223044
-5.887272	-2.218937
-5.851897	-2.200618
-5.821575	-2.196196
-5.770722	-2.183878
-5.741979	-2.169033
-5.715763	-2.165558
-5.671544	-2.156082
-5.637115	-2.140605
-5.612163	-2.141553
-5.571418	-2.126392
-5.536358	-2.137131
-5.506352	-2.106809
-5.488980	-2.126708
-5.444760	-2.132077
-5.413175	-2.065748
-5.393276	-2.085331
-5.359479	-2.091964
-5.335158	-2.092280
-5.311153	-2.101124
-5.282411	-2.072697
-5.261564	-2.053746
-5.235033	-2.026582
-5.221135	-2.031636
-5.200921	-2.078066
-5.173125	-2.049639
-5.170282	-2.044902
-5.141540	-2.025319
-5.132696	-2.007631
-5.114376	-2.023739
-5.101110	-2.038584
-5.087844	-2.056904
-5.065419	-2.008262
-5.068893	-1.994365
-5.061628	-1.998155
-5.038571	-1.998471
-5.046467	-2.036058
-5.031622	-2.022792
-5.029727	-1.984889
-5.026253	-1.946355
-5.027516	-1.950461
-5.026569	-2.006683
-5.016777	-2.015843
-5.031622	-2.020265
-5.022147	-2.000998
-5.035413	-1.943196
-5.042677	-1.986784
-5.037940	-2.020265
-5.062576	-2.037953
-5.063208	-2.029741
-5.069209	-1.988680
-5.085949	-1.992786
-5.098268	-1.985521
-5.123536	-2.058799
-5.120378	-2.056273
-5.145646	-2.026582
-5.166492	-2.022792
-5.176284	-1.994681
-5.202184	-2.020897
-5.216713	-2.068907
-5.247667	-2.066380
-5.258722	-2.087226
-5.286833	-2.024687
-5.319998	-2.055641
-5.327262	-2.093859
-5.355373	-2.090385
-5.395487	-2.124497
-5.416018	-2.100808
-5.452025	-2.090701
-5.481399	-2.095754
-5.516143	-2.114074
-5.539832	-2.155451
-5.563521	-2.139342
-5.613426	-2.130182
-5.640590	-2.142185
-5.670912	-2.127340
-5.706919	-2.142185
-5.735662	-2.176297
-5.778934	-2.194301
-5.810520	-2.190195
-5.857266	-2.205356
-5.886325	-2.217674
-5.916963	-2.210409
-5.965289	-2.229676
-6.004138	-2.240100
-6.036672	-2.236941
-6.080575	-2.261578
-6.122584	-2.255577
-6.154485	-2.280529
-6.193651	-2.271054
-6.240082	-2.267263
-6.280195	-2.311167
-6.310202	-2.304850
-6.359475	-2.307061
-6.387270	-2.318432
-6.434964	-2.320327
-6.472867	-2.353492
-6.504452	-2.372443
-6.557200	-2.410345
-6.583732	-2.369600
-6.621950	-2.345279
-6.671223	-2.392026
-6.691122	-2.389815
-6.739764	-2.451091
-6.767243	-2.429297
-6.810199	-2.404344
-6.844627	-2.404028
-6.874318	-2.420768
-6.921380	-2.471621
-6.939068	-2.482044
-6.977602	-2.459934
-7.011399	-2.453933
-7.028455	-2.418242
-7.074570	-2.489625
-7.096048	-2.532581
-7.136477	-2.543952
-7.158587	-2.535108
-7.190172	-2.476991
-7.221126	-2.483308
-7.238814	-2.517104
-7.270400	-2.567641
-7.288719	-2.580591
-7.297247	-2.542688
-7.333570	-2.514893
-7.349363	-2.508260
-7.370525	-2.559429
-7.382528	-2.592909
-7.410639	-2.593857
-7.423905	-2.579643
-7.429906	-2.514577
-7.462439	-2.549953
-7.465598	-2.614703
-7.478863	-2.619125
-7.489918	-2.632391
-7.494340	-2.590067
-7.506027	-2.560376
-7.504132	-2.561640
-7.519925	-2.597963
-7.521820	-2.636813
-7.507290	-2.616914
-7.530663	-2.576485
-7.529400	-2.589119
-7.521504	-2.569852
-7.521188	-2.609650
-7.514239	-2.603648
-7.514871	-2.603648
-7.500026	-2.574274
-7.504764	-2.562271
-7.505395	-2.586908
-7.482022	-2.602069
-7.477916	-2.595752
-7.468756	-2.597015
-7.446646	-2.569220
-7.437802	-2.579643
-7.421062	-2.539530
-7.409060	-2.568273
-7.380949	-2.576169
-7.358839	-2.537003
-7.355364	-2.567957
-7.326622	-2.554375
-7.312092	-2.528159
-7.291878	-2.543636
-7.262819	-2.521842
-7.239130	-2.529423
-7.214177	-2.526264
-7.195226	-2.529423
-7.159851	-2.504154
-7.127949	-2.485203
-7.103312	-2.501627
-7.066041	-2.489309
-7.044563	-2.503522
-7.006029	-2.459619
-6.977286	-2.439404
-6.947912	-2.434350
-6.906535	-2.423295
-6.878740	-2.467199
-6.839258	-2.455513
-6.813042	-2.404344
-6.765032	-2.401501
-6.730288	-2.370548
-6.703756	-2.414767
-6.661432	-2.422980
-6.626688	-2.402133
-6.586575	-2.385393
-6.540460	-2.319695
-6.519297	-2.348122
-6.457390	-2.361072
-6.438123	-2.368021
-6.398641	-2.360440
-6.341471	-2.285899
-6.321572	-2.254945
-6.280195	-2.281477
-6.230290	-2.296322
-6.206917	-2.323485
-6.153538	-2.283688
-6.128269	-2.263789
-6.065414	-2.207883
-6.046147	-2.213884
-6.010456	-2.279897
-5.956129	-2.266948
-5.924859	-2.237257
-5.893589	-2.187036
-5.853792	-2.157978
-5.816521	-2.194932
-5.782409	-2.197459
-5.748296	-2.211041
-5.699023	-2.173770
-5.676281	-2.114074
-5.642485	-2.116285
-5.605846	-2.139658
-5.571733	-2.161136
-5.536990	-2.149450
-5.507299	-2.131446
-5.473503	-2.098597
-5.452341	-2.078382
-5.428020	-2.110599
-5.383484	-2.114706
-5.363585	-2.096386
-5.337054	-2.076803
-5.309574	-2.051850
-5.289991	-2.059115
-5.258406	-2.050271
-5.249562	-2.079962
-5.213871	-2.061958
-5.193340	-2.010473
-5.194287	-2.033847
-5.154490	-2.014264
-5.154490	-2.031952
-5.127010	-2.052482
-5.114376	-2.021528
-5.092582	-2.030372
-5.078369	-2.023739
-5.077421	-2.001314
-5.060681	-2.038584
-5.047415	-1.998155
-5.050258	-2.020897
-5.031622	-2.009842
-5.038571	-2.013632
-5.030359	-2.003209
-5.023726	-1.992154
-5.026569	-1.994049
-5.018041	-1.988995
-5.026569	-2.000050
-5.030991	-2.011737
-5.023094	-1.970992
-5.042677	-2.000050
-5.028780	-1.995312
-5.045836	-2.012053
-5.054364	-2.038584
-5.060681	-2.020265
-5.078369	-1.993101
-5.077106	-1.992470
-5.097004	-2.013316
-5.106480	-2.035426
-5.130169	-2.032899
-5.150700	-2.040480
-5.158280	-2.009842
-5.179442	-2.001945
-5.200604	-2.038269
-5.221135	-2.066696
-5.241982	-2.082488
-5.260301	-2.038269
-5.288412	-2.041427
-5.301362	-2.036058
-5.336106	-2.079014
-5.370534	-2.134604
-5.375904	-2.122286
-5.416333	-2.107125
-5.446023	-2.062274
-5.482347	-2.080593
-5.506352	-2.143448
-5.536358	-2.139658
-5.580894	-2.171243
-5.605214	-2.153240
-5.633957	-2.084699
-5.681651	-2.134920
-5.693969	-2.177876
-5.745138	-2.206935
-5.773880	-2.205987
-5.822206	-2.168085
-5.850949	-2.172191
-5.882535	-2.190826
-5.936230	-2.234098
-5.965289	-2.280845
-5.995610	-2.247365
-6.044568	-2.238205
-6.072363	-2.212305
-6.119425	-2.252418
-6.158907	-2.284319
-6.199653	-2.305166
-6.236923	-2.307693
-6.271667	-2.284951
-6.321572	-2.292532
-6.349683	-2.312114
-6.398957	-2.334856
-6.426120	-2.362020
-6.467813	-2.347490
-6.509506	-2.353807
-6.540143	-2.347490
-6.596998	-2.374338
-6.624793	-2.415083
-6.655115	-2.398027
-6.701230	-2.403713
-6.730604	-2.412556
-6.769138	-2.405923
-6.809884	-2.417610
-6.841785	-2.433403
-6.885689	-2.449195
-6.910325	-2.444458
-6.952650	-2.461514
-6.979813	-2.472569
-7.012031	-2.445721
-7.047722	-2.492783
-7.063830	-2.476675
-7.097627	-2.500048
-7.136793	-2.527212
-7.156060	-2.503522
-7.196489	-2.518683
-7.214493	-2.511103
-7.246395	-2.528475
-7.260608	-2.561324
-7.280507	-2.531002
-7.317146	-2.528475
-7.328201	-2.535740
-7.344309	-2.516157
-7.368314	-2.561008
-7.391372	-2.572379
-7.408744	-2.586908
-7.421694	-2.549321
-7.441277	-2.533529
-7.450752	-2.569220
-7.461492	-2.581854
-7.483601	-2.613440
-7.484865	-2.600806
-7.498131	-2.555323
-7.499710	-2.541425
-7.508554	-2.576169
-7.515187	-2.619125
-7.517082	-2.608386
-7.524346	-2.606175
-7.528769	-2.569220
-7.521188	-2.532581
-7.525610	-2.603964
-7.517714	-2.634918
-7.524978	-2.632075
-7.511396	-2.601437
-7.509817	-2.557849
-7.503816	-2.553427
-7.489603	-2.576169
-7.488023	-2.615335
-7.481390	-2.633023
-7.462123	-2.576169
-7.453911	-2.545847
-7.430538	-2.532897
-7.427063	-2.595120
-7.399584	-2.602385
-7.389161	-2.572063
-7.373368	-2.561640
-7.345257	-2.503522
-7.338308	-2.514577
-7.303248	-2.574906
-7.289982	-2.564798
-7.268820	-2.573642
-7.237235	-2.525632
-7.216073	-2.511735
-7.183856	-2.512998
-7.158903	-2.520579
-7.142794	-2.552480
-7.096048	-2.498153
-7.077412	-2.481413
-7.031929	-2.483939
-7.005713	-2.454249
-6.987078	-2.476359
-6.946964	-2.474148
-6.912852	-2.433403
-6.871791	-2.430876
-6.845575	-2.413188
-6.807673	-2.431508
-6.770086	-2.420137
-6.741659	-2.430876
-6.693333	-2.409714
-6.660169	-2.396132
-6.627951	-2.385709
-6.593839	-2.343384
-6.549619	-2.372759
-6.501609	-2.347806
-6.481079	-2.339594
-6.425173	-2.362967
-6.394851	-2.319063
-6.357264	-2.313378
-6.311781	-2.316537
-6.278616	-2.286215
-6.237239	-2.290637
-6.193019	-2.290637
-6.161750	-2.280845
-6.114056	-2.230624
-6.085313	-2.236310
-6.048358	-2.256524
-5.996242	-2.235994
-5.967815	-2.246417
-5.924543	-2.215147
-5.880640	-2.175665
-5.854107	-2.173455
-5.812415	-2.166821
-5.780829	-2.215779
-5.731556	-2.186089
-5.708183	-2.133025
-5.681967	-2.131446
-5.630483	-2.113126
-5.612163	-2.130498
-5.570154	-2.162715
-5.543307	-2.135552
-5.512669	-2.109020
-5.473819	-2.070486
-5.462448	-2.107441
-5.419176	-2.115021
-5.389802	-2.114706
-5.370850	-2.117232
-5.334843	-2.054061
-5.310838	-2.027845
-5.283042	-2.054377
-5.260301	-2.084383
-5.239455	-2.086279
-5.217345	-2.054377
-5.207237	-2.032899
-5.175652	-1.995312
-5.162702	-2.010789
-5.147541	-2.061326
-5.127958	-2.032268
-5.112481	-2.030688
-5.093214	-1.981099
-5.088792	-1.985521
-5.070157	-2.023739
-5.058470	-2.030372
-5.060681	-2.060694
-5.042046	-2.000366
-5.050258	-1.987416
-5.032254	-1.988995
-5.026885	-1.998787
-5.031938	-2.040796
-5.018041	-2.018370
-5.025621	-1.992786
-5.015830	-2.004472
-5.028148	-1.970044
-5.033202	-2.020897
-5.026569	-2.003840
-5.048678	-2.014264
-5.045520	-2.014580
-5.046467	-1.982362
-5.072368	-2.005420
-5.065419	-2.014895
-5.087529	-2.028477
-5.092267	-2.018370
-5.117219	-1.999103
-5.129853	-2.029425
-5.138381	-2.004472
-5.168387	-2.015211
-5.186391	-2.052482
-5.194919	-2.025319
-5.219872	-2.055009
-5.238823	-2.056904
-5.264723	-2.051535
-5.274515	-2.052166
-5.311470	-2.056904
-5.344950	-2.088174
-5.358532	-2.105230
-5.384748	-2.099229
-5.423913	-2.080909
-5.449814	-2.085331
-5.477925	-2.107441
-5.509194	-2.109336
-5.542359	-2.142817
-5.567312	-2.128919
-5.610584	-2.097965
-5.643117	-2.128603
-5.668069	-2.134289
-5.708183	-2.170612
-5.735978	-2.203145
-5.781461	-2.182298
-5.806098	-2.162400
-5.851897	-2.149134
-5.896432	-2.204724
-5.919174	-2.250207
-5.960235	-2.224939
-6.016457	-2.249891
-6.032881	-2.198723
-6.083734	-2.218937
-6.115004	-2.257788
-6.158907	-2.291268
-6.195547	-2.314010
-6.228079	-2.260314
-6.289671	-2.242942
-6.314939	-2.279582
-6.348420	-2.307693
-6.401168	-2.384130
-6.428331	-2.354439
-6.479815	-2.345595
-6.506663	-2.307693
-6.547092	-2.332329
-6.586258	-2.399291
-6.615317	-2.409714
-6.671855	-2.423295
-6.693333	-2.398027
-6.735658	-2.348122
-6.772613	-2.401186
-6.801987	-2.447932
-6.846523	-2.455513
-6.874002	-2.450143
-6.913484	-2.408134
-6.948860	-2.419505
-6.979497	-2.433403
-7.012662	-2.502259
-7.030350	-2.508260
-7.073938	-2.498469
-7.104260	-2.488993
-7.127001	-2.475727
-7.163325	-2.515841
-7.180381	-2.538898
-7.223337	-2.554691
-7.234708	-2.536371
-7.269136	-2.504786
-7.297563	-2.537951
-7.300722	-2.528159
-7.333254	-2.537635
-7.352838	-2.561008
-7.367367	-2.524053
-7.390424	-2.547426
-7.401479	-2.544268
-7.427063	-2.558165
-7.434644	-2.582486
-7.448857	-2.556586
-7.476968	-2.578696
-7.475705	-2.592593
-7.487076	-2.558797
-7.497815	-2.572379
-7.491498	-2.577432
-7.509185	-2.571431
-7.508554	-2.581854
-7.527505	-2.602069
-7.518661	-2.592593
-7.518345	-2.562587
-7.535086	-2.579959
-7.520556	-2.593857
-7.517398	-2.585013
-7.523715	-2.617862
-7.513608	-2.582802
-7.507290	-2.590698
-7.497815	-2.578696
-7.500026	-2.584381
-7.486444	-2.617546
-7.476653	-2.581854
-7.470019	-2.555954
-7.446646	-2.532897
-7.435276	-2.547110
-7.419483	-2.576801
-7.410639	-2.592278
-7.388529	-2.573958
-7.361050	-2.516788
-7.355996	-2.494678
-7.327569	-2.533213
-7.301985	-2.547742
-7.286508	-2.586908
-7.263135	-2.537635
-7.243868	-2.494678
-7.212598	-2.468463
-7.188909	-2.499416
-7.168694	-2.551848
-7.119737	-2.526580
-7.114683	-2.506997
-7.063199	-2.448248
-7.041721	-2.410977
-7.018979	-2.474464
-6.973812	-2.486466
-6.950755	-2.476359
-6.911589	-2.465936
-6.876845	-2.382866
-6.849050	-2.401186
-6.798197	-2.418874
-6.777035	-2.462461
-6.726182	-2.444773
-6.692386	-2.378444
-6.677225	-2.362651
-6.618475	-2.357913
-6.590049	-2.378444
-6.550883	-2.399291
-6.510138	-2.366441
-6.475078	-2.338646
-6.427700	-2.288110
-6.402431	-2.313062
-6.349683	-2.335488
-6.312728	-2.326644
-6.282091	-2.310851
-6.236291	-2.267263
-6.201548	-2.257788
-6.152274	-2.248628
-6.126690	-2.261262
-6.074574	-2.286215
-6.036355	-2.235362
-6.008245	-2.229045
-5.962761	-2.237257
-5.921069	-2.205040
-5.892642	-2.220517
-5.852529	-2.209462
-5.816837	-2.200934
-5.773565	-2.169348
-5.748612	-2.174718
-5.703761	-2.168401
-5.664595	-2.152292
-5.641853	-2.140605
-5.604898	-2.143448
-5.569207	-2.129867
-5.540148	-2.124181
-5.510142	-2.083436
-5.482663	-2.121654
-5.439075	-2.086594
-5.431179	-2.089437
-5.390749	-2.128287
-5.348424	-2.075855
-5.347793	-2.059431
-5.301994	-2.059115
-5.284938	-2.035426
-5.262828	-2.060694
-5.240087	-2.048376
-5.221767	-2.033531
-5.200289	-2.023739
-5.170599	-1.992470
-5.165861	-2.030372
-5.135854	-2.030372
-5.133012	-2.038269
-5.109954	-2.005420
-5.095741	-1.969097
-5.084686	-1.988364
-5.067945	-2.017422
-5.063524	-2.049324
-5.051837	-2.027845
-5.051521	-1.985837
-5.036676	-1.976677
-5.032886	-1.965622
-5.033202	-2.015843
-5.025937	-2.025319
-5.021515	-2.004788
-5.027516	-1.975729
-5.022147	-1.937827
-5.032254	-2.003840
-5.020883	-2.006052
-5.043625	-2.039532
-5.035097	-2.028477
-5.054048	-1.969097
-5.059418	-1.969097
-5.062576	-2.009842
-5.070157	-2.042375
-5.078369	-2.057852
-5.097320	-2.017738
-5.114376	-1.997208
-5.120378	-1.962148
-5.154174	-2.013000
-5.163018	-2.069854
-5.180390	-2.051219
-5.206922	-2.043006
-5.210712	-2.013000
-5.247351	-2.029741
-5.258722	-2.062274
-5.283359	-2.073328
-5.311470	-2.111231
-5.328526	-2.075540
-5.368639	-2.050271
-5.391381	-2.094175
-5.416018	-2.099860
-5.450761	-2.133973
-5.478872	-2.128919
-5.517091	-2.112494
-5.534779	-2.112494
-5.570154	-2.119443
-5.613426	-2.155451
-5.632062	-2.173770
-5.675650	-2.150397
-5.710710	-2.169348
-5.739137	-2.162400
-5.781461	-2.175665
-5.818732	-2.196828
-5.852529	-2.224623
-5.886009	-2.205356
-5.922964	-2.199986
-5.968447	-2.244838
-5.990557	-2.232835
-6.048990	-2.256208
-6.073942	-2.266000
-6.122584	-2.252102
-6.161434	-2.286846
-6.198073	-2.271685
-6.241977	-2.275791
-6.271036	-2.299480
-6.313360	-2.279897
-6.354737	-2.339278
-6.388217	-2.338015
-6.439070	-2.351596
-6.470340	-2.332961
-6.509190	-2.338015
-6.552146	-2.356018
-6.583416	-2.370863
-6.638374	-2.403081
-6.661748	-2.395184
-6.699335	-2.351912
-6.733131	-2.397079
-6.766612	-2.389183
-6.816201	-2.434982
-6.844627	-2.459303
-6.872738	-2.414767
-6.916642	-2.408134
-6.942226	-2.407187
-6.986130	-2.470358
-7.003187	-2.490257
-7.046459	-2.494678
-7.074254	-2.489625
-7.097627	-2.432771
-7.138688	-2.467831
-7.164904	-2.528791
-7.186066	-2.543952
-7.212598	-2.547426
-7.241657	-2.510155
-7.274189	-2.480149
-7.279875	-2.506681
-7.308934	-2.550269
-7.334834	-2.591962
-7.344309	-2.575853
-7.369262	-2.535108
-7.388213	-2.502259
-7.412534	-2.556586
-7.418851	-2.602069
-7.433696	-2.605228
-7.462439	-2.624811
-7.460544	-2.556586
-7.476968	-2.531949
-7.489287	-2.599542
-7.492445	-2.629864
-7.503816	-2.634286
-7.504447	-2.597647
-7.522451	-2.571747
-7.514239	-2.562587
-7.516766	-2.572379
-7.528452	-2.771999
-7.521820	-2.625126
-7.528137	-2.565114
-7.523715	-2.572695
-7.518029	-2.549953
-7.515819	-2.595120
-7.504764	-2.607754
-7.509501	-2.614703
-7.494656	-2.594489
-7.472862	-2.554375
-7.488971	-2.572379
-7.452332	-2.587540
-7.457386	-2.580907
-7.433064	-2.580907
-7.423273	-2.543320
-7.408112	-2.551848
-7.382528	-2.539846
-7.363261	-2.539846
-7.355364	-2.565114
-7.326622	-2.515525
-7.315251	-2.541425
-7.281455	-2.535108
-7.271347	-2.515525
-7.241341	-2.527212
-7.218284	-2.527212
-7.191436	-2.506681
-7.159219	-2.516788
-7.136793	-2.513314
-7.090678	-2.476675
-7.072043	-2.456460
-7.044248	-2.472569
-7.004134	-2.445089
-6.980445	-2.479833
-6.948860	-2.471937
-6.911904	-2.413820
-6.876845	-2.428349
-6.842101	-2.404660
-6.814937	-2.437193
-6.759347	-2.432771
-6.742922	-2.394553
-6.706599	-2.396448
-6.658273	-2.350649
-6.626056	-2.360756
-6.591944	-2.400238
-6.550883	-2.389815
-6.507926	-2.354439
-6.468445	-2.292532
-6.439386	-2.304218
-6.390745	-2.325696
-6.349999	-2.319379
-6.323467	-2.342121
-6.276405	-2.301376
-6.236923	-2.233783
-6.199021	-2.248312
-6.155433	-2.271054
-6.120689	-2.295058
-6.072995	-2.255261
-6.054044	-2.248944
-6.005086	-2.194301
-5.953602	-2.189879
-5.933071	-2.250839
-5.885377	-2.253681
-5.852529	-2.227150
-5.813678	-2.178192
-5.783356	-2.127656
-5.739768	-2.152924
-5.699655	-2.173770
-5.681651	-2.187036
-5.639327	-2.172191
-5.601740	-2.116285
-5.577103	-2.097649
-5.540780	-2.096386
-5.507615	-2.146923
-5.476977	-2.128919
-5.453288	-2.115653
-5.420124	-2.091648
-5.378115	-2.056588
-5.372114	-2.085015
-5.330421	-2.102387
-5.311785	-2.085015
-5.281779	-2.079014
-5.259037	-2.025950
-5.247983	-2.036374
-5.210712	-2.034163
-5.200604	-2.032583
-5.185760	-2.064801
-5.154806	-1.997523
-5.150700	-2.032268
-5.116587	-2.015527
-5.118798	-1.996260
-5.096688	-2.031320
-5.078369	-2.006999
-5.075842	-2.005736
-5.057522	-2.006367
-5.052469	-1.988680
-5.042046	-2.014895
-5.036676	-1.989311
-5.043941	-2.007631
-5.020252	-1.989943
-5.028148	-1.978572
-5.026569	-1.984889
-5.021199	-1.976361
-5.025621	-2.000998
-5.030991	-1.988364
-5.033202	-2.004156
-5.030359	-2.029425
-5.038571	-1.980467
-5.053732	-1.994997
-5.050574	-2.001314
-5.058786	-2.001945
-5.071420	-2.032899
-5.080895	-2.031004
-5.094793	-2.020581
-5.109323	-1.997523
-5.133012	-2.016159
-5.139960	-2.036374
-5.158280	-2.044270
-5.186075	-2.053430
-5.195235	-2.018370
-5.221135	-2.001630
-5.241034	-2.036374
-5.258406	-2.069538
-5.283359	-2.097649
-5.303257	-2.064169
-5.350636	-2.048692
-5.368639	-2.052798
-5.385379	-2.066380
-5.421387	-2.121654
-5.442549	-2.120391
-5.481399	-2.120075
-5.508879	-2.092911
-5.543622	-2.078382
-5.574892	-2.142185
-5.602056	-2.159557
-5.642169	-2.160188
-5.676913	-2.167137
-5.697444	-2.111547
-5.747033	-2.141553
-5.773565	-2.188931
-5.821259	-2.226834
-5.855371	-2.244206
-5.889483	-2.211357
-5.930544	-2.190195
-5.955497	-2.206619
-6.010140	-2.244206
-6.038567	-2.295058
-6.075206	-2.268527
-6.121952	-2.271054
-6.153222	-2.233151
-6.203759	-2.268527
-6.233765	-2.295058
-6.277353	-2.310535
-6.322836	-2.327276
-6.341787	-2.285899
-6.400536	-2.303902
-6.433069	-2.326012
-6.473183	-2.353492
-6.511085	-2.381603
-6.550883	-2.367073
-6.591628	-2.365810
-6.622582	-2.369284
-6.654483	-2.382234
-6.701230	-2.422348
-6.732183	-2.401501
-6.782088	-2.424875
-6.805461	-2.420137
-6.843996	-2.414136
-6.879687	-2.432771
-6.906219	-2.435614
-6.955177	-2.474148
-6.974128	-2.449827
-7.014241	-2.473832
-7.039194	-2.494363
-7.055618	-2.471937
-7.111209	-2.505418
-7.132055	-2.506997
-7.156060	-2.503522
-7.186698	-2.551217
-7.207544	-2.528475
-7.243868	-2.532581
-7.263451	-2.526264
-7.301669	-2.524685
-7.311777	-2.566693
-7.321884	-2.557534
-7.354101	-2.530054
-7.367367	-2.545215
-7.383791	-2.530370
-7.405585	-2.573958
-7.422957	-2.578064
-7.435907	-2.607439
-7.447594	-2.573326
-7.464334	-2.551532
-7.481706	-2.571115
-7.480443	-2.582486
-7.503184	-2.607439
-7.507290	-2.602069
-7.508554	-2.560061
-7.513608	-2.540793
-7.522767	-2.551848
-7.521820	-2.626074
-7.520556	-2.628917
-7.528137	-2.609018
-7.531927	-2.597015
-7.513923	-2.528159
-7.523399	-2.581538
-7.515502	-2.619441
-7.509501	-2.636813
-7.503500	-2.615335
-7.494972	-2.553743
-7.490550	-2.547742
-7.470335	-2.586592
-7.467493	-2.602701
-7.450752	-2.626390
-7.432749	-2.572379
-7.429906	-2.541109
-7.400532	-2.506365
-7.390108	-2.557534
-7.366735	-2.596699
-7.346520	-2.565430
-7.342414	-2.569852
-7.299142	-2.496574
-7.290298	-2.497205
-7.260924	-2.555323
-7.235655	-2.548374
-7.221442	-2.556586
-7.183224	-2.530370
-7.162061	-2.482676
-7.132687	-2.493415
-7.099206	-2.482360
-7.073938	-2.520579
-7.035404	-2.488993
-7.015189	-2.440036
-6.980761	-2.441299
-6.942226	-2.429297
-6.914747	-2.444458
-6.875581	-2.456144
-6.847154	-2.436561
-6.806725	-2.405923
-6.772929	-2.402449
-6.735973	-2.422348
-6.691122	-2.400870
-6.669644	-2.403713
-6.625741	-2.395184
-6.585627	-2.389815
-6.544566	-2.380655
-6.510453	-2.344964
-6.481710	-2.356966
-6.420435	-2.333277
-6.403378	-2.312430
-6.354421	-2.334856
-6.313044	-2.296322
-6.279880	-2.267263
-6.238187	-2.295374
-6.202179	-2.264736
-6.154801	-2.272633
-6.118794	-2.272949
-6.087840	-2.265052
-6.030039	-2.218937
-6.002559	-2.214515
-5.972553	-2.226518
-5.914436	-2.233151
-5.888852	-2.227150
-5.851581	-2.211989
-5.817469	-2.166821
-5.773565	-2.162400
-5.736610	-2.139974
-5.718922	-2.172507
-5.672807	-2.177561
-5.633009	-2.112179
-5.615953	-2.122602
-5.559731	-2.094175
-5.543307	-2.106809
-5.506668	-2.133341
-5.480768	-2.124813
-5.446023	-2.100808
-5.413490	-2.056273
-5.391381	-2.064169
-5.359479	-2.106809
-5.336738	-2.100492
-5.313365	-2.115021
-5.283042	-2.054693
-5.257458	-2.010158
-5.240718	-2.028477
-5.226820	-2.062589
-5.199025	-2.074908
-5.179126	-2.042691
-5.169335	-2.023108
-5.139960	-1.976361
-5.125747	-2.012369
-5.120061	-2.052482
-5.092898	-2.044586
-5.085318	-2.037637
-5.069525	-1.991838
-5.068893	-1.960884
-5.049942	-2.010789
-5.046467	-2.015527
-5.046467	-2.053746
-5.029727	-2.004472
-5.034465	-1.962148
-5.031622	-1.981415
-5.024042	-1.983626
-5.026569	-2.013948
-5.017093	-2.027214
-5.035097	-2.001630
-5.022462	-1.989311
-5.039834	-1.973203
-5.050574	-2.024687
-5.037940	-2.022160
-5.048678	-2.011105
-5.070472	-2.015211
-5.063524	-1.993101
-5.086897	-1.998787
-5.099215	-2.013632
-5.119114	-2.048376
-5.122272	-2.046797
-5.140592	-1.990575
-5.170599	-2.029109
-5.176284	-2.032268
-5.195551	-2.019633
-5.223030	-2.054377
-5.237875	-2.043006
-5.262196	-2.062589
-5.292834	-2.063221
-5.312101	-2.069854
-5.334211	-2.079962
-5.359795	-2.077750
-5.400225	-2.086279
-5.418860	-2.092596
-5.446655	-2.096702
-5.480136	-2.090385
-5.506352	-2.108388
-5.541728	-2.106177
-5.567627	-2.097649
-5.613426	-2.151660
-5.640274	-2.168085
-5.671228	-2.127971
-5.710078	-2.166190
-5.738505	-2.166506
-5.788410	-2.195248
-5.814310	-2.228729
-5.851581	-2.219253
-5.892010	-2.216411
-5.918858	-2.194301
-5.969395	-2.212305
-6.007297	-2.283056
-6.044884	-2.269790
-6.084682	-2.290005
-6.112477	-2.239784
-6.160487	-2.250839
-6.201863	-2.285583
-6.231554	-2.307377
-6.281143	-2.340226
-6.309570	-2.303271
-6.356317	-2.272949
-6.390745	-2.291268
-6.429595	-2.323485
-6.481710	-2.391394
-6.502873	-2.391394
-6.546145	-2.360440
-6.590681	-2.333909
-6.620687	-2.342121
-6.667433	-2.420768
-6.696176	-2.414451
-6.741027	-2.435930
-6.766927	-2.398343
-6.808620	-2.354123
-6.849681	-2.403397
-6.873055	-2.455513
-6.909062	-2.473832
-6.946332	-2.475411
-6.977918	-2.447932
-7.005082	-2.438141
-7.039194	-2.447932
-7.078360	-2.520579
-7.096048	-2.531318
-7.128265	-2.519947
-7.168063	-2.493099
-7.177538	-2.478570
-7.222705	-2.512682
-7.236287	-2.539530
-7.271663	-2.560376
-7.286824	-2.555007
-7.295352	-2.510787
-7.340835	-2.520263
-7.345573	-2.561640
-7.366419	-2.556270
-7.387266	-2.584697
-7.399584	-2.546163
-7.426747	-2.549637
-7.428958	-2.551848
-7.456754	-2.562903
-7.468756	-2.608386
-7.466861	-2.594173
-7.491498	-2.568273
-7.498131	-2.600174
-7.499710	-2.569220
-7.510449	-2.584381
-7.511081	-2.589435
-7.522451	-2.591330
-7.516450	-2.578064
-7.525610	-2.583750
-7.528137	-2.597331
-7.518661	-2.571431
-7.527821	-2.582486
-7.520240	-2.574274
-7.516450	-2.579959
-7.507922	-2.603017
-7.498446	-2.573010
-7.496552	-2.574906
-7.476653	-2.576169
-7.474126	-2.561640
-7.466229	-2.604280
-7.450121	-2.575537
-7.441593	-2.549953
-7.416956	-2.540162
-7.411271	-2.534792
-7.386318	-2.561008
-7.370210	-2.577432
-7.357575	-2.587856
-7.319357	-2.530370
-7.313355	-2.501627
-7.285876	-2.522789
-7.261556	-2.522789
-7.251764	-2.563219
-7.210387	-2.538582
-7.189225	-2.483624
-7.160482	-2.477307
-7.132371	-2.480781
-7.102365	-2.537319
-7.063199	-2.506049
-7.049617	-2.487098
-7.010135	-2.452354
-6.975391	-2.385077
-6.955808	-2.446037
-6.907166	-2.487730
-6.880635	-2.459303
-6.844627	-2.446037
-6.801987	-2.381603
-6.771981	-2.384445
-6.726498	-2.392342
-6.704388	-2.421716
-6.665854	-2.438456
-6.617212	-2.375917
-6.588785	-2.326012
-6.554989	-2.336751
-6.508243	-2.358861
-6.473498	-2.365810
-6.431806	-2.360756
-6.396430	-2.323169
-6.344945	-2.266000
-6.313044	-2.264421
-6.285565	-2.316537
-6.234396	-2.313062
-6.200600	-2.309588
-6.158591	-2.263473
-6.126374	-2.254313
-6.075838	-2.234730
-6.045516	-2.241995
-6.008245	-2.270422
-5.961182	-2.235994
-5.925491	-2.195880
-5.882535	-2.199039
-5.849054	-2.176613
-5.819995	-2.195248
-5.774828	-2.177245
-5.746085	-2.167769
-5.702813	-2.145343
-5.673439	-2.128287
-5.644696	-2.142817
-5.599845	-2.123865
-5.576787	-2.141237
-5.534463	-2.117864
-5.510142	-2.112494
-5.482663	-2.116285
-5.451077	-2.077119
-5.428651	-2.081857
-5.385064	-2.089753
-5.367376	-2.057536
-5.352215	-2.096070
-5.300730	-2.048060
-5.291571	-2.043954
-5.256827	-2.043638
-5.235664	-2.019001
-5.221767	-2.038584
-5.195551	-2.034794
-5.186707	-2.014580
-5.161438	-2.001945
-5.142488	-1.982362
-5.131748	-2.018686
-5.107111	-2.019317
-5.099847	-2.028793
-5.084054	-2.021213
-5.071420	-1.980467
-5.063208	-1.983310
-5.050889	-1.991206
-5.048678	-2.025319
-5.036044	-2.020581
-5.037308	-1.983310
-5.029096	-1.972255
-5.030359	-1.957094
-5.021515	-1.995628
-5.022462	-2.020581
-5.018356	-2.012053
-5.028464	-1.994365
-5.028464	-1.952040
-5.040782	-2.000366
-5.034149	-2.024055
-5.050574	-2.033847
-5.057522	-2.039532
-5.062576	-1.994997
-5.078053	-1.959621
-5.085633	-1.994365
-5.097636	-2.040796
-5.111217	-2.052798
-5.124484	-2.025319
-5.147541	-2.031004
-5.157964	-1.980467
-5.175020	-1.995944
-5.209448	-2.061326
-5.215765	-2.046165
-5.248299	-2.051850
-5.250510	-2.036690
-5.285254	-2.018686
-5.307364	-2.067643
-5.334211	-2.084383
-5.374640	-2.111231
-5.384748	-2.104914
-5.416018	-2.057536
-5.463711	-2.090701
-5.475082	-2.089121
-5.506983	-2.133973
-5.540148	-2.140290
-5.568575	-2.125445
-5.607741	-2.132709
-5.634904	-2.119443
-5.680704	-2.145975
-5.704709	-2.166506
-5.746717	-2.161452
-5.784620	-2.175665
-5.813678	-2.181035
-5.851897	-2.188616
-5.894221	-2.205356
-5.928649	-2.229045
-5.960551	-2.231572
-6.004138	-2.212936
-6.040778	-2.253997
-6.074574	-2.227150
-6.123847	-2.250207
-6.157328	-2.279897
-6.197757	-2.268527
-6.240082	-2.300428
-6.272299	-2.308640
-6.326626	-2.290321
-6.346209	-2.312114
-6.392324	-2.302007
-6.436543	-2.340857
-6.466234	-2.342121
-6.513296	-2.347490
-6.544250	-2.367705
-6.586890	-2.335804
-6.627319	-2.366126
-6.655746	-2.381603
-6.707547	-2.420453
-6.728077	-2.413504
-6.767875	-2.369600
-6.818727	-2.400238
-6.837047	-2.406239
-6.873055	-2.433403
-6.912852	-2.484255
-6.945701	-2.447300
-6.980445	-2.443826
-7.004766	-2.410661
-7.046459	-2.466252
-7.072043	-2.510787
-7.098575	-2.494363
-7.140267	-2.514261
-7.160482	-2.474780
-7.183856	-2.460566
-7.223653	-2.511735
-7.237551	-2.544584
-7.261240	-2.557218
-7.291878	-2.514577
-7.313355	-2.484887
-7.331044	-2.501627
-7.348100	-2.537635
-7.375263	-2.592278
-7.382528	-2.583118
-7.405269	-2.568588
-7.420746	-2.502259
-7.439066	-2.533529
-7.455174	-2.598911
-7.463071	-2.601437
-7.483917	-2.624495
-7.478863	-2.596384
-7.492445	-2.535108
-7.506343	-2.573010
-7.502237	-2.600174
-7.521504	-2.618809
-7.515819	-2.606175
-7.528452	-2.566377
-7.524978	-2.569220
-7.518029	-2.561955
-7.536981	-2.602701
-7.516134	-2.621652
-7.518345	-2.595436
-7.516134	-2.583434
-7.505711	-2.552480
-7.502868	-2.584697
-7.492761	-2.611229
-7.483601	-2.600174
-7.478863	-2.601753
-7.458017	-2.571431
-7.468756	-2.574590
-7.431170	-2.563219
-7.426432	-2.563535
-7.413166	-2.586592
-7.390424	-2.535424
-7.369262	-2.546163
-7.348732	-2.541109
-7.334834	-2.531318
-7.310197	-2.561640
-7.283665	-2.526896
-7.272295	-2.533529
-7.234392	-2.542688
-7.217968	-2.501312
-7.187645	-2.503522
-7.156692	-2.514893
-7.134582	-2.511419
-7.096995	-2.499100
-7.073938	-2.513630
-7.027823	-2.491836
-7.012978	-2.432771
-6.985815	-2.453617
-6.944438	-2.436877
-6.913800	-2.446353
-6.878740	-2.454881
-6.844312	-2.416031
-6.809252	-2.409398
-6.768507	-2.380971
-6.744186	-2.402449
-6.699966	-2.430876
-6.653220	-2.391710
-6.631110	-2.367073
-6.587838	-2.343384
-6.550567	-2.323485
-6.513612	-2.367073
-6.475709	-2.364231
-6.430226	-2.353807
-6.391692	-2.282424
-6.358212	-2.253050
-6.317151	-2.290637
-6.273247	-2.297585
-6.243240	-2.315589
-6.193651	-2.295058
-6.157644	-2.247365
-6.118794	-2.212620
-6.079312	-2.242627
-6.039514	-2.283056
-5.996242	-2.266000
-5.965604	-2.226518
-5.929913	-2.197144
-5.893273	-2.145343
-5.854107	-2.199670
-5.809888	-2.219885
-5.785883	-2.206303
-5.740400	-2.192090
-5.705340	-2.133025
-5.679756	-2.128287
-5.633325	-2.130814
-5.611847	-2.167769
-5.567312	-2.171875
-5.540780	-2.120075
-5.511721	-2.103019
-5.485189	-2.089753
-5.450761	-2.111231
-5.415386	-2.115337
-5.387906	-2.086594
-5.370534	-2.086594
-5.336422	-2.032899
-5.315891	-2.043322
-5.278621	-2.055957
-5.262512	-2.060063
-5.246088	-2.070170
-5.213554	-2.031952
-5.203447	-2.029109
-5.177863	-2.032899
-5.163650	-2.011421
-5.145962	-2.059747
-5.124484	-2.007947
-5.123536	-2.037637
-5.090371	-2.036690
-5.084370	-1.995944
-5.076158	-2.012685
-5.057522	-2.024687
-5.055627	-1.997523
-5.046783	-2.003525
-5.047415	-2.004472
-5.035097	-2.010789
-5.017093	-1.978572
-5.034465	-1.992786
-5.026253	-2.001314
-5.019620	-1.995628
-5.027200	-2.004156
-5.029096	-1.970676
-5.033517	-1.984258
-5.029096	-1.984258
-5.048678	-2.007631
-5.049310	-2.042375
-5.045836	-2.020265
-5.066366	-1.991838
-5.071104	-2.009842
-5.088476	-1.992786
-5.091635	-2.034163
-5.114376	-2.037321
-5.121641	-2.035110
-5.137750	-1.997208
-5.166808	-1.993101
-5.183232	-2.042375
-5.195551	-2.047428
-5.220819	-2.060379
-5.238507	-2.037321
-5.265671	-2.014264
-5.281147	-2.015527
-5.308943	-2.047113
-5.344318	-2.115337
-5.358848	-2.108704
-5.391065	-2.115021
-5.429599	-2.063537
-5.439706	-2.046481
-5.485506	-2.122286
-5.505088	-2.139658
-5.543307	-2.140290
-5.570470	-2.128919
-5.603635	-2.070802
-5.646591	-2.137131
-5.666490	-2.175034
-5.704392	-2.180403
-5.742927	-2.212305
-5.776407	-2.145343
-5.821890	-2.149765
-5.847475	-2.170296
-5.892642	-2.219885
-5.927386	-2.254313
-5.952023	-2.248628
-6.012351	-2.233783
-6.036987	-2.209462
-6.085313	-2.242311
-6.118478	-2.297901
-6.150379	-2.283372
-6.207865	-2.281161
-6.236291	-2.269158
-6.279248	-2.273264
-6.312728	-2.316852
-6.352210	-2.337699
-6.396114	-2.363599
-6.427383	-2.321906
-6.477289	-2.329487
-6.507295	-2.353176
-6.549935	-2.356966
-6.591312	-2.393289
-6.625109	-2.398659
-6.666170	-2.403397
-6.696176	-2.403713
-6.741975	-2.396764
-6.768191	-2.429612
-6.806093	-2.429297
-6.848733	-2.425506
-6.875581	-2.448248
-6.906851	-2.450459
-6.949175	-2.461198
-6.978550	-2.452670
-7.017716	-2.484255
-7.030034	-2.455197
-7.075833	-2.474464
-7.112156	-2.524685
-7.123211	-2.489309
-7.162061	-2.476359
-7.188909	-2.520579
-7.224916	-2.505418
-7.241341	-2.547110
-7.256186	-2.541425
-7.297563	-2.525948
-7.298826	-2.519947
-7.328201	-2.497521
-7.361366	-2.546479
-7.367367	-2.575222
-7.390424	-2.556270
-7.404322	-2.550269
-7.428327	-2.521210
-7.433064	-2.549637
-7.450437	-2.578064
-7.472230	-2.609965
-7.473178	-2.599542
-7.482022	-2.545531
-7.496552	-2.561955
-7.495920	-2.620704
-7.513923	-2.604912
-7.516134	-2.616914
-7.519293	-2.598911
-7.526242	-2.556902
-7.524346	-2.520895
-7.533190	-2.580591
-7.522451	-2.622284
-7.518029	-2.616914
-7.524031	-2.616914
-7.511081	-2.543636
-7.510765	-2.543004
-7.502868	-2.588803
-7.498131	-2.618809
-7.479179	-2.619757
-7.468124	-2.564167
-7.476968	-2.521210
-7.446014	-2.518052
-7.444119	-2.572379
-7.417272	-2.606175
-7.398636	-2.566062
-7.396741	-2.542057
-7.367051	-2.499416
-7.353153	-2.500680
-7.331044	-2.561008
-7.305143	-2.552796
-7.292509	-2.573642
-7.255554	-2.509208
-7.242604	-2.482360
-7.217020	-2.520895
-7.181644	-2.518052
-7.162693	-2.522158
-7.130476	-2.509524
-7.102365	-2.465936
-7.066673	-2.464988
-7.040457	-2.450775
-7.016452	-2.488361
-6.970654	-2.485835
-6.945701	-2.427717
-6.914115	-2.433403
-6.873055	-2.425822
-6.846523	-2.415715
-6.804514	-2.423927
-6.773560	-2.437193
-6.734710	-2.413504
-6.699650	-2.387920
-6.664590	-2.405292
-6.621003	-2.381287
-6.584363	-2.367389
-6.541091	-2.366126
-6.508558	-2.342752
-6.471919	-2.349701
-6.427068	-2.322538
-6.399589	-2.311483
-6.347473	-2.314641
-6.308938	-2.268211
-6.287144	-2.308008
-6.231238	-2.295690
-6.198073	-2.267263
-6.154485	-2.265368
-6.121636	-2.248944
-6.075838	-2.254629
-6.033513	-2.252418
-6.011403	-2.262841
-5.958340	-2.242942
-5.916647	-2.174086
-5.896432	-2.191458
-5.845895	-2.185457
-5.828523	-2.197775
-5.779566	-2.193038
-5.739768	-2.137131
-5.707867	-2.135868
-5.666174	-2.120075
-5.639958	-2.130182
-5.610268	-2.171875
-5.571418	-2.118812
-5.548045	-2.104914
-5.494033	-2.064169
-5.484242	-2.077435
-5.444760	-2.123549
-5.419492	-2.119443
-5.390749	-2.110284
-5.361059	-2.049955
-5.341160	-2.017738
-5.305784	-2.051850
-5.283674	-2.070486
-5.268513	-2.098597
-5.237244	-2.061958
-5.216397	-2.013000
-5.203763	-1.989311
-5.181337	-2.019633
-5.163334	-2.058799
-5.139960	-2.041743
-5.136170	-2.040796
-5.105532	-1.982047
-5.101426	-1.969097
-5.089108	-2.022476
-5.064156	-2.038269
-5.072052	-2.031636
-5.056259	-2.017422
-5.047731	-1.975414
-5.036676	-1.979520
-5.035413	-1.970992
-5.037308	-2.033215
-5.018988	-2.027214
-5.017725	-1.977940
-5.026885	-1.984889
-5.019936	-1.975414
-5.035097	-2.007315
-5.025305	-2.011737
-5.046152	-2.016475
-5.040466	-2.007631
-5.037623	-1.970044
-5.060681	-1.992786
-5.060049	-2.037637
-5.061628	-2.012053
-5.091635	-2.022476
-5.092267	-1.993101
-5.117535	-2.012685
-5.123220	-1.996260
-5.151015	-2.018054
-5.164281	-2.053430
-5.173757	-2.019317
-5.203131	-2.021528
-5.218924	-2.056588
-5.241350	-2.020265
-5.262828	-2.054377
-5.281147	-2.057220
-5.310838	-2.065432
-5.334211	-2.078066
-5.364849	-2.075224
-5.390117	-2.080277
-5.410648	-2.091016
-5.450761	-2.104914
-5.478557	-2.118812
-5.513932	-2.127024
-5.540464	-2.130814
-5.578682	-2.109652
-5.611216	-2.132709
-5.629851	-2.139658
-5.679756	-2.164926
-5.708498	-2.204724
-5.734715	-2.159557
-5.782093	-2.180403
-5.810520	-2.160188
-5.855371	-2.190826
-5.887588	-2.229045
-5.922964	-2.225886
-5.964025	-2.232203
-5.997190	-2.198723
-6.048358	-2.214831
-6.075206	-2.261578
-6.117530	-2.267263
-6.168699	-2.314010
-6.195230	-2.272633
-6.233765	-2.221464
-6.282406	-2.275160
-6.307043	-2.303586
-6.356632	-2.362020
-6.386638	-2.336435
-6.439386	-2.320959
-6.473183	-2.300112
-6.502557	-2.307061
-6.551515	-2.377181
-6.581837	-2.410977
-6.626688	-2.396764
-6.657641	-2.374654
-6.697755	-2.332961
-6.740080	-2.396132
-6.766295	-2.420768
-6.813042	-2.440667
-6.844627	-2.449827
-6.866737	-2.393605
-6.914115	-2.381918
-6.948228	-2.447932
-6.982972	-2.491836
-7.003502	-2.504154
-7.043932	-2.492783
-7.075202	-2.476359
-7.093205	-2.448248
-7.133950	-2.496574
-7.167431	-2.543636
-7.183856	-2.528791
-7.219547	-2.531002
-7.240709	-2.503522
-7.264714	-2.528159
-7.283034	-2.532581
-7.311460	-2.549637
-7.336097	-2.583750
-7.338308	-2.527843
-7.377158	-2.527527
-7.386002	-2.544584
-7.400532	-2.556586
-7.422641	-2.598279
-7.428327	-2.579328
-7.456122	-2.587856
-7.459596	-2.590698
-7.475705	-2.559429
-7.496552	-2.598911
-7.487708	-2.591962
-7.518977	-2.576801
-7.502868	-2.596384
-7.512344	-2.583434
-7.527505	-2.591646
-7.518029	-2.584381
-7.530980	-2.597015
-7.522767	-2.586276
-7.522767	-2.589435
-7.529400	-2.615967
-7.516134	-2.571115
-7.524031	-2.592593
-7.507922	-2.596384
-7.492129	-2.586908
-7.494656	-2.614072
-7.489603	-2.594489
