# Configuration automatically generated by WRITE_CONFIG()
connection eth
ip 192.168.0.10
samplehz 1000.000000
settleus 10.000000
nsample 128

# Analog Inputs
aichannel 0
ainegative 199
airange 10.000000
airesolution 0

aichannel 1
ainegative 199
airange 10.000000
airesolution 0

# Analog Outputs
aochannel 0
aosignal sine
aofrequency 5.000000
aoamplitude 0.100000
aooffset 2.500000
aoduty 0.500000

# Meta Parameters
int:periods 10
flt:plate_Thigh_C 372.992032
flt:plate_Tlow_C 198.745628
flt:plate_Q_kW 1.065259
flt:plate_Tpeak_C 1187.571164
flt:cool_Thigh_C 78.648616
flt:cool_Tlow_C 22.807625
flt:air_psig 80.000000
flt:water_gph 1.400000
flt:cool_Q_kW 0.000000
flt:standoff_in 0.450000
flt:oxygen_scfh 11.758156
flt:fuel_scfh 8.249906
flt:flow_scfh 20.008063
flt:ratio_fto 0.701633

## End Configuration ##
#: Thu Jul 21 20:10:43 2016
1.255308	-0.020274
1.301429	0.002784
1.301113	0.000888
1.302377	0.004047
1.299849	0.005627
1.304588	0.002468
1.311853	0.001520
1.296375	0.005627
1.303956	0.008154
1.308694	0.009102
1.308378	0.003732
1.306799	0.007522
1.321014	0.007522
1.321646	0.015104
1.333650	0.015104
1.338073	0.023001
1.351024	0.010365
1.351972	0.018579
1.354815	0.018263
1.363660	0.023633
1.354499	0.027424
1.351656	0.020790
1.354183	0.031214
1.356079	0.020790
1.351340	0.022685
1.352288	0.026476
1.350393	0.027740
1.358922	0.031214
1.360185	0.021422
1.372821	0.028687
1.369030	0.027424
1.384825	0.027740
1.382298	0.034057
1.377875	0.034057
1.397145	0.032162
1.392722	0.033110
1.390195	0.035321
1.394934	0.030898
1.382298	0.038796
1.387036	0.033426
1.384825	0.035953
1.387352	0.035953
1.381982	0.036901
1.376296	0.034057
1.377560	0.035637
1.381350	0.038480
1.391143	0.039112
1.404095	0.034689
1.389248	0.037216
1.404727	0.038796
1.405674	0.040375
1.405674	0.039744
1.405042	0.042271
1.400620	0.039428
1.392091	0.038480
1.394934	0.040691
1.392091	0.029319
1.395566	0.037216
1.381350	0.042587
1.377875	0.036901
1.385141	0.036901
1.371558	0.034689
1.384193	0.027108
1.388300	0.038796
1.384193	0.036269
1.394934	0.035637
1.390827	0.032794
1.394302	0.037848
1.390195	0.031530
1.389248	0.032794
1.394302	0.035321
1.367767	0.031530
1.376612	0.033110
1.363660	0.029003
1.356079	0.028371
1.363344	0.027740
1.353236	0.028371
1.347234	0.028055
1.349445	0.022685
1.349761	0.024896
1.355447	0.025844
1.350077	0.019526
1.361449	0.021106
1.358922	0.022369
1.351972	0.020790
1.351656	0.020790
1.357658	0.022053
1.340600	0.018579
1.338389	0.015104
1.327332	0.013524
1.326069	0.013524
1.317539	0.010681
1.310906	0.010365
1.310274	0.010049
1.303324	0.004047
1.300797	0.001836
1.301113	0.007206
1.300165	0.005311
1.309010	0.006259
1.303324	-0.000059
1.306483	-0.000691
1.309010	-0.003534
1.297954	-0.004481
1.303324	-0.002270
1.288477	-0.001954
1.279948	-0.000059
1.274262	-0.020274
1.258151	-0.009219
1.262890	-0.009535
1.255940	-0.013957
1.247095	-0.018379
1.251517	-0.014589
1.241093	-0.015536
1.251202	-0.013957
1.250886	-0.011430
1.253097	-0.017115
1.254992	-0.018695
1.253097	-0.024380
1.247727	-0.025328
1.246463	-0.017747
1.232880	-0.021221
1.235091	-0.025012
1.225298	-0.023117
1.219928	-0.023748
1.217401	-0.030697
1.207608	-0.028486
1.211399	-0.029434
1.212346	-0.028486
1.194024	-0.031329
1.212031	-0.030065
1.203817	-0.034172
1.211715	-0.034803
1.219612	-0.034172
1.213926	-0.043963
1.219928	-0.033540
1.210451	-0.036067
1.217717	-0.037962
1.210451	-0.037646
1.201922	-0.036067
1.205713	-0.034803
1.189602	-0.037962
1.188970	-0.034487
1.190550	-0.038909
1.184232	-0.040173
1.184864	-0.038278
1.183600	-0.039857
1.188338	-0.040173
1.191813	-0.041752
1.193393	-0.038593
1.204133	-0.040173
1.205081	-0.038593
1.200342	-0.046490
1.200974	-0.039857
1.199711	-0.043331
1.192445	-0.042384
1.200342	-0.040489
1.193393	-0.041436
1.190234	-0.041436
1.185811	-0.035119
1.184548	-0.036067
1.184548	-0.041120
1.185495	-0.036698
1.192761	-0.036698
1.193709	-0.038909
1.200974	-0.037330
1.214242	-0.038278
1.212346	-0.039225
1.218664	-0.037014
1.217401	-0.034172
1.217717	-0.034172
1.213926	-0.032276
1.215189	-0.034172
1.212978	-0.035119
1.208240	-0.030065
1.210135	-0.030697
1.214242	-0.029750
1.214874	-0.030697
1.213610	-0.027223
1.217717	-0.026907
1.220560	-0.025012
1.227825	-0.023117
1.233511	-0.019642
1.244884	-0.021221
1.248358	-0.022169
1.252781	-0.019326
1.260678	-0.022169
1.249306	-0.012378
1.254045	-0.019958
1.249938	-0.019326
1.250886	-0.013957
1.257519	-0.008271
1.245199	-0.021537
1.254992	-0.014589
1.259415	-0.009535
1.256888	-0.009219
1.267312	-0.007008
1.274262	-0.009851
1.279948	-0.007640
1.285318	-0.006376
1.286898	-0.000059
1.297954	0.000257
1.312169	-0.000375
1.297954	0.001520
1.310590	0.005627
1.298902	0.005943
1.308694	-0.003534
1.309010	0.010681
1.300797	0.005943
1.308378	0.007522
1.303956	0.018263
1.309010	0.010365
1.309958	0.006890
1.315960	0.008470
1.332386	0.014472
1.324805	0.011945
1.343759	0.017631
1.348497	0.019526
1.346918	0.014788
1.356710	0.021422
1.354499	0.023633
1.344706	0.017631
1.352288	0.017631
1.350077	0.021422
1.351024	0.025844
1.350708	0.020158
1.351340	0.025844
1.358922	0.027740
1.357658	0.025844
1.355131	0.028371
1.373137	0.032162
1.364924	0.031846
1.370294	0.034057
1.381666	0.035005
1.384825	0.033426
1.394934	0.034373
1.395566	0.029635
1.393038	0.032478
1.390511	0.035637
1.388616	0.037216
1.384509	0.039112
1.379455	0.036585
1.388616	0.036269
1.384509	0.038164
1.375664	0.046693
1.383878	0.037848
1.382930	0.040059
1.392407	0.034057
1.395250	0.040059
1.391459	0.038796
1.400620	0.040375
1.398725	0.037532
1.403779	0.041007
1.409781	0.033742
1.392407	0.038480
1.399356	0.041007
1.390511	0.041007
1.391143	0.035005
1.388300	0.037532
1.384193	0.037848
1.377875	0.035005
1.381982	0.037532
1.380403	0.036269
1.380087	0.034689
1.381034	0.041007
1.385773	0.042271
1.388616	0.036585
1.385457	0.035953
1.395566	0.037848
1.388300	0.038796
1.389248	0.031530
1.396513	0.025844
1.375664	0.033110
1.372821	0.030898
1.364292	0.030267
1.353236	0.032478
1.359554	0.028055
1.351656	0.027740
1.349445	0.025844
1.350077	0.023633
1.355763	0.022685
1.351340	0.023001
1.351340	0.024581
1.359869	0.020790
1.356710	0.022053
1.350077	0.019842
1.352604	0.021422
1.347234	0.009418
1.341863	0.020158
1.335230	0.015104
1.322594	0.014788
1.320382	0.006259
1.310274	0.010681
1.314696	0.010049
1.309958	0.009102
1.293847	0.007206
1.300797	0.005311
1.299533	0.004679
1.298270	0.010049
1.306799	0.005627
1.302061	0.004679
1.302061	-0.000691
1.298270	-0.006376
1.296375	-0.005745
1.298586	0.001204
1.285318	-0.006060
1.283739	-0.007640
1.267628	-0.009219
1.259099	-0.003849
1.266680	-0.009219
1.252149	-0.011746
1.253413	-0.012378
1.250886	-0.011746
1.246779	-0.013957
1.254992	-0.013009
1.253097	-0.019010
1.258783	-0.016800
1.254676	-0.022801
1.251833	-0.024064
1.253413	-0.019326
1.250886	-0.018379
1.244884	-0.022169
1.248358	-0.021537
1.223719	-0.023432
1.225298	-0.022485
1.214558	-0.027539
1.212978	-0.024064
1.214558	-0.029118
1.204765	-0.031645
1.207292	-0.029434
1.207924	-0.030381
1.205397	-0.032276
1.213610	-0.035435
1.209819	-0.032276
1.214874	-0.032908
1.220876	-0.036382
1.202870	-0.028486
1.216453	-0.037962
1.205397	-0.040489
1.201606	-0.037014
1.202870	-0.037962
1.188654	-0.041120
1.189602	-0.038593
1.181073	-0.046174
1.182652	-0.039225
1.192761	-0.035751
1.182652	-0.041120
1.193393	-0.045542
1.184548	-0.038593
1.193709	-0.042068
1.206976	-0.039225
1.199711	-0.049333
1.198447	-0.040804
1.206660	-0.043647
1.196236	-0.036698
1.190550	-0.040489
1.194340	-0.034172
1.191813	-0.040489
1.181705	-0.039225
1.175071	-0.040489
1.178230	-0.041752
1.186443	-0.043015
1.182336	-0.039225
1.195288	-0.034172
1.187707	-0.040489
1.197815	-0.041120
1.200342	-0.037330
1.206028	-0.037646
1.218032	-0.041436
1.212978	-0.034803
1.215505	-0.035435
1.219612	-0.032908
1.217401	-0.035435
1.222139	-0.038593
1.208556	-0.032276
1.211083	-0.030697
1.212346	-0.029750
1.203501	-0.030381
1.211399	-0.023432
1.217085	-0.029750
1.223403	-0.027854
1.230984	-0.027223
1.233511	-0.027223
1.239513	-0.022169
1.242041	-0.016484
1.252465	-0.020906
1.263521	-0.017115
1.248990	-0.023432
1.255308	-0.016168
1.249622	-0.016168
1.248358	-0.014904
1.256256	-0.014904
1.252465	-0.008271
1.256888	-0.014273
1.247727	-0.007324
1.250254	-0.009851
1.263521	-0.007640
1.272998	-0.002586
1.283423	-0.001638
1.279948	0.001204
1.283423	-0.009851
1.293216	-0.003534
1.308378	-0.001954
1.305535	-0.001323
1.312169	0.005943
1.297638	-0.005745
1.302377	0.003416
1.303324	0.001520
1.308063	0.012577
1.306483	0.010681
1.299218	0.009418
1.306167	0.010049
1.303324	0.007206
1.317224	0.015104
1.336809	0.013208
1.332702	0.020790
1.348497	0.006259
1.343443	0.014156
1.342179	0.015420
1.357026	0.021422
1.364608	0.022685
1.363660	0.021738
1.349445	0.026476
1.350393	0.024896
1.355763	0.031846
1.347865	0.025528
1.360817	0.026160
1.362397	0.030267
1.347865	0.024581
1.348497	0.026160
1.360501	0.031846
1.373769	0.032478
1.384193	0.034057
1.390511	0.031846
1.389564	0.030267
1.382930	0.035321
1.386721	0.032794
1.398409	0.033110
1.387984	0.031530
1.394302	0.035637
1.385773	0.039744
1.375664	0.032794
1.383562	0.031214
1.387352	0.037532
1.390511	0.029951
1.381666	0.039112
1.376296	0.037848
1.387984	0.038796
1.387036	0.041955
1.409781	0.033426
1.415783	0.038796
1.399988	0.037848
1.404727	0.038480
1.401252	0.042903
1.402199	0.040059
1.401568	0.036269
1.393986	0.038164
1.392091	0.038480
1.377244	0.037532
1.377244	0.044482
1.385457	0.037532
1.379455	0.037848
1.379139	0.035005
1.379139	0.038480
1.372189	0.035005
1.390511	0.032794
1.390511	0.035321
1.395250	0.033426
1.398725	0.028371
1.382930	0.035637
1.383246	0.034057
1.387984	0.029319
1.385773	0.032478
1.379139	0.029951
1.367135	0.031530
1.363028	0.028687
1.355131	0.028371
1.348181	0.021106
1.358290	0.026476
1.353236	0.025212
1.356395	0.023317
1.351972	0.021738
1.351024	0.021106
1.361765	0.021738
1.361133	0.024581
1.354183	0.022685
1.351024	0.018894
1.343759	0.016367
1.346602	0.022369
1.333650	0.016051
1.333650	0.011313
1.323226	0.011629
1.306483	0.010681
1.309642	0.005627
1.310590	0.008154
1.298902	-0.000059
1.305851	0.005627
1.302061	0.004047
1.303956	0.002784
1.299849	0.006259
1.308378	0.006259
1.304904	0.004047
1.302061	-0.003534
1.301745	0.003100
1.301113	-0.013641
1.283423	-0.012062
1.286898	-0.006376
1.275210	-0.012062
1.264153	-0.008271
1.265733	-0.005113
1.254676	-0.005429
1.255940	-0.015220
1.249306	-0.013957
1.257835	-0.015852
1.252781	-0.017115
1.247727	-0.014589
1.255624	-0.014273
1.252781	-0.016168
1.250570	-0.016484
1.249938	-0.019642
1.244884	-0.023748
1.239829	-0.025328
1.238566	-0.026907
1.225614	-0.018695
1.227509	-0.029118
1.215505	-0.027223
1.218664	-0.027854
1.210451	-0.029118
1.209503	-0.028486
1.214874	-0.029118
1.207292	-0.031329
1.207292	-0.032908
1.209503	-0.036067
1.208871	-0.034487
1.215505	-0.037646
1.217085	-0.033540
1.211715	-0.038593
1.207608	-0.032276
1.199395	-0.044595
1.202870	-0.038278
1.191497	-0.041120
1.195604	-0.031645
1.189918	-0.038593
1.178230	-0.039857
1.183916	-0.044279
1.182336	-0.036382
1.179177	-0.037014
1.198447	-0.039541
1.186127	-0.039857
1.196867	-0.038593
1.193709	-0.040489
1.197815	-0.042384
1.206976	-0.039225
1.200342	-0.040489
1.200974	-0.037330
1.198447	-0.046174
1.188654	-0.044279
1.195288	-0.049964
1.183284	-0.040489
1.185179	-0.040173
1.187391	-0.035751
1.182020	-0.038593
1.184232	-0.036382
1.193709	-0.034172
1.194656	-0.040489
1.197815	-0.037962
1.198131	-0.037330
1.210767	-0.041752
1.212978	-0.037014
1.212662	-0.035751
1.222139	-0.032908
1.215189	-0.034803
1.209187	-0.030381
1.212031	-0.032276
1.206028	-0.031961
1.212346	-0.030697
1.204765	-0.034172
1.209187	-0.029750
1.217085	-0.033224
1.206660	-0.029434
1.225298	-0.024064
1.216453	-0.020274
1.230668	-0.026591
1.248990	-0.021221
1.238882	-0.022801
1.248043	-0.021537
1.252149	-0.022169
1.247411	-0.019642
1.255624	-0.021853
1.253729	-0.020590
1.255940	-0.013009
1.253097	-0.012693
1.252149	-0.015852
1.256572	-0.008903
1.253413	-0.012062
1.254360	-0.008587
1.265417	-0.008271
1.264469	-0.005429
1.283107	-0.003218
1.280896	-0.007956
1.287845	-0.000059
1.297006	-0.004481
1.295427	-0.001323
1.305851	0.002152
1.307115	-0.001954
1.306483	0.004995
1.313433	-0.000691
1.298586	0.002468
1.303324	0.012261
1.310590	0.007206
1.300481	0.004363
1.312485	0.009418
1.311538	0.007838
1.313749	0.007838
1.324489	0.009418
1.331123	0.017631
1.342495	0.015420
1.341232	0.009734
1.351024	0.020158
1.352920	0.021738
1.348813	0.023001
1.360185	0.024896
1.353552	0.026160
1.351656	0.024896
1.359238	0.021106
1.343759	0.020158
1.357658	0.026160
1.357658	0.027424
1.355763	0.032162
1.361449	0.024896
1.363028	0.027424
1.367767	0.028371
1.326385	0.030583
1.356079	0.033426
1.382930	0.032794
1.387352	0.027740
1.392091	0.031214
1.390827	0.035637
1.395250	0.038480
1.389248	0.035953
1.388932	0.037848
1.383246	0.036901
1.378191	0.036269
1.380403	0.037216
1.384825	0.042903
1.377244	0.041007
1.379139	0.034689
1.391459	0.038480
1.385141	0.039744
1.399672	0.038796
1.404411	0.039112
1.399988	0.040059
1.412308	0.044166
1.407254	0.036901
1.407254	0.032162
1.399356	0.035321
1.398409	0.037848
1.390511	0.038164
1.379139	0.034689
1.380403	0.041007
1.377244	0.041007
1.375032	0.037532
1.378507	0.044798
1.378507	0.037532
1.386721	0.035637
1.381666	0.037216
1.386089	0.036269
1.399672	0.037216
1.385773	0.036269
1.385457	0.035953
1.390195	0.031530
1.376612	0.032794
1.391459	0.032162
1.371558	0.029003
1.363976	0.025844
1.365556	0.029951
1.350708	0.024581
1.349445	0.028687
1.352920	0.025528
1.343443	0.023317
1.351340	0.023949
1.340600	0.025844
1.354183	0.021422
1.350708	0.023001
1.349445	0.021738
1.358290	0.016367
1.346286	0.014788
1.340600	0.019842
1.344391	0.013524
1.330175	0.016051
1.332702	0.006575
1.320382	0.011945
1.307431	0.005943
1.313433	0.009734
1.303956	0.006890
1.307431	0.005311
1.304904	0.011313
1.303640	0.006259
1.306483	0.006259
1.295743	0.000573
1.309326	0.000257
1.311222	-0.007956
1.298586	0.002152
1.303956	-0.010167
1.297322	-0.000691
1.286898	-0.001638
1.280580	-0.003534
1.278053	-0.006692
1.264469	-0.004481
1.257519	-0.010167
1.254676	-0.009851
1.256256	-0.009851
1.242041	-0.018063
1.253729	-0.017431
1.257519	-0.011430
1.247411	-0.012693
1.259731	-0.020590
1.247095	-0.017115
1.254992	-0.021221
1.254360	-0.017747
1.241725	-0.025328
1.247095	-0.022801
1.233511	-0.019958
1.234459	-0.026907
1.226878	-0.022801
1.213610	-0.034803
1.220244	-0.027854
1.211083	-0.029118
1.204133	-0.029118
1.209503	-0.028486
1.210451	-0.031961
1.206660	-0.037330
1.208240	-0.030381
1.215189	-0.029750
1.216137	-0.037330
1.212031	-0.041120
1.217717	-0.034172
1.217085	-0.031645
1.208240	-0.036067
1.203817	-0.037330
1.192129	-0.037962
1.199711	-0.037330
1.191497	-0.042068
1.185179	-0.043963
1.185179	-0.038278
1.182020	-0.039541
1.185811	-0.041752
1.190866	-0.041752
1.188970	-0.036382
1.194024	-0.041752
1.194340	-0.041436
1.198763	-0.039857
1.210135	-0.050596
1.201290	-0.037962
1.206028	-0.046490
1.195604	-0.044911
1.190234	-0.032592
1.188654	-0.041120
1.184232	-0.039541
1.190866	-0.037962
1.182020	-0.039225
1.176650	-0.040489
1.190866	-0.038909
1.189918	-0.039541
1.199079	-0.037962
1.205397	-0.038909
1.206344	-0.036382
1.211715	-0.035751
1.211399	-0.037014
1.215189	-0.041120
1.212031	-0.035435
1.213926	-0.031645
1.216137	-0.028486
1.207608	-0.035119
1.214874	-0.035435
1.203501	-0.034803
1.207292	-0.029434
1.215505	-0.028802
1.212978	-0.032592
1.208871	-0.022801
1.226246	-0.023748
1.221191	-0.025328
1.236986	-0.019326
1.240145	-0.018379
1.248358	-0.020906
1.250254	-0.019010
1.246463	-0.019958
1.256888	-0.014589
1.257519	-0.023432
1.248674	-0.012062
1.260994	-0.015852
1.243936	-0.012378
1.254360	-0.013325
1.262890	-0.012378
1.254045	-0.011114
1.257519	-0.013325
1.258151	-0.009219
1.270471	-0.008271
1.275841	-0.003218
1.283107	-0.006376
1.299218	-0.001007
1.292268	0.001204
1.300797	-0.001007
1.308378	-0.000059
1.303956	0.007206
1.309326	0.004363
1.307115	0.004047
1.301429	0.004995
1.303956	0.000573
1.300165	0.008154
1.307115	0.014472
1.311222	0.006890
1.304588	0.012261
1.318171	0.009418
1.317224	0.017315
1.328912	0.023001
1.340284	0.019210
1.340600	0.013524
1.348181	0.015736
1.349761	0.016683
1.347865	0.018263
1.361765	0.019210
1.359554	0.022685
1.357026	0.015736
1.351340	0.027108
1.351656	0.024896
1.356395	0.025528
1.351340	0.028371
1.356395	0.030898
1.355763	0.025212
1.356395	0.023633
1.374401	0.029635
1.376612	0.044166
1.388932	0.030898
1.391143	0.035953
1.385141	0.033110
1.393986	0.033426
1.391775	0.035953
1.391459	0.032478
1.388932	0.037216
1.382614	0.036269
1.384509	0.038480
1.379771	0.031530
1.379771	0.041007
1.385141	0.037216
1.382930	0.039744
1.378823	0.035321
1.386405	0.039112
1.388616	0.040375
1.393038	0.031530
1.402831	0.042903
1.407570	0.038796
1.398409	0.037848
1.401252	0.040375
1.407570	0.040059
1.394934	0.035953
1.401883	0.034057
1.393986	0.037532
1.384193	0.043534
1.387352	0.040059
1.383878	0.037216
1.382298	0.038164
1.380403	0.039428
1.375032	0.036585
1.386721	0.034689
1.377244	0.037532
1.392091	0.035953
1.393038	0.032794
1.388616	0.033426
1.389564	0.032794
1.389879	0.030267
1.382298	0.031530
1.371242	0.032162
1.373769	0.031214
1.368399	0.038164
1.356710	0.029003
1.357658	0.030267
1.360185	0.019842
1.346602	0.026792
1.350393	0.025528
1.349761	0.022369
1.345022	0.020790
1.362397	0.018894
1.351024	0.021106
1.353236	0.020790
1.356710	0.015736
1.346286	0.018263
1.344075	0.019526
1.339020	0.019842
1.330807	0.014472
1.325753	0.009102
1.324173	0.010049
1.319435	0.011313
1.310906	0.013840
1.307115	0.015420
1.312169	0.010681
1.299849	0.004363
1.308694	0.003100
1.303008	0.004363
1.298270	-0.000691
1.308694	0.005943
1.300481	-0.003534
1.305535	0.002152
1.299533	-0.004481
1.287214	-0.001007
1.293216	-0.001638
1.279316	-0.007640
1.276789	-0.006060
1.273314	-0.009535
1.256572	-0.013009
1.256888	-0.005113
1.254360	-0.012693
1.245515	-0.020274
1.252465	-0.012062
1.251517	-0.018379
1.255308	-0.023432
1.246779	-0.018695
1.253097	-0.021853
1.256572	-0.017747
1.245831	-0.026275
1.249306	-0.024380
1.246779	-0.019958
1.232564	-0.027854
1.237934	-0.031013
1.220560	-0.032276
1.222455	-0.027223
1.218664	-0.027854
1.207292	-0.029434
1.211083	-0.029750
1.206344	-0.031645
1.207924	-0.035751
1.213610	-0.034172
1.209503	-0.030697
1.219928	-0.031645
1.210451	-0.026907
1.207608	-0.035119
1.215189	-0.037330
1.213926	-0.036698
1.207608	-0.036698
1.198763	-0.038593
1.189918	-0.038593
1.194656	-0.037330
1.181073	-0.039225
1.190234	-0.037962
1.189602	-0.038593
1.174755	-0.040489
1.183916	-0.041120
1.188022	-0.037646
1.187707	-0.038278
1.200974	-0.042384
1.193393	-0.045542
1.204765	-0.039857
1.206028	-0.041436
1.204765	-0.039857
1.208240	-0.039225
1.196552	-0.041436
1.196236	-0.040489
1.190550	-0.048385
1.185179	-0.043647
1.199079	-0.043331
1.186759	-0.039541
1.184864	-0.038278
1.188970	-0.036698
1.185495	-0.036067
1.197815	-0.039857
1.197815	-0.039857
1.206028	-0.036698
1.206344	-0.034172
1.205397	-0.036067
1.213610	-0.037962
1.218664	-0.037330
1.219928	-0.036698
1.214874	-0.036382
1.204765	-0.031645
1.209503	-0.033856
1.206660	-0.030697
1.207608	-0.029118
1.214558	-0.029118
1.208240	-0.026591
1.216137	-0.028802
1.223087	-0.025012
1.231616	-0.027539
1.242672	-0.028486
1.239513	-0.022801
1.248990	-0.023748
1.247411	-0.022801
1.248358	-0.016168
1.255624	-0.022169
1.263837	-0.016168
1.250570	-0.016168
1.253413	-0.017431
1.248358	-0.013009
1.248043	-0.013009
1.251202	-0.015852
1.259731	-0.004797
1.256888	-0.019010
1.256256	-0.005745
1.273314	-0.007008
1.271103	-0.003218
1.293531	-0.009219
1.303324	-0.006060
1.296059	-0.001954
1.300797	0.002468
1.297638	-0.005745
1.307431	0.001204
1.312801	0.004995
1.309958	0.003100
1.309010	0.004363
1.293531	0.005627
1.297954	0.002152
1.312485	0.008154
1.312485	0.010365
1.315644	0.011945
1.318487	0.013208
1.316908	0.010997
1.333650	0.011945
1.341232	0.014472
1.355763	0.015104
1.356079	0.018579
1.346918	0.016051
1.353867	0.022369
1.353552	0.020158
1.355763	0.015420
1.366187	0.017631
1.350708	0.020790
1.349761	0.025212
1.341232	0.021738
1.341863	0.028055
1.362713	0.028371
1.361765	0.027740
1.361133	0.027108
1.363976	0.032478
1.369346	0.031846
1.385457	0.029635
1.389248	0.035005
1.396197	0.035953
1.395882	0.034689
1.378823	0.037216
1.383878	0.032478
1.387984	0.032478
1.392091	0.038480
1.396829	0.029319
1.375980	0.037216
1.374085	0.032478
1.372821	0.037216
1.373769	0.038796
1.392722	0.039112
1.389564	0.035953
1.388300	0.040059
1.386089	0.038796
1.389564	0.037848
1.412940	0.037848
1.417362	0.037532
1.402831	0.039744
1.399356	0.037848
1.377560	0.038480
1.390195	0.036585
1.396197	0.042587
1.396513	0.038480
1.390195	0.034689
1.371558	0.037848
1.375980	0.037216
1.378507	0.037532
1.377560	0.037532
1.395250	0.038164
1.382930	0.033426
1.385457	0.035005
1.391775	0.033110
1.392091	0.031846
1.398093	0.031214
1.394302	0.035005
1.386405	0.030267
1.370294	0.033426
1.370610	0.024896
1.371558	0.030267
1.365240	0.028371
1.364924	0.032478
1.359554	0.027740
1.348497	0.024581
1.344706	0.025528
1.358606	0.023001
1.352920	0.023001
1.355763	0.023633
1.357974	0.019210
1.350077	0.023317
1.354183	0.022369
1.359554	0.011629
1.356079	0.016051
1.339652	0.016683
1.330807	0.016051
1.324173	0.015104
1.323542	0.008786
1.322594	0.010681
1.313117	0.017315
1.306483	0.009418
1.308694	0.009102
1.300481	0.010681
1.305851	0.007838
1.299533	0.007206
1.307431	-0.005745
1.306167	0.001836
1.291320	0.001520
1.303956	0.002152
1.301429	-0.006060
1.291952	-0.005113
1.290057	-0.005745
1.279316	-0.005113
1.272682	-0.015220
1.264785	-0.008271
1.266996	-0.013009
1.265733	-0.013957
1.254045	-0.012062
1.257835	-0.013325
1.250570	-0.022169
1.251517	-0.016800
1.259099	-0.019010
1.246463	-0.013641
1.255308	-0.017747
1.251517	-0.016800
1.248674	-0.017431
1.250886	-0.016484
1.241725	-0.024696
1.236986	-0.020274
1.224666	-0.027223
1.220560	-0.026275
1.219928	-0.027854
1.211083	-0.036382
1.210767	-0.023432
1.215189	-0.029750
1.199711	-0.033856
1.209819	-0.035751
1.205397	-0.034172
1.219296	-0.031645
1.218664	-0.036698
1.209503	-0.032276
1.213926	-0.030381
1.213926	-0.034172
1.210767	-0.040489
1.215821	-0.035751
1.201922	-0.035119
1.201290	-0.038909
1.190550	-0.037330
1.184548	-0.037962
1.194656	-0.038593
1.186759	-0.038593
1.178230	-0.043015
1.190866	-0.044279
1.189602	-0.037330
1.192761	-0.039857
1.193077	-0.045226
1.200974	-0.038909
1.205081	-0.042068
1.194972	-0.040804
1.201290	-0.041120
1.201922	-0.036067
1.199079	-0.037014
1.202238	-0.040489
1.185179	-0.036382
1.188970	-0.034803
1.189286	-0.039541
1.185811	-0.039541
1.191813	-0.038909
1.190866	-0.042068
1.192129	-0.043647
1.197183	-0.039225
1.199395	-0.038593
1.218664	-0.037330
1.209503	-0.034803
1.212662	-0.038593
1.224666	-0.036067
1.213926	-0.032908
1.220560	-0.032908
1.215821	-0.025328
1.214558	-0.032908
1.211715	-0.029750
1.196552	-0.031645
1.209503	-0.029750
1.206660	-0.032276
1.210767	-0.023432
1.221507	-0.028170
1.217401	-0.029750
1.230036	-0.025959
1.236354	-0.024064
1.236986	-0.023432
1.250570	-0.017747
1.255308	-0.021853
1.250886	-0.025012
1.255624	-0.021221
1.248358	-0.020274
1.255308	-0.015536
1.252465	-0.013957
1.257519	-0.013325
1.253097	-0.012378
1.245515	-0.011746
1.252465	-0.005429
1.262890	-0.012062
1.253413	-0.012693
1.270787	-0.009535
1.279316	-0.005745
1.277737	0.000573
1.293216	-0.004165
1.297954	-0.005745
1.305535	-0.003849
1.302061	0.007522
1.308694	0.009102
1.305535	0.004363
1.302061	0.011945
1.314065	0.009102
1.298270	0.009734
1.306799	0.013840
1.308378	0.008786
1.307431	0.009418
1.319119	0.011313
1.319751	0.007206
1.324805	0.013208
1.332702	0.011313
1.333334	0.015104
1.348497	0.012261
1.343759	0.016367
1.350708	0.021106
1.359869	0.018894
1.353236	0.017631
1.350708	0.031530
1.353867	0.020158
1.352604	0.024581
1.349129	0.025212
1.350077	0.022685
1.349129	0.027108
1.350077	0.027424
1.355447	0.024581
1.366187	0.022685
1.366503	0.028371
1.375980	0.026792
1.380403	0.033110
1.377560	0.032162
1.394302	0.033426
1.391775	0.035637
1.395882	0.027740
1.393670	0.032794
1.383878	0.037532
1.387036	0.035637
1.380403	0.031530
1.386089	0.036901
1.388616	0.041639
1.376612	0.036901
1.379771	0.037848
1.386721	0.035637
1.391459	0.035953
1.395250	0.041955
1.396197	0.031214
1.401568	0.040059
1.401883	0.037216
1.404727	0.036901
1.411360	0.043534
1.396197	0.039112
1.397461	0.039112
1.391459	0.040375
1.371242	0.029951
1.389248	0.038480
1.376296	0.032794
1.375664	0.039112
1.384825	0.036585
1.371558	0.037532
1.375980	0.036585
1.385141	0.035637
1.385141	0.033110
1.392407	0.044798
1.391459	0.033110
1.392091	0.035637
1.392407	0.036585
1.389879	0.030267
1.393986	0.030583
1.377560	0.033742
1.376928	0.030898
1.366503	0.029319
1.357974	0.028687
1.359238	0.029003
1.352288	0.027424
1.346918	0.023317
1.349445	0.024581
1.344391	0.023949
1.359869	0.025844
1.351024	0.022369
1.354183	0.021422
1.360185	0.021422
1.345022	0.016367
1.351340	0.016999
1.359238	0.017947
1.336809	0.010049
1.337757	0.015736
1.321646	0.016367
1.325121	0.002784
1.316908	0.010681
1.312485	0.010681
1.311538	0.009418
1.308378	0.011313
1.298902	0.006259
1.311222	0.006259
1.295427	-0.001638
1.307115	0.000573
1.296690	-0.007008
1.293216	-0.003534
1.301113	-0.002270
1.292584	-0.001954
1.295427	-0.002586
1.280896	-0.007008
1.281211	-0.005429
1.272051	-0.007008
1.263521	-0.010798
1.264785	-0.009219
1.261626	-0.011430
1.251517	-0.007324
1.253729	-0.012378
1.256572	-0.013009
1.249622	-0.011746
1.258467	-0.023117
1.255940	-0.017115
1.251202	-0.019958
1.247411	-0.025328
1.254045	-0.022801
1.253413	-0.019642
1.242988	-0.020906
1.244252	-0.025959
1.227509	-0.024064
1.222771	-0.018379
1.222455	-0.030065
1.212346	-0.027223
1.211399	-0.029118
1.211715	-0.030381
1.206344	-0.027223
1.205713	-0.043331
1.210767	-0.029750
1.211715	-0.029118
1.215505	-0.031645
1.215505	-0.037962
1.214558	-0.037646
1.209819	-0.035119
1.207292	-0.032592
1.213610	-0.043963
1.203501	-0.036698
1.203185	-0.039541
1.193709	-0.037962
1.186127	-0.038909
1.185179	-0.038909
1.186127	-0.039225
1.183916	-0.040489
1.180757	-0.037330
1.190234	-0.038278
1.191497	-0.040804
1.188970	-0.037646
1.200658	-0.044911
1.196236	-0.041120
1.194656	-0.034487
1.198763	-0.043647
1.198131	-0.037646
1.194972	-0.039857
1.195920	-0.040489
1.192129	-0.041120
1.187707	-0.041120
1.184548	-0.043963
1.186759	-0.038909
1.188654	-0.036698
1.182336	-0.040173
1.195604	-0.034172
1.189286	-0.035751
1.199079	-0.036067
1.208871	-0.041120
1.211083	-0.042384
1.218664	-0.027854
1.215821	-0.034803
1.215505	-0.032276
1.217717	-0.037646
1.212031	-0.040489
1.220560	-0.033224
1.208556	-0.032908
1.203817	-0.027854
1.212978	-0.030381
1.206660	-0.025012
1.216769	-0.031961
1.219928	-0.029750
1.219612	-0.025959
1.227825	-0.027539
1.232880	-0.028170
1.245831	-0.023117
1.248043	-0.023432
1.243620	-0.019010
1.257203	-0.021537
1.251517	-0.020906
1.255308	-0.017115
1.259099	-0.010798
1.251517	-0.019010
1.257835	-0.007008
1.248358	-0.013325
1.248990	-0.011746
1.254992	-0.011430
1.255624	-0.009535
1.272367	-0.009219
1.273630	-0.010167
1.274578	-0.003534
1.281211	-0.001638
1.289425	-0.005429
1.306483	-0.006692
1.312485	-0.003218
1.295743	0.004679
1.304272	0.001836
1.306483	0.005943
1.299533	0.004363
1.303324	0.009102
1.302061	0.010681
1.305220	0.007838
1.304588	0.008154
1.309642	0.014472
1.311853	0.009418
1.311538	0.012892
1.330175	0.014472
1.328596	0.012577
1.332702	0.020790
1.352288	0.015420
1.349445	0.015420
1.355763	0.016999
1.361765	0.020474
1.354815	0.023633
1.360501	0.028055
1.349445	0.017947
1.353867	0.032162
1.349445	0.025212
1.344706	0.022053
1.353236	0.026476
1.362081	0.024581
1.353552	0.029003
1.370926	0.030898
1.364292	0.025212
1.376296	0.028371
1.380087	0.035005
1.384193	0.032162
1.387036	0.039744
1.395566	0.037532
1.394934	0.034689
1.390195	0.040375
1.389879	0.038164
1.387984	0.035321
1.379771	0.036901
1.380718	0.042587
1.382930	0.037216
1.371558	0.037532
1.381034	0.040691
1.388300	0.039112
1.388616	0.037216
1.393986	0.039428
1.392407	0.037216
1.402515	0.033426
1.401883	0.039428
1.405358	0.037216
1.412940	0.038480
1.405358	0.040059
1.402831	0.030898
1.395566	0.034373
1.390511	0.037848
1.387984	0.037848
1.383878	0.042271
1.376612	0.035953
1.375348	0.037848
1.372821	0.039744
1.384825	0.034373
1.377875	0.031846
1.391459	0.035005
1.385141	0.032162
1.385457	0.033426
1.394618	0.031530
1.390511	0.032794
1.390511	0.030583
1.391143	0.029319
1.377875	0.030898
1.372189	0.029635
1.367451	0.029635
1.360185	0.029003
1.359554	0.032794
1.349761	0.029003
1.349445	0.026160
1.343443	0.029635
1.347234	0.023001
1.357026	0.017631
1.351024	0.020790
1.355447	0.023001
1.349445	0.018263
1.346286	0.016999
1.354815	0.018263
1.345654	0.014472
1.342495	0.011629
1.327332	0.012577
1.324805	0.012577
1.321646	0.002468
1.308378	0.010681
1.314381	0.010049
1.314381	0.013208
1.298902	0.016051
1.298270	0.004047
1.303956	0.006259
1.305851	0.002152
1.306799	0.000888
1.303008	0.001204
1.303324	-0.004165
1.296059	-0.000059
1.290057	-0.001638
1.294479	-0.003218
1.279000	0.005627
1.276473	-0.002586
1.265733	-0.007324
1.258467	-0.006376
1.264785	-0.010167
1.255308	-0.012693
1.253413	-0.012693
1.248990	-0.010798
1.242672	-0.014904
1.252149	-0.013641
1.246147	-0.018063
1.258151	-0.014904
1.259731	-0.017747
1.245515	-0.018379
1.250886	-0.017431
1.250886	-0.024380
1.238250	-0.022801
1.242356	-0.031961
1.226246	-0.028486
1.225614	-0.033224
1.213926	-0.027223
1.211083	-0.027854
1.209819	-0.036067
1.210135	-0.035435
1.205713	-0.031645
1.204765	-0.024064
1.205397	-0.035119
1.215189	-0.033540
1.211083	-0.036067
1.215505	-0.032908
1.222771	-0.035751
1.210767	-0.033224
1.203501	-0.033224
1.208240	-0.034172
1.200342	-0.036067
1.202238	-0.042384
1.190234	-0.038909
1.193077	-0.041120
1.185179	-0.039225
1.177282	-0.039541
1.192129	-0.036067
1.187075	-0.040489
1.188022	-0.035119
1.183916	-0.038593
1.189286	-0.043015
1.205397	-0.041120
1.200974	-0.041436
1.204765	-0.041120
1.202870	-0.038593
1.190866	-0.037014
1.200658	-0.040489
1.187391	-0.041752
1.194340	-0.040489
1.188654	-0.041120
1.183284	-0.036698
1.185179	-0.039541
1.191497	-0.040173
1.186443	-0.038909
1.196867	-0.034487
1.199079	-0.031329
1.200974	-0.037330
1.205713	-0.040489
1.211715	-0.033224
1.219928	-0.037330
1.217717	-0.032908
1.216453	-0.035751
1.217401	-0.032908
1.207608	-0.040173
1.215821	-0.032908
1.209503	-0.032276
1.206976	-0.030065
1.212346	-0.035119
1.205713	-0.031961
1.213294	-0.036067
1.211399	-0.031961
1.222139	-0.024696
1.228773	-0.022485
1.226878	-0.027223
1.239513	-0.021853
1.239513	-0.027854
1.238882	-0.019010
1.260047	-0.019326
1.253729	-0.021853
1.250570	-0.016484
1.249306	-0.008903
1.250570	-0.012693
1.256256	-0.015536
1.252781	-0.013641
1.257835	-0.011114
1.252781	-0.011746
1.254676	-0.010798
1.266364	-0.006376
1.274262	-0.002270
1.282159	-0.004481
1.283739	-0.001323
1.284686	-0.003218
1.293847	-0.002270
1.308063	0.001204
1.303008	0.003732
1.315960	-0.000059
1.298586	0.009102
1.304272	0.005627
1.297954	0.004995
1.307431	0.007206
1.312485	0.008470
1.303008	0.009734
1.309642	0.015420
1.307431	0.006259
1.314065	0.013840
1.332702	0.011945
1.333334	0.012261
1.345022	0.009102
1.338704	0.016999
1.338073	0.015104
1.357342	0.019842
1.362397	0.021106
1.363976	0.022053
1.357658	0.025844
1.346286	0.025844
1.352604	0.023317
1.350077	0.025844
1.356079	0.026160
1.364924	0.027108
1.354499	0.023633
1.355447	0.028371
1.357974	0.032478
1.369346	0.032478
1.378507	0.025212
1.379771	0.029951
1.385141	0.028055
1.381982	0.034689
1.378507	0.041639
1.402199	0.030267
1.400936	0.032162
1.391459	0.036269
1.387984	0.040059
1.378823	0.051432
1.381034	0.041323
1.384825	0.039744
1.387984	0.035321
1.388616	0.033426
1.371873	0.037848
1.390195	0.037532
1.388616	0.040375
1.407885	0.037216
1.421785	0.032162
1.400936	0.040375
1.405358	0.036269
1.404095	0.039112
1.399356	0.041639
1.406938	0.039112
1.399988	0.036269
1.396197	0.035953
1.381666	0.042271
1.377875	0.033742
1.386721	0.035321
1.377875	0.034689
1.376928	0.035005
1.386089	0.039744
1.369978	0.034057
1.384825	0.039112
1.390827	0.033110
1.391143	0.039112
1.395566	0.033426
1.384825	0.030583
1.388616	0.033742
1.389564	0.030267
1.380718	0.030898
1.386721	0.026160
1.362397	0.028687
1.360817	0.027108
1.358606	0.027740
1.349761	0.019842
1.357342	0.025528
1.353867	0.026476
1.349445	0.020158
1.348497	0.025212
1.345338	0.023633
1.358922	0.015736
1.353236	0.024581
1.352604	0.018894
1.349761	0.012892
1.335546	0.015736
1.345022	0.016999
1.336493	0.013524
1.333650	0.021422
1.330175	0.013524
1.310906	0.010997
1.307747	0.005943
1.308378	0.013208
1.304272	0.006890
1.308063	0.007838
1.300797	0.006259
1.300481	0.006890
1.301745	0.009734
1.304588	-0.000059
1.311853	-0.002586
1.302692	-0.006376
1.296375	0.000888
1.299533	-0.002270
1.285318	-0.007640
1.282475	-0.004165
1.277105	-0.007956
1.273630	-0.007008
1.258783	-0.007640
1.253413	-0.010482
1.256256	-0.011430
1.254676	-0.015536
1.247095	-0.014273
1.256572	-0.015852
1.245515	-0.019642
1.250886	-0.013957
1.255308	-0.017747
1.249622	-0.020590
1.250886	-0.018695
1.238882	-0.019958
1.241409	-0.024696
1.234459	-0.021537
1.233511	-0.029434
1.224035	-0.027223
1.211399	-0.027223
1.219612	-0.029750
1.212031	-0.031645
1.204765	-0.028170
1.212346	-0.026591
1.209819	-0.033540
1.208556	-0.029750
1.209819	-0.032908
1.212346	-0.033224
1.216769	-0.032908
1.212662	-0.037646
1.211083	-0.036382
1.211715	-0.034487
1.195288	-0.035435
1.202238	-0.036382
1.197499	-0.032276
1.194972	-0.037330
1.192129	-0.038593
1.182968	-0.035435
1.182652	-0.034172
1.187075	-0.040489
1.178230	-0.040489
1.189286	-0.041436
1.183284	-0.043331
1.193077	-0.038593
1.195920	-0.040489
1.193393	-0.039541
1.210767	-0.037962
1.199079	-0.043647
1.190866	-0.034487
1.201290	-0.036698
1.190234	-0.044911
1.198763	-0.039225
1.192129	-0.041120
1.189286	-0.043647
1.188338	-0.034487
1.184864	-0.038593
1.188970	-0.037330
1.192761	-0.031961
1.194972	-0.040489
1.206976	-0.037962
1.200027	-0.037014
1.207608	-0.037646
1.218980	-0.026907
1.216453	-0.037330
1.218664	-0.034803
1.216453	-0.031013
1.207608	-0.037646
1.215189	-0.030065
1.207924	-0.029750
1.211083	-0.031961
1.207924	-0.029118
1.211399	-0.031961
1.215505	-0.034487
1.206028	-0.031645
1.222139	-0.027539
1.229721	-0.028802
1.230352	-0.024696
1.242988	-0.031645
1.242988	-0.022801
1.247727	-0.019010
1.250570	-0.022801
1.258783	-0.021221
1.266049	-0.020906
1.252465	-0.014273
1.258783	-0.014589
1.254676	-0.011746
1.251517	-0.018063
1.261626	-0.008587
1.261942	-0.008587
1.253413	-0.011114
1.256572	-0.006060
1.268892	-0.004481
1.275841	-0.005745
1.281843	-0.006376
1.290372	-0.005429
1.296375	-0.000691
1.296059	0.003416
1.308378	-0.000691
1.317224	-0.000691
1.304588	-0.006692
1.314065	0.003732
1.305220	0.006890
1.303640	0.009734
1.310274	0.007838
1.305220	0.008470
1.307747	0.005627
1.308694	0.010997
1.312485	0.008470
1.315960	0.011945
1.327016	0.013524
1.339652	0.015736
1.341547	0.018579
1.348497	0.022685
1.355763	0.021106
1.354499	0.016999
1.348181	0.031846
1.355763	0.022053
1.350077	0.029319
1.354499	0.019210
1.345338	0.023001
1.355131	0.026792
1.355763	0.027740
1.354183	0.027424
1.363028	0.025528
1.362397	0.030267
1.366187	0.038164
1.386405	0.032162
1.380403	0.033742
1.393038	0.037216
1.391459	0.032162
1.388300	0.033742
1.395250	0.038480
1.393038	0.032478
1.387984	0.036585
1.387668	0.034689
1.385141	0.044482
1.380718	0.035953
1.374401	0.029635
1.384193	0.035005
1.388932	0.038480
1.371558	0.035953
1.391143	0.035953
1.385457	0.040375
1.397461	0.037848
1.406938	0.033426
1.398409	0.033110
1.404095	0.042903
1.400936	0.038796
1.401883	0.038796
1.404727	0.037532
1.395566	0.035953
1.393038	0.041639
1.378823	0.038164
1.379455	0.035637
1.383878	0.037532
1.379139	0.038164
1.377560	0.037848
1.380087	0.036585
1.382930	0.035637
1.381350	0.037216
1.387352	0.032162
1.399356	0.035637
1.387036	0.035005
1.381666	0.038796
1.399356	0.034689
1.384193	0.028055
1.385141	0.028371
1.382298	0.025528
1.365240	0.032162
1.363344	0.028687
1.359869	0.025528
1.354499	0.026476
1.353867	0.026160
1.345022	0.032478
1.350393	0.026160
1.347550	0.028371
1.351656	0.022053
1.353867	0.025528
1.351340	0.018579
1.354183	0.018263
1.352288	0.012577
1.343759	0.012892
1.345338	0.021422
1.326700	0.020790
1.333334	0.012577
1.323857	0.022053
1.313117	0.010997
1.315328	0.010049
1.298902	0.002468
1.305535	0.008470
1.307747	0.002152
1.298586	0.004995
1.309010	0.007522
1.297006	0.003100
1.303956	0.000888
1.307115	0.006259
1.298902	-0.003218
1.298270	0.000573
1.291320	-0.003534
1.286582	-0.004165
1.276157	-0.003849
1.272051	-0.008903
1.272367	-0.008271
1.260047	-0.010167
1.249622	-0.010482
1.257835	-0.012062
1.248990	-0.017747
1.243620	-0.009535
1.252781	-0.012693
1.242356	-0.019958
1.253097	-0.017431
1.249306	-0.019958
1.257203	-0.023117
1.258467	-0.021537
1.245199	-0.016484
1.245199	-0.026275
1.230036	-0.022485
1.229405	-0.027539
1.230668	-0.028170
1.212031	-0.026907
1.214874	-0.022801
1.214242	-0.028170
1.209187	-0.030697
1.205397	-0.029118
1.208556	-0.027854
1.213610	-0.036698
1.214242	-0.033540
1.214874	-0.037014
1.218348	-0.032908
1.208556	-0.033540
1.210135	-0.036067
1.212978	-0.039541
1.198447	-0.037962
1.204765	-0.040173
1.197183	-0.036067
1.194340	-0.038593
1.193393	-0.038909
1.186127	-0.033540
1.180757	-0.037014
1.184548	-0.043015
1.181073	-0.042384
1.192761	-0.041752
1.189286	-0.039541
1.201290	-0.035751
1.202238	-0.037962
1.200342	-0.041120
1.208556	-0.037014
1.209819	-0.041752
1.203501	-0.042384
1.198131	-0.043647
1.195920	-0.040804
1.196552	-0.043015
1.181705	-0.032592
1.190866	-0.046174
1.186759	-0.039541
1.178546	-0.038593
1.186127	-0.037962
1.186759	-0.036698
1.195920	-0.039857
1.205081	-0.040804
1.199079	-0.036698
1.213926	-0.032908
1.211083	-0.038593
1.215821	-0.039857
1.220244	-0.034803
1.215189	-0.034172
1.215821	-0.037962
1.212346	-0.027854
1.210767	-0.035119
1.213294	-0.031013
1.209819	-0.030381
1.210767	-0.027223
1.214874	-0.033540
1.209187	-0.027854
1.222771	-0.026275
1.227193	-0.024696
1.234459	-0.027223
1.235723	-0.024064
1.241725	-0.024696
1.253413	-0.015220
1.244252	-0.019642
1.251517	-0.022801
1.264785	-0.016800
1.246147	-0.017115
1.256888	-0.017115
1.251833	-0.014589
1.250886	-0.013641
1.260047	-0.012062
1.251517	-0.015852
1.263206	-0.006060
1.259099	-0.011114
1.268576	-0.008587
1.278053	-0.010482
1.278684	-0.003849
1.298902	-0.002902
1.296059	-0.000375
1.292584	-0.002586
1.308378	0.012577
1.309010	0.000573
1.306167	0.005311
1.310274	0.003100
1.304272	0.003100
1.308378	0.005943
1.301745	0.008154
1.309326	0.005627
1.321330	0.008786
1.304272	0.015736
1.318171	0.016367
1.323542	0.014788
1.325753	0.012892
1.343759	0.011313
1.339652	0.016683
1.342811	0.016999
1.351340	0.022685
1.346918	0.020158
1.358606	0.024265
1.356395	0.017315
1.360501	0.025844
1.351972	0.021422
1.346602	0.024581
1.356710	0.025844
1.354183	0.029003
1.354499	0.026476
1.361449	0.030267
1.359554	0.030898
1.374401	0.027424
1.372821	0.029003
1.383562	0.029003
1.388300	0.030583
1.380718	0.033110
1.392722	0.035953
1.393670	0.030898
1.390195	0.033426
1.393038	0.030583
1.381666	0.039428
1.386721	0.034689
1.384193	0.037216
1.375980	0.035321
1.385457	0.037532
1.385773	0.038480
1.379139	0.036901
1.384509	0.039744
1.388932	0.036901
1.399988	0.035953
1.393986	0.033426
1.402831	0.039744
1.403147	0.039112
1.395566	0.037848
1.404095	0.037532
1.398725	0.038164
1.397461	0.041007
1.399040	0.041007
1.382298	0.036901
1.385457	0.041639
1.384193	0.044798
1.380403	0.037532
1.383878	0.035005
1.370610	0.041007
1.379139	0.039112
1.389248	0.035321
1.388932	0.033742
1.399988	0.032794
1.392407	0.034373
1.381034	0.031846
1.381034	0.030267
1.383246	0.035321
1.384825	0.030583
1.381350	0.029635
1.370294	0.023317
1.358606	0.028371
1.349761	0.025528
1.368083	0.031530
1.350077	0.031846
1.347550	0.023001
1.351340	0.023317
1.345022	0.025844
1.351024	0.021738
1.357342	0.018263
1.356710	0.018579
1.358922	0.019526
1.346602	0.016683
1.341547	0.014156
1.338389	0.020158
1.332386	0.011945
1.333334	0.012261
1.321962	0.019526
1.313749	0.011313
1.314065	0.006890
1.300797	0.009418
1.300797	0.007838
1.306483	0.004047
1.300165	0.005311
1.298270	-0.001954
1.292584	0.001204
1.308378	-0.000059
1.302692	0.001204
1.309958	0.004995
1.304272	-0.000691
1.283107	-0.005745
1.280580	-0.001954
1.279000	-0.006692
1.272998	-0.007324
1.274894	-0.023432
1.256888	-0.010167
1.255940	-0.014273
1.250886	-0.013009
1.244568	-0.011430
1.258783	-0.019642
1.249938	-0.018379
1.249306	-0.017115
1.243304	-0.019642
1.248043	-0.018063
1.259099	-0.018063
1.249938	-0.029750
1.246779	-0.020274
1.248043	-0.023748
1.230984	-0.024696
1.232248	-0.025012
1.226246	-0.027539
1.226878	-0.027223
1.218032	-0.027854
1.205397	-0.028802
1.206028	-0.027854
1.209503	-0.025959
1.198131	-0.026591
1.218032	-0.037962
1.207292	-0.030697
1.208556	-0.034803
1.214242	-0.034803
1.209187	-0.034487
1.217085	-0.040804
1.219928	-0.034172
1.210135	-0.041120
1.206344	-0.040804
1.193393	-0.037962
1.200027	-0.035435
1.188338	-0.037646
1.186443	-0.038593
1.192445	-0.039857
1.184548	-0.037962
1.182968	-0.039857
1.192129	-0.041752
1.187391	-0.044911
1.197499	-0.041436
1.198447	-0.040173
1.201606	-0.042068
1.202870	-0.040804
1.197183	-0.044279
1.205397	-0.037646
1.194340	-0.039541
1.196552	-0.044911
1.190866	-0.039541
1.175703	-0.037330
1.188022	-0.039225
1.187707	-0.039857
1.177282	-0.044279
1.185179	-0.037014
1.187075	-0.036067
1.190550	-0.037962
1.194024	-0.035751
1.205081	-0.038909
1.210451	-0.041436
1.203817	-0.036067
1.211715	-0.035435
1.220560	-0.033540
1.216453	-0.037014
1.218348	-0.035119
1.216453	-0.032592
1.211399	-0.038278
1.209819	-0.031013
1.208871	-0.030065
1.218664	-0.029750
1.215505	-0.028170
1.212031	-0.024696
1.220560	-0.028486
1.223403	-0.026591
1.240461	-0.027223
1.238250	-0.021221
1.247095	-0.023432
1.253413	-0.022801
1.250254	-0.021537
1.250886	-0.020906
1.260363	-0.018379
1.259099	-0.019642
1.261626	-0.017115
1.250254	-0.007008
1.250886	-0.009219
1.252149	-0.012693
1.251833	-0.013957
1.264469	-0.009535
1.266049	-0.014589
1.266364	-0.003534
1.277105	-0.007008
1.278053	-0.004797
1.300481	-0.001954
1.297322	-0.001323
1.298586	0.000573
1.297006	-0.006376
1.300165	0.003416
1.318487	-0.000059
1.311538	0.001520
1.314696	0.002468
1.307115	0.016367
1.299533	0.007522
1.307115	0.008786
1.316592	0.009734
1.315012	0.010365
1.321646	0.009734
1.323226	0.012261
1.329859	0.011629
1.345338	0.013840
1.351340	0.016999
1.356710	0.020158
1.352288	0.017631
1.354499	0.022053
1.353867	0.021106
1.354183	0.018263
1.361133	0.022053
1.356079	0.027108
1.351340	0.025528
1.350077	0.030583
1.336177	0.027740
1.356395	0.027424
1.358290	0.029003
1.369030	0.026476
1.369662	0.028055
1.365240	0.029003
1.382298	0.035953
1.392722	0.037848
1.390195	0.033426
1.403463	0.034057
1.386721	0.038480
1.382614	0.041955
1.387984	0.038480
1.390827	0.040375
1.395882	0.035953
1.382930	0.035637
1.382930	0.039112
1.379771	0.042903
1.377560	0.037848
1.391459	0.038164
1.392722	0.039428
1.394618	0.037532
1.398725	0.033426
1.392407	0.040059
1.407570	0.044482
1.417046	0.038164
1.410097	0.042903
1.405990	0.036585
1.399988	0.036269
1.392407	0.036585
1.395882	0.035953
1.392722	0.030898
1.393670	0.033426
1.372821	0.037532
1.369030	0.034057
1.378823	0.039744
1.374717	0.037848
1.387352	0.037848
1.387984	0.035005
1.387352	0.035005
1.388300	0.043218
1.382614	0.035953
1.393354	0.033426
1.391459	0.030898
1.383246	0.032162
1.380403	0.028687
1.363976	0.030267
1.376296	0.030267
1.364292	0.028687
1.354499	0.031214
1.361133	0.028055
1.351340	0.026160
1.346286	0.026476
1.355131	0.021422
1.352604	0.024265
1.356395	0.024896
1.351024	0.021738
1.351340	0.013524
1.357974	0.027108
1.347234	0.016367
1.351972	0.020790
1.345970	0.015104
1.326069	0.013840
1.332702	0.011313
1.316276	0.011313
1.315960	0.010997
1.312485	0.010681
1.305220	0.007522
1.303640	0.009418
1.291636	0.004679
1.303956	0.003416
1.303008	0.006890
1.302377	0.001204
1.312169	0.002152
1.298270	-0.001638
1.297954	0.000888
1.308694	0.000888
1.288793	0.000573
1.288161	-0.005113
1.278053	-0.004481
1.273946	-0.013641
1.270155	-0.010167
1.261310	-0.009535
1.259731	-0.010798
1.252465	-0.014273
1.242672	-0.006376
1.249306	-0.007008
1.243304	-0.015536
1.250886	-0.017747
1.245831	-0.018379
1.248674	-0.015536
1.246779	-0.016484
1.245515	-0.023748
1.248990	-0.024064
1.247095	-0.017747
1.245831	-0.023432
1.232880	-0.028486
1.224350	-0.027223
1.227509	-0.023432
1.221507	-0.020906
1.209187	-0.031329
1.210135	-0.029750
1.206976	-0.033540
1.201922	-0.029750
1.212978	-0.033856
1.211083	-0.035751
1.213926	-0.029118
1.208556	-0.026275
1.214558	-0.034487
1.217085	-0.036067
1.212978	-0.037646
1.218032	-0.034803
1.206344	-0.038278
1.198763	-0.035751
1.201606	-0.038593
1.191181	-0.037646
1.188338	-0.037330
1.186127	-0.039225
1.181705	-0.037646
1.181705	-0.039857
1.183916	-0.040489
1.192445	-0.041436
1.194340	-0.043015
1.198447	-0.043963
1.205081	-0.042068
1.198131	-0.039541
1.200974	-0.039541
1.212662	-0.043331
1.200974	-0.040173
1.199079	-0.044279
1.190550	-0.041120
1.189918	-0.041752
1.188338	-0.040804
1.185811	-0.040489
1.190550	-0.038909
1.189286	-0.038909
1.184548	-0.036382
1.200658	-0.038909
1.185179	-0.035435
1.203817	-0.036067
1.212031	-0.036067
1.206028	-0.037330
1.216137	-0.032908
1.214242	-0.035751
1.213294	-0.036067
1.215505	-0.031329
1.211083	-0.033540
1.213926	-0.031013
1.206976	-0.031645
1.211399	-0.029434
1.220244	-0.029118
1.216137	-0.035751
1.218980	-0.029750
1.224982	-0.027854
1.222139	-0.022485
1.238250	-0.023748
1.235091	-0.022169
1.248990	-0.024064
1.249622	-0.008587
1.250254	-0.018695
1.260363	-0.015852
1.255940	-0.013957
1.259731	-0.015852
1.260678	-0.016800
1.248674	-0.019010
1.259731	-0.013641
1.249306	-0.010798
1.250570	-0.011746
1.263521	-0.010167
1.257203	-0.008271
1.269207	-0.000375
1.272682	-0.009851
1.283739	-0.002586
1.293216	-0.003218
1.290688	0.000257
1.306167	-0.005113
1.303956	0.001520
1.298270	0.003732
1.316908	0.003416
1.294795	0.006890
1.307747	0.003732
1.308694	0.005311
1.300481	0.006890
1.306483	0.002468
1.309642	0.010997
1.314381	0.005311
1.322278	0.012261
1.323542	0.015104
1.333334	0.020158
1.334914	0.022685
1.348813	0.020474
1.355131	0.018579
1.349445	0.016999
1.347234	0.017315
1.357974	0.014472
1.353867	0.022685
1.357342	0.021422
1.354815	0.022369
1.356710	0.019210
1.348813	0.020474
1.350708	0.033110
1.354183	0.027424
1.357974	0.024581
1.359238	0.031530
1.371873	0.031214
1.366503	0.030267
1.380403	0.030898
1.381350	0.025212
1.387984	0.035637
1.395250	0.032162
1.389879	0.032162
1.402515	0.034057
1.383562	0.030583
1.391459	0.040375
1.387036	0.035321
1.379139	0.036585
1.384825	0.037532
1.383246	0.037848
1.375348	0.037216
1.384193	0.037848
1.390511	0.039744
1.386405	0.040059
1.390827	0.035953
1.404095	0.040375
1.396829	0.036269
1.408201	0.037532
1.405674	0.039112
1.404095	0.037848
1.394934	0.041007
1.393986	0.043218
1.383246	0.039112
1.390511	0.037216
1.385773	0.037848
1.374717	0.041007
1.375664	0.037848
1.375032	0.037216
1.378823	0.037216
1.388616	0.037848
1.379771	0.038164
1.395882	0.035321
1.388300	0.039744
1.388300	0.033426
1.395250	0.033110
1.391459	0.032478
1.383562	0.032162
1.379455	0.029951
1.371558	0.031846
1.370926	0.030583
1.359238	0.022685
1.361133	0.028371
1.353236	0.027740
1.346286	0.026160
1.350708	0.024896
1.338073	0.026160
1.352920	0.023949
1.352288	0.020158
1.341547	0.024896
1.360185	0.012892
1.352604	0.020790
1.346918	0.018894
1.351340	0.015104
1.343127	0.013524
1.335546	0.013208
1.331439	0.013840
1.321646	0.010049
1.318803	0.011945
1.307431	0.004363
1.304588	0.008786
1.308063	0.007522
1.291952	0.005627
1.304904	0.006259
1.297954	0.008154
1.302377	-0.000375
1.309010	-0.006060
1.300165	-0.000375
1.305851	-0.001638
1.299533	-0.001638
1.292268	-0.004797
1.297006	-0.007956
1.277105	-0.006060
1.282475	-0.007640
1.264785	-0.006060
1.255624	-0.012378
1.267312	-0.011114
1.253413	-0.012693
1.247411	-0.014589
1.254676	-0.010798
1.245515	-0.015220
1.249938	-0.019010
1.248358	-0.017115
1.254676	-0.014273
1.244252	-0.015536
1.240777	-0.023432
1.242041	-0.023117
1.243620	-0.028802
1.233511	-0.021537
1.237618	-0.028170
1.223087	-0.026907
1.225298	-0.031013
1.220876	-0.027854
1.214558	-0.031329
1.215505	-0.029750
1.207608	-0.037646
1.203817	-0.028802
1.209819	-0.029434
1.207608	-0.040804
1.215189	-0.031961
1.209819	-0.034172
1.208240	-0.037330
1.223403	-0.038593
1.208556	-0.037330
1.210451	-0.036382
1.210767	-0.037330
1.196552	-0.037646
1.194972	-0.038278
1.184548	-0.039857
1.189918	-0.039857
1.176966	-0.035435
1.182020	-0.039541
1.185179	-0.036382
1.179809	-0.044911
1.193709	-0.038909
1.194340	-0.043331
1.201606	-0.038909
1.208556	-0.043963
1.199711	-0.039541
1.199079	-0.039225
1.197499	-0.039541
1.202238	-0.039225
1.191181	-0.038593
1.190234	-0.040489
1.190234	-0.039541
1.186127	-0.040804
1.182336	-0.043647
