# Configuration automatically generated by WRITE_CONFIG()
connection eth
ip 192.168.0.10
samplehz 1000.000000
settleus 10.000000
nsample 128

# Analog Inputs
aichannel 0
ainegative 199
airange 10.000000
airesolution 0

aichannel 1
ainegative 199
airange 10.000000
airesolution 0

# Analog Outputs
aochannel 0
aosignal sine
aofrequency 5.000000
aoamplitude 0.250000
aooffset 1.250000
aoduty 0.500000

# Meta Parameters
int:periods 10
flt:plate_Thigh_C 394.336054
flt:plate_Tlow_C 213.688684
flt:plate_Q_kW 1.104391
flt:plate_Tpeak_C 1236.900743
flt:cool_Thigh_C 78.970469
flt:cool_Tlow_C 22.408575
flt:air_psig 80.000000
flt:water_gph 0.900000
flt:cool_Q_kW 0.000000
flt:standoff_in 0.500000
flt:oxygen_scfh 11.777687
flt:fuel_scfh 8.249906
flt:flow_scfh 20.027594
flt:ratio_fto 0.700469

## End Configuration ##
#: Thu Jul 21 18:15:34 2016
-1.346231	-0.543329
-1.074912	-0.492792
-0.963731	-0.495003
-0.895191	-0.490265
-0.885084	-0.482053
-0.900876	-0.484580
-0.887295	-0.480158
-0.856657	-0.475104
-0.822545	-0.478263
-0.828862	-0.472894
-0.849076	-0.469735
-0.877187	-0.466261
-0.847181	-0.465629
-0.763164	-0.461523
-0.692728	-0.454890
-0.663354	-0.462154
-0.698730	-0.450468
-0.735369	-0.451100
-0.701888	-0.448257
-0.658932	-0.439413
-0.606816	-0.441624
-0.593866	-0.436886
-0.618187	-0.437834
-0.602078	-0.435939
-0.559122	-0.436570
-0.502584	-0.426779
-0.461207	-0.422357
-0.438465	-0.419198
-0.435939	-0.419198
-0.444151	-0.422041
-0.423936	-0.416356
-0.409723	-0.420146
-0.422357	-0.415724
-0.447625	-0.411934
-0.459312	-0.419514
-0.449204	-0.410670
-0.429306	-0.407512
-0.388876	-0.406880
-0.382243	-0.410670
-0.406564	-0.402458
-0.406248	-0.398668
-0.368346	-0.402774
-0.334233	-0.404353
-0.326653	-0.398668
-0.330759	-0.400563
-0.347183	-0.398036
-0.338655	-0.407827
-0.306438	-0.403721
-0.283381	-0.401195
-0.280538	-0.403721
-0.304859	-0.402774
-0.334549	-0.394246
-0.357291	-0.398352
-0.356343	-0.394562
-0.334865	-0.398036
-0.341814	-0.396141
-0.370241	-0.398352
-0.369609	-0.401826
-0.365819	-0.406248
-0.339287	-0.404985
-0.308333	-0.401826
-0.305806	-0.409723
-0.320020	-0.406248
-0.331075	-0.401195
-0.314966	-0.410670
-0.313387	-0.407196
-0.328548	-0.416040
-0.358554	-0.411618
-0.409407	-0.413197
-0.443203	-0.416987
-0.452995	-0.418251
-0.446362	-0.415092
-0.467208	-0.424568
-0.507322	-0.419514
-0.541118	-0.422041
-0.543329	-0.428042
-0.500689	-0.424568
-0.458680	-0.429306
-0.440045	-0.428990
-0.492161	-0.430569
-0.545540	-0.434991
-0.571440	-0.440360
-0.585338	-0.444782
-0.603341	-0.442887
-0.645034	-0.444151
-0.694939	-0.449520
-0.730631	-0.450784
-0.749266	-0.460891
-0.739475	-0.458048
-0.727156	-0.457417
-0.734421	-0.466892
-0.782115	-0.466892
-0.850971	-0.468156
-0.863921	-0.470367
-0.853498	-0.474473
-0.859499	-0.479842
-0.882241	-0.489634
-0.940042	-0.481737
-0.962152	-0.491213
-0.957099	-0.486475
-0.928988	-0.493740
-0.961205	-0.496583
-1.019006	-0.501005
-1.070490	-0.507638
-1.097338	-0.506374
-1.069543	-0.509217
-1.030693	-0.508269
-1.024060	-0.518377
-1.083440	-0.519956
-1.164931	-0.519956
-1.205992	-0.523746
-1.210098	-0.530695
-1.162404	-0.528800
-1.148822	-0.527536
-1.197780	-0.535117
-1.252738	-0.535749
-1.279270	-0.549330
-1.270110	-0.542697
-1.302643	-0.551541
-1.361392	-0.553436
-1.439724	-0.552805
-1.508581	-0.550910
-1.495631	-0.559753
-1.481417	-0.554700
-1.470362	-0.555963
-1.507317	-0.564175
-1.564487	-0.565755
-1.597336	-0.563860
-1.593230	-0.574915
-1.542377	-0.575546
-1.510160	-0.574599
-1.564487	-0.574915
-1.632396	-0.577125
-1.671246	-0.581547
-1.603969	-0.583758
-1.545851	-0.585022
-1.524373	-0.585338
-1.565434	-0.588812
-1.618814	-0.589128
-1.630185	-0.592602
-1.605548	-0.594498
-1.578069	-0.594813
-1.589123	-0.592602
-1.628921	-0.591023
-1.637449	-0.597340
-1.605548	-0.598919
-1.542377	-0.599551
-1.539219	-0.595761
-1.579332	-0.593550
-1.634291	-0.591339
-1.671877	-0.602394
-1.667455	-0.595129
-1.632711	-0.603341
-1.590387	-0.596393
-1.624815	-0.597024
-1.679142	-0.595761
-1.681037	-0.598604
-1.659559	-0.593234
-1.622920	-0.597972
-1.622288	-0.595761
-1.704726	-0.590707
-1.782426	-0.585338
-1.811801	-0.595129
-1.750525	-0.593234
-1.691145	-0.594182
-1.662402	-0.586285
-1.663981	-0.583127
-1.657980	-0.584390
-1.610602	-0.583443
-1.581543	-0.578705
-1.554064	-0.587233
-1.579332	-0.577757
-1.630816	-0.577441
-1.649452	-0.575546
-1.635870	-0.576178
-1.569856	-0.577125
-1.521847	-0.571756
-1.493104	-0.563544
-1.480470	-0.563544
-1.436250	-0.560701
-1.342441	-0.558174
-1.272953	-0.550278
-1.240420	-0.550278
-1.296958	-0.559438
-1.366762	-0.548383
-1.359181	-0.538591
-1.339598	-0.541750
-1.290325	-0.539855
-1.271058	-0.537328
-1.320331	-0.529431
-1.357286	-0.525010
-1.326017	-0.526905
-1.254949	-0.525325
-1.207255	-0.523746
-1.178197	-0.521219
-1.181039	-0.523746
-1.180092	-0.515218
-1.112183	-0.506058
-1.020901	-0.501636
-0.949518	-0.506058
-0.955835	-0.499109
-0.990263	-0.501320
-0.988052	-0.494056
-0.957414	-0.485212
-0.891401	-0.493108
-0.831388	-0.485844
-0.811490	-0.478895
-0.778325	-0.481106
-0.732526	-0.471946
-0.660195	-0.471946
-0.620398	-0.470683
-0.614080	-0.466892
-0.649456	-0.459312
-0.694308	-0.464997
-0.694308	-0.451415
-0.683568	-0.452995
-0.666196	-0.458680
-0.661143	-0.452047
-0.666828	-0.444467
-0.658300	-0.449520
-0.633032	-0.442256
-0.585969	-0.434043
-0.544277	-0.440045
-0.578705	-0.437202
-0.603657	-0.430569
-0.633348	-0.434675
-0.588180	-0.422673
-0.542066	-0.425831
-0.497214	-0.420777
-0.483948	-0.417303
-0.496267	-0.412881
-0.451415	-0.416356
-0.404353	-0.424568
-0.358554	-0.411934
-0.338024	-0.427726
-0.363924	-0.414460
-0.377505	-0.409407
-0.382243	-0.408143
-0.355396	-0.404353
-0.340235	-0.403721
-0.340550	-0.406564
-0.347499	-0.398036
-0.354764	-0.400563
-0.326337	-0.401826
-0.308017	-0.397088
-0.296962	-0.398668
-0.308649	-0.404037
-0.335497	-0.396773
-0.316230	-0.404669
-0.325074	-0.402142
-0.309281	-0.401826
-0.330443	-0.397088
-0.378769	-0.399299
-0.412565	-0.390771
-0.444467	-0.398668
-0.420146	-0.397088
-0.374979	-0.400563
-0.355396	-0.396773
-0.350342	-0.399931
-0.362660	-0.403090
-0.319704	-0.400247
-0.293172	-0.405301
-0.289382	-0.402142
-0.302648	-0.407512
-0.353816	-0.405616
-0.397088	-0.410354
-0.419830	-0.406880
-0.414776	-0.409407
-0.422673	-0.415724
-0.446362	-0.413197
-0.472894	-0.415408
-0.510796	-0.416987
-0.494056	-0.417619
-0.445730	-0.415724
-0.426463	-0.423304
-0.452995	-0.422988
-0.501005	-0.424252
-0.528168	-0.429937
-0.554700	-0.430253
-0.538907	-0.434675
-0.542382	-0.428674
-0.601130	-0.445098
-0.646298	-0.442887
-0.664933	-0.445414
-0.645982	-0.458048
-0.661459	-0.453311
-0.678199	-0.449204
-0.730315	-0.455521
-0.760953	-0.457417
-0.706942	-0.462786
-0.652615	-0.461839
-0.652931	-0.465945
-0.682937	-0.466576
-0.741686	-0.469419
-0.784010	-0.470683
-0.803909	-0.477631
-0.799803	-0.483633
-0.804541	-0.485528
-0.860131	-0.489002
-0.915090	-0.496583
-0.961205	-0.492476
-0.972260	-0.500689
-0.980156	-0.496898
-0.994054	-0.502584
-1.057856	-0.503531
-1.115342	-0.511428
-1.101760	-0.515850
-1.069543	-0.511744
-1.024060	-0.518377
-1.029429	-0.525010
-1.087862	-0.524378
-1.138399	-0.525957
-1.145032	-0.529431
-1.080914	-0.528800
-1.067332	-0.537644
-1.124186	-0.542697
-1.206939	-0.542697
-1.287482	-0.543329
-1.292220	-0.548383
-1.272006	-0.550278
-1.270426	-0.560701
-1.321279	-0.556279
-1.411929	-0.558806
-1.444146	-0.561333
-1.446357	-0.562280
-1.410982	-0.569229
-1.406560	-0.570808
-1.477311	-0.572388
-1.540798	-0.579968
-1.557222	-0.577441
-1.537007	-0.574283
-1.507949	-0.583758
-1.513318	-0.586601
-1.573015	-0.579968
-1.630500	-0.582179
-1.632396	-0.584074
-1.632396	-0.580284
-1.631448	-0.587233
-1.653242	-0.592602
-1.705042	-0.590707
-1.710412	-0.592287
-1.690513	-0.589760
-1.637133	-0.589444
-1.614392	-0.594498
-1.641240	-0.598288
-1.675352	-0.594813
-1.689249	-0.597972
-1.673773	-0.593234
-1.641871	-0.593866
-1.620077	-0.590076
-1.654190	-0.593550
-1.711043	-0.601130
-1.693671	-0.597024
-1.631132	-0.602394
-1.583754	-0.597340
-1.559117	-0.590707
-1.661454	-0.596393
-1.741997	-0.598288
-1.769792	-0.595761
-1.714518	-0.588496
-1.648820	-0.600183
-1.615339	-0.594182
-1.623552	-0.591339
-1.650715	-0.593234
-1.605232	-0.594813
-1.526584	-0.586285
-1.478259	-0.588180
-1.478259	-0.585654
-1.520583	-0.582495
-1.539534	-0.582179
-1.560065	-0.575546
-1.576805	-0.577757
-1.574278	-0.581232
-1.609022	-0.575546
-1.611549	-0.575546
-1.578384	-0.573335
-1.520583	-0.566071
-1.499105	-0.566702
-1.496894	-0.555647
-1.501632	-0.563544
-1.513318	-0.561017
-1.458676	-0.558174
-1.361076	-0.555332
-1.285587	-0.551541
-1.254002	-0.550278
-1.304223	-0.543961
-1.336124	-0.543329
-1.308645	-0.542382
-1.219258	-0.533853
-1.139663	-0.536064
-1.139031	-0.527852
-1.145032	-0.531011
-1.153876	-0.524062
-1.107129	-0.519640
-1.037641	-0.527536
-0.984578	-0.517113
-0.985841	-0.512691
-1.031640	-0.512691
-1.037326	-0.495003
-0.998791	-0.506690
-0.957099	-0.500057
-0.929935	-0.498478
-0.949518	-0.494687
-0.955203	-0.494056
-0.927408	-0.488686
-0.865817	-0.485212
-0.822229	-0.477631
-0.822545	-0.475736
-0.860131	-0.469735
-0.864553	-0.475104
-0.788432	-0.471314
-0.701256	-0.458048
-0.633032	-0.463102
-0.629242	-0.464050
-0.679147	-0.453311
-0.677567	-0.459312
-0.667144	-0.452679
-0.606184	-0.451731
-0.567966	-0.441308
-0.594813	-0.444467
-0.611870	-0.444151
-0.617555	-0.438465
-0.583127	-0.443519
-0.532274	-0.435939
-0.499109	-0.430253
-0.495003	-0.432148
-0.495951	-0.429306
-0.451100	-0.423936
-0.412565	-0.427095
-0.383191	-0.421409
-0.389508	-0.417619
-0.421093	-0.423304
-0.432148	-0.417303
-0.418882	-0.410354
-0.381612	-0.409723
-0.373715	-0.410670
-0.399615	-0.409407
-0.413829	-0.412249
-0.418882	-0.404353
-0.409723	-0.406564
-0.386034	-0.405932
-0.364555	-0.404985
-0.381296	-0.403721
-0.404353	-0.401195
-0.358554	-0.403721
-0.313703	-0.389508
-0.276748	-0.399299
-0.256217	-0.398352
-0.285908	-0.394562
-0.317177	-0.392351
-0.339287	-0.397720
-0.322863	-0.409723
-0.331707	-0.391403
-0.347183	-0.399615
-0.369293	-0.392351
-0.385402	-0.392982
-0.369293	-0.404037
-0.342446	-0.396457
-0.329496	-0.398668
-0.344657	-0.406248
-0.359502	-0.403721
-0.360449	-0.401826
-0.342446	-0.405932
-0.311492	-0.402774
-0.288434	-0.402142
-0.320336	-0.404353
-0.352237	-0.413829
-0.374031	-0.408459
-0.378453	-0.411302
-0.372136	-0.414460
-0.395193	-0.408775
-0.434359	-0.411618
-0.490581	-0.419830
-0.516166	-0.425199
-0.525957	-0.424568
-0.522799	-0.423620
-0.521219	-0.422673
-0.543329	-0.432148
-0.552173	-0.428990
-0.551857	-0.433728
-0.525325	-0.435307
-0.520272	-0.441308
-0.575546	-0.439729
-0.625451	-0.443835
-0.687990	-0.435939
-0.701888	-0.449836
-0.716417	-0.452363
-0.716102	-0.455837
-0.725577	-0.458048
-0.772008	-0.457732
-0.776114	-0.462786
-0.754636	-0.471314
-0.753688	-0.469419
-0.755583	-0.474473
-0.809279	-0.473841
-0.848445	-0.480790
-0.845286	-0.473209
-0.812753	-0.487739
-0.796960	-0.483633
-0.826966	-0.493424
-0.890769	-0.496898
-0.986473	-0.497214
-1.031008	-0.497530
-1.034167	-0.507006
-1.048065	-0.509848
-1.061646	-0.509848
-1.132398	-0.522483
-1.166510	-0.512375
-1.162404	-0.517113
-1.111236	-0.527220
-1.112815	-0.533222
-1.170616	-0.525641
-1.257160	-0.531011
-1.326648	-0.531327
-1.318752	-0.533853
-1.308329	-0.538907
-1.313383	-0.540170
-1.339598	-0.542066
-1.409402	-0.542066
-1.398979	-0.547751
-1.367710	-0.552173
-1.339283	-0.564175
-1.344336	-0.565123
-1.449200	-0.559122
-1.562908	-0.564807
-1.665244	-0.565123
-1.680405	-0.563544
-1.640608	-0.573967
-1.621972	-0.574915
-1.596704	-0.575546
-1.583438	-0.577757
-1.549642	-0.575862
-1.468783	-0.581863
-1.432144	-0.578073
-1.445726	-0.586601
-1.491524	-0.583758
-1.504475	-0.583443
-1.523742	-0.586285
-1.568593	-0.589760
-1.631132	-0.593866
-1.731890	-0.593866
-1.809590	-0.591655
-1.819381	-0.588180
-1.735680	-0.593234
-1.661770	-0.593234
-1.615655	-0.598288
-1.612813	-0.598604
-1.665876	-0.598604
-1.674720	-0.606184
-1.655769	-0.603026
-1.632080	-0.598288
-1.624499	-0.598288
-1.681353	-0.597656
-1.721467	-0.596393
-1.754000	-0.597024
-1.751157	-0.594498
-1.727152	-0.590707
-1.728415	-0.594498
-1.723993	-0.598288
-1.713254	-0.596393
-1.665244	-0.592602
-1.590071	-0.588812
-1.560697	-0.583758
-1.555643	-0.593234
-1.580911	-0.592602
-1.577753	-0.588180
-1.531954	-0.582179
-1.510792	-0.585969
-1.508581	-0.581547
-1.571436	-0.581232
-1.612497	-0.579968
-1.624815	-0.573019
-1.592914	-0.580916
-1.530690	-0.574915
-1.484260	-0.574283
-1.475416	-0.566702
-1.504790	-0.567018
-1.467520	-0.566702
-1.440356	-0.562912
-1.394241	-0.559438
-1.386661	-0.555016
-1.447305	-0.549962
-1.477627	-0.553121
-1.451411	-0.550278
-1.393925	-0.549014
-1.317173	-0.544592
-1.302643	-0.542382
-1.320647	-0.538591
-1.296642	-0.537012
-1.244842	-0.534485
-1.177565	-0.530379
-1.135556	-0.525957
-1.120080	-0.523114
-1.150401	-0.523430
-1.127660	-0.521219
-1.068279	-0.516797
-1.020269	-0.513007
-0.994054	-0.512059
-1.008583	-0.503847
-1.023428	-0.504479
-0.979840	-0.499741
-0.886347	-0.492161
-0.794749	-0.495003
-0.776114	-0.490897
-0.790327	-0.483317
-0.828862	-0.485844
-0.848445	-0.480790
-0.840232	-0.482053
-0.825387	-0.477315
-0.813069	-0.476368
-0.800119	-0.470998
-0.742949	-0.470367
-0.695887	-0.466892
-0.645982	-0.459312
-0.603657	-0.458996
-0.628926	-0.451731
-0.683568	-0.451415
-0.682305	-0.448257
-0.625767	-0.451415
-0.565439	-0.444782
-0.550910	-0.439097
-0.554700	-0.438465
-0.570493	-0.432464
-0.541434	-0.429306
-0.472578	-0.431201
-0.422673	-0.430885
-0.411934	-0.427410
-0.440360	-0.422357
-0.465945	-0.426147
-0.474473	-0.423304
-0.470998	-0.422673
-0.453626	-0.414145
-0.472262	-0.420777
-0.485844	-0.413197
-0.481737	-0.412565
-0.449204	-0.414460
-0.419198	-0.410670
-0.410354	-0.408143
-0.411618	-0.406564
-0.425199	-0.409407
-0.389192	-0.402142
-0.343393	-0.406248
-0.296647	-0.398352
-0.278327	-0.403405
-0.286855	-0.401826
-0.293804	-0.396773
-0.299489	-0.397404
-0.284328	-0.402142
-0.252427	-0.397720
-0.283065	-0.402774
-0.300437	-0.400563
-0.339603	-0.401195
-0.341814	-0.398352
-0.318125	-0.398668
-0.303911	-0.401826
-0.308017	-0.399299
-0.348131	-0.401195
-0.362029	-0.396141
-0.345604	-0.399931
-0.334865	-0.396773
-0.306122	-0.403405
-0.332654	-0.400879
-0.351289	-0.404985
-0.354764	-0.403090
-0.348763	-0.408775
-0.321915	-0.407827
-0.353185	-0.408775
-0.388560	-0.411934
-0.448573	-0.409407
-0.467208	-0.412881
-0.454890	-0.418882
-0.442256	-0.412249
-0.448573	-0.422041
-0.481106	-0.423304
-0.486159	-0.416356
-0.485844	-0.422673
-0.464050	-0.427410
-0.450784	-0.435307
-0.488686	-0.432464
-0.530379	-0.435623
-0.561333	-0.440360
-0.563860	-0.435939
-0.550910	-0.440992
-0.547751	-0.446046
-0.573651	-0.447309
-0.653246	-0.447941
-0.687043	-0.451731
-0.710416	-0.455206
-0.725893	-0.453626
-0.739791	-0.462786
-0.792222	-0.461207
-0.855709	-0.470683
-0.889190	-0.472578
-0.885715	-0.470367
-0.874660	-0.484580
-0.911300	-0.476368
-0.961205	-0.478895
-1.007951	-0.485212
-1.016479	-0.484580
-0.962784	-0.497214
-0.901192	-0.500057
-0.897718	-0.503847
-0.938463	-0.500057
-0.959625	-0.504479
-0.979524	-0.507953
-1.002266	-0.510480
-1.025007	-0.511428
-1.041432	-0.515850
-1.108393	-0.519008
-1.162720	-0.520588
-1.147243	-0.523746
-1.114710	-0.528168
-1.132082	-0.536696
-1.164299	-0.531327
-1.227786	-0.540170
-1.268847	-0.532274
-1.269163	-0.549014
-1.286535	-0.545856
-1.336756	-0.541434
-1.435934	-0.550278
-1.498789	-0.554700
-1.498157	-0.557543
-1.477627	-0.556279
-1.424879	-0.557227
-1.425195	-0.558806
-1.465624	-0.571756
-1.494999	-0.571440
-1.467520	-0.567966
-1.431512	-0.574915
-1.423300	-0.572388
-1.453306	-0.581863
-1.540166	-0.582495
-1.593545	-0.575546
-1.609654	-0.585338
-1.620077	-0.583758
-1.622604	-0.585022
-1.651347	-0.578073
-1.648820	-0.587549
-1.616919	-0.591339
-1.592598	-0.593234
-1.577753	-0.592918
-1.586913	-0.589760
-1.642819	-0.594498
-1.727152	-0.593234
-1.758422	-0.595129
-1.720835	-0.595129
-1.673457	-0.592918
-1.668403	-0.599551
-1.732837	-0.600499
-1.757474	-0.599551
-1.708516	-0.592287
-1.631764	-0.603657
-1.576173	-0.595761
-1.609970	-0.591971
-1.689881	-0.600815
-1.731574	-0.596708
-1.716097	-0.599235
-1.637449	-0.590707
-1.608075	-0.595129
-1.598915	-0.591655
-1.629869	-0.589128
-1.637765	-0.591655
-1.615024	-0.591339
-1.577121	-0.593866
-1.556906	-0.591339
-1.597020	-0.580284
-1.633027	-0.581863
-1.625447	-0.584706
-1.573331	-0.582811
-1.499421	-0.581232
-1.471626	-0.575862
-1.502264	-0.574283
-1.511739	-0.573651
-1.499737	-0.581232
-1.479522	-0.570808
-1.466888	-0.574283
-1.467835	-0.567966
-1.487418	-0.563544
-1.463098	-0.562596
-1.409718	-0.561017
-1.361392	-0.558174
-1.297906	-0.559122
-1.308013	-0.554700
-1.351917	-0.545856
-1.381923	-0.549962
-1.336124	-0.545224
-1.268215	-0.534801
-1.237577	-0.539223
-1.236630	-0.536064
-1.237577	-0.538275
-1.222100	-0.532590
-1.161772	-0.531011
-1.132082	-0.527852
-1.112499	-0.518061
-1.142821	-0.520272
-1.139978	-0.517113
-1.093548	-0.517429
-1.028482	-0.511428
-0.970680	-0.512375
-0.983630	-0.509217
-1.016479	-0.501636
-1.018374	-0.495951
-0.985210	-0.494687
-0.955835	-0.496583
-0.934357	-0.489002
-0.933725	-0.487107
-0.946044	-0.484896
-0.916037	-0.475420
-0.865817	-0.472578
-0.806120	-0.476684
-0.761585	-0.468156
-0.761900	-0.464681
-0.757163	-0.459312
-0.741370	-0.456153
-0.714838	-0.451100
-0.663985	-0.453942
-0.651351	-0.452995
-0.650088	-0.447941
-0.658300	-0.441308
-0.626399	-0.444782
-0.585022	-0.433412
-0.560385	-0.438465
-0.551857	-0.439729
-0.575230	-0.432464
-0.563544	-0.428674
-0.500689	-0.428990
-0.440360	-0.427410
-0.404669	-0.425831
-0.424252	-0.422673
-0.447941	-0.418251
-0.439729	-0.414145
-0.437202	-0.414460
-0.421409	-0.418251
-0.416671	-0.414460
-0.444467	-0.409723
-0.495319	-0.417619
-0.489950	-0.408459
-0.446046	-0.407827
-0.387297	-0.399931
-0.361081	-0.403721
-0.363924	-0.402458
-0.364871	-0.404353
-0.346868	-0.399931
-0.315914	-0.404985
-0.273589	-0.398352
-0.283697	-0.391403
-0.298542	-0.401195
-0.300753	-0.393930
-0.289066	-0.397720
-0.267904	-0.399931
-0.286223	-0.399299
-0.307386	-0.397404
-0.361397	-0.394877
-0.381927	-0.399299
-0.387929	-0.398352
-0.396141	-0.397404
-0.393298	-0.401195
-0.399615	-0.397088
-0.406564	-0.403405
-0.391403	-0.398668
-0.330759	-0.400563
-0.275169	-0.399615
-0.279591	-0.401826
-0.302648	-0.408775
-0.319072	-0.402774
-0.328548	-0.407512
-0.336760	-0.412565
-0.337392	-0.409723
-0.368977	-0.412565
-0.416671	-0.410354
-0.449204	-0.415724
-0.453942	-0.416040
-0.469419	-0.414460
-0.485212	-0.416356
-0.530695	-0.419830
-0.601446	-0.421725
-0.646298	-0.435307
-0.650404	-0.430253
-0.620398	-0.432464
-0.597340	-0.435307
-0.603657	-0.435623
-0.613449	-0.442887
-0.590707	-0.444151
-0.533853	-0.443519
-0.513323	-0.450468
-0.533222	-0.450152
-0.597024	-0.452679
-0.669039	-0.450468
-0.718944	-0.458364
-0.742949	-0.467208
-0.734105	-0.464681
-0.751161	-0.470683
-0.777693	-0.470998
-0.772955	-0.470998
-0.755268	-0.475104
-0.756531	-0.482369
-0.784958	-0.481106
-0.831388	-0.487107
-0.902456	-0.496583
-0.958678	-0.499109
-0.968153	-0.493424
-0.987421	-0.501952
-1.003213	-0.500689
-1.039221	-0.504795
-1.076176	-0.507006
-1.078071	-0.507638
-1.073333	-0.512059
-1.049328	-0.516481
-1.069543	-0.519640
-1.090389	-0.518061
-1.126397	-0.516481
-1.133661	-0.529747
-1.108709	-0.533538
-1.090705	-0.537960
-1.104603	-0.539223
-1.148822	-0.546803
-1.206624	-0.540170
-1.235366	-0.543329
-1.284008	-0.542697
-1.311172	-0.551225
-1.369920	-0.552173
-1.430249	-0.561649
-1.463729	-0.557858
-1.437829	-0.558806
-1.382870	-0.562280
-1.345284	-0.564807
-1.343073	-0.557227
-1.403085	-0.568913
-1.433407	-0.563860
-1.406875	-0.577757
-1.414456	-0.572704
-1.440672	-0.583758
-1.499421	-0.575862
-1.571751	-0.584074
-1.608706	-0.579021
-1.578700	-0.584706
-1.504159	-0.585654
-1.479206	-0.582811
-1.543325	-0.595129
-1.617235	-0.587865
-1.656401	-0.595445
-1.644398	-0.594182
-1.631448	-0.596077
-1.617866	-0.592602
-1.672509	-0.587549
-1.708516	-0.597024
-1.683880	-0.593550
-1.662718	-0.595129
-1.661454	-0.600815
-1.677247	-0.598919
-1.710727	-0.598288
-1.729679	-0.607132
-1.692408	-0.597340
-1.645346	-0.591971
-1.642187	-0.596077
-1.654190	-0.594182
-1.691145	-0.599235
-1.704095	-0.592918
-1.670298	-0.600815
-1.632396	-0.596708
-1.603021	-0.589128
-1.641871	-0.593866
-1.678510	-0.596393
-1.690513	-0.588812
-1.676931	-0.593550
-1.614708	-0.581863
-1.579332	-0.586601
-1.597967	-0.583758
-1.614076	-0.582495
-1.599231	-0.593866
-1.558801	-0.579968
-1.529427	-0.576494
-1.523110	-0.578073
-1.529427	-0.568282
-1.522794	-0.568282
-1.451095	-0.567966
-1.371500	-0.565439
-1.303591	-0.563860
-1.320647	-0.561017
-1.415719	-0.558490
-1.484892	-0.555016
-1.517740	-0.557227
-1.485523	-0.548383
-1.470678	-0.553121
-1.472257	-0.549014
-1.488050	-0.544908
-1.468151	-0.546803
-1.410982	-0.542066
-1.346863	-0.537012
-1.289378	-0.533538
-1.286535	-0.528800
-1.274532	-0.525641
-1.216099	-0.523746
-1.175038	-0.522799
-1.099865	-0.516797
-1.065753	-0.514270
-1.072385	-0.512691
-1.047117	-0.503847
-1.006688	-0.512059
-0.933409	-0.501952
-0.889822	-0.499109
-0.907825	-0.509217
-0.968153	-0.494372
-0.992474	-0.487107
-0.974155	-0.486159
-0.936884	-0.488370
-0.909089	-0.488686
-0.905614	-0.478263
-0.904351	-0.479211
-0.851287	-0.459943
-0.792854	-0.463418
-0.733789	-0.467840
-0.725893	-0.464365
-0.753056	-0.462786
-0.752109	-0.452995
-0.717049	-0.456785
-0.645982	-0.450784
-0.586917	-0.439097
-0.555332	-0.447309
-0.573651	-0.441624
-0.584074	-0.435623
-0.576494	-0.439097
-0.573651	-0.436254
-0.551857	-0.436254
-0.528800	-0.435307
-0.525325	-0.431517
-0.493108	-0.429306
-0.464681	-0.419198
-0.418567	-0.420146
-0.407196	-0.419198
-0.424568	-0.415408
-0.445414	-0.416356
-0.458996	-0.415092
-0.428042	-0.416040
-0.398984	-0.411302
-0.384770	-0.411302
-0.393930	-0.408459
-0.406880	-0.408775
-0.385086	-0.406880
-0.368030	-0.407512
-0.340866	-0.405616
-0.343709	-0.404985
-0.362660	-0.402458
-0.373399	-0.399299
-0.349710	-0.408143
-0.304859	-0.396141
-0.291909	-0.396773
-0.296331	-0.403721
-0.330443	-0.397088
-0.348131	-0.401510
-0.313703	-0.396141
-0.295699	-0.404669
-0.308965	-0.397404
-0.338024	-0.399299
-0.373399	-0.400247
-0.354764	-0.404353
-0.363292	-0.391403
-0.342761	-0.395193
-0.354132	-0.401510
-0.386034	-0.403090
-0.402458	-0.402458
-0.406248	-0.402774
-0.372768	-0.399615
-0.355396	-0.410038
-0.367398	-0.404037
-0.398352	-0.411302
-0.410038	-0.409723
-0.383507	-0.410354
-0.375294	-0.412249
-0.382243	-0.413197
-0.410038	-0.407827
-0.450468	-0.416356
-0.474789	-0.421725
-0.488686	-0.425831
-0.475104	-0.425199
-0.481106	-0.422357
-0.488055	-0.425199
-0.499425	-0.429306
-0.498478	-0.425515
-0.489950	-0.431517
-0.491529	-0.433412
-0.467840	-0.440360
-0.559438	-0.431832
-0.625451	-0.445098
-0.641876	-0.444782
-0.663670	-0.449204
-0.646613	-0.458680
-0.675040	-0.451415
-0.731263	-0.459943
-0.762216	-0.462786
-0.750214	-0.463102
-0.664617	-0.465313
-0.648193	-0.467840
-0.686095	-0.475736
-0.747371	-0.476684
-0.815912	-0.475736
-0.840864	-0.476684
-0.854762	-0.486159
-0.865501	-0.486475
-0.893296	-0.487739
-0.963416	-0.494056
-1.010794	-0.498794
-1.032904	-0.506690
-0.990263	-0.499109
-0.975102	-0.506058
-1.002898	-0.507006
-1.041116	-0.513007
-1.052171	-0.518061
-1.021533	-0.520588
-1.007635	-0.526589
-1.016479	-0.523746
-1.125133	-0.525641
-1.232840	-0.528800
-1.247369	-0.535749
-1.230629	-0.531011
-1.208519	-0.549646
-1.238525	-0.543961
-1.295379	-0.543329
-1.332018	-0.555332
-1.348127	-0.551225
-1.342125	-0.548383
-1.345284	-0.556279
-1.412877	-0.559122
-1.501632	-0.559753
-1.574910	-0.562596
-1.580595	-0.562912
-1.545851	-0.572388
-1.492472	-0.571440
-1.495631	-0.575546
-1.507317	-0.570808
-1.480785	-0.576494
-1.450463	-0.582495
-1.436250	-0.585969
-1.475100	-0.582495
-1.556590	-0.577757
-1.605232	-0.584706
-1.633027	-0.585654
-1.630500	-0.587865
-1.644714	-0.583443
-1.685459	-0.586917
-1.738839	-0.590707
-1.764739	-0.591339
-1.724941	-0.596708
-1.711991	-0.597340
-1.715465	-0.595445
-1.797272	-0.597024
-1.888238	-0.597972
-1.914770	-0.600499
-1.881921	-0.594813
-1.811169	-0.602078
-1.737891	-0.594182
-1.713886	-0.597656
-1.744524	-0.589444
-1.769792	-0.604605
-1.737259	-0.598919
-1.659875	-0.600499
-1.612497	-0.593234
-1.606811	-0.597656
-1.612813	-0.593234
-1.572383	-0.596077
-1.548378	-0.593234
-1.536692	-0.593234
-1.544588	-0.601130
-1.608075	-0.593866
-1.633343	-0.593550
-1.622604	-0.593866
-1.577753	-0.582495
-1.526584	-0.588180
-1.505738	-0.588180
-1.529427	-0.581863
-1.559117	-0.585654
-1.537007	-0.578389
-1.524373	-0.576810
-1.520899	-0.573651
-1.547747	-0.575230
-1.570488	-0.571756
-1.558486	-0.568597
-1.504790	-0.567966
-1.408139	-0.563544
-1.338019	-0.561017
-1.336756	-0.554068
-1.331070	-0.562280
-1.309908	-0.559122
-1.272637	-0.541434
-1.238841	-0.541118
-1.229997	-0.544592
-1.277691	-0.542697
-1.313067	-0.538275
-1.260635	-0.537012
-1.205360	-0.529431
-1.160509	-0.537644
-1.147559	-0.527852
-1.158614	-0.522483
-1.134293	-0.522483
-1.102076	-0.513955
-1.044590	-0.518061
-1.008267	-0.509848
-1.026587	-0.507953
-1.045538	-0.502268
-1.048065	-0.501636
-1.010794	-0.501636
-0.983630	-0.496267
-0.955835	-0.493424
-0.950466	-0.494372
-0.959625	-0.481106
-0.927092	-0.484580
-0.871502	-0.479211
-0.820018	-0.478263
-0.796013	-0.476368
-0.786853	-0.477631
-0.749898	-0.466576
-0.693992	-0.469103
-0.612185	-0.466576
-0.604289	-0.454890
-0.622609	-0.461207
-0.645982	-0.452047
-0.656089	-0.452047
-0.616923	-0.448257
-0.581863	-0.447309
-0.550910	-0.444467
-0.548067	-0.442256
-0.561017	-0.447309
-0.542697	-0.436254
-0.506690	-0.436570
-0.446046	-0.428358
-0.413513	-0.430885
-0.420462	-0.424884
-0.428042	-0.423620
-0.433096	-0.421093
-0.408459	-0.423936
-0.380980	-0.413513
-0.380664	-0.412565
-0.385402	-0.422673
-0.415724	-0.410038
-0.417303	-0.408775
-0.410986	-0.410038
-0.377190	-0.413197
-0.377190	-0.407196
-0.401195	-0.408459
-0.407827	-0.402774
-0.379716	-0.404985
-0.330127	-0.401826
-0.322863	-0.408143
-0.327916	-0.401510
-0.332338	-0.399931
-0.344972	-0.397088
-0.325389	-0.399615
-0.308649	-0.402142
-0.318441	-0.392035
-0.341182	-0.403090
-0.359818	-0.394246
-0.346868	-0.398036
-0.329180	-0.401510
-0.300753	-0.398036
-0.294436	-0.398352
-0.322863	-0.393614
-0.330127	-0.396773
-0.327916	-0.403405
-0.293172	-0.405932
-0.290330	-0.402458
-0.288119	-0.407827
-0.314335	-0.406564
-0.333286	-0.402774
-0.315282	-0.406880
-0.293488	-0.407827
-0.310228	-0.404353
-0.337392	-0.412565
-0.383507	-0.410670
-0.415724	-0.418567
-0.437202	-0.413513
-0.425831	-0.414776
-0.419514	-0.412881
-0.463102	-0.417935
-0.478263	-0.419514
-0.480158	-0.420777
-0.448257	-0.426147
-0.436570	-0.426779
-0.447625	-0.429621
-0.506374	-0.422041
-0.547119	-0.434043
-0.565755	-0.432780
-0.562912	-0.438465
-0.566071	-0.444151
-0.568913	-0.450152
-0.615660	-0.447625
-0.676620	-0.449836
-0.712943	-0.452679
-0.711680	-0.456153
-0.722103	-0.458680
-0.770113	-0.468787
-0.816543	-0.463734
-0.862342	-0.463102
-0.823492	-0.468156
-0.795381	-0.471314
-0.782431	-0.477000
-0.816859	-0.483001
-0.877187	-0.485528
-0.906878	-0.490897
-0.899929	-0.484896
-0.880662	-0.492476
-0.886347	-0.494687
-0.963731	-0.493424
-1.032272	-0.505742
-1.035746	-0.502268
-1.012373	-0.510480
-0.974471	-0.507322
-0.979840	-0.517429
-1.021533	-0.513639
-1.075228	-0.521535
-1.081861	-0.525325
-1.079650	-0.526273
-1.090389	-0.525957
-1.126397	-0.533853
-1.196832	-0.536696
-1.235682	-0.544908
-1.273901	-0.535749
-1.269163	-0.542382
-1.270426	-0.536064
-1.331070	-0.542697
-1.409402	-0.551541
-1.460887	-0.552173
-1.453306	-0.556911
-1.433723	-0.554068
-1.419510	-0.549962
-1.451095	-0.562596
-1.505422	-0.563544
-1.492156	-0.567966
-1.459623	-0.572704
-1.420141	-0.568597
-1.405296	-0.570177
-1.470362	-0.577441
-1.507317	-0.571440
-1.492788	-0.585338
-1.448884	-0.581863
-1.428354	-0.584390
-1.479838	-0.583758
-1.567014	-0.584706
-1.642503	-0.587865
-1.646925	-0.585654
-1.604600	-0.587549
-1.557854	-0.588180
-1.551221	-0.595445
-1.592282	-0.591023
-1.589755	-0.593866
-1.576173	-0.593866
-1.559433	-0.600815
-1.562592	-0.597024
-1.641871	-0.598919
-1.718308	-0.591655
-1.714518	-0.595129
-1.658612	-0.593234
-1.617866	-0.597024
-1.590703	-0.597972
-1.610286	-0.591339
-1.660191	-0.596393
-1.640608	-0.597024
-1.604600	-0.591655
-1.569856	-0.593550
-1.563223	-0.591339
-1.615024	-0.592918
-1.659875	-0.592602
-1.677247	-0.592602
-1.627342	-0.590707
-1.586597	-0.585022
-1.604600	-0.585338
-1.645030	-0.592287
-1.696198	-0.583443
-1.687986	-0.584390
-1.653874	-0.584390
-1.602074	-0.584074
-1.608075	-0.579336
-1.655137	-0.578389
-1.644714	-0.580284
-1.579648	-0.579968
-1.513950	-0.575230
-1.429933	-0.576178
-1.410666	-0.569229
-1.396452	-0.566702
-1.364551	-0.554700
-1.303907	-0.559753
-1.250527	-0.561333
-1.248948	-0.549646
-1.281797	-0.554068
-1.325701	-0.551225
-1.300748	-0.549330
-1.263477	-0.544592
-1.235998	-0.538275
-1.238841	-0.540170
-1.296010	-0.536380
-1.315593	-0.530695
-1.291273	-0.535117
-1.241999	-0.531642
-1.199043	-0.524378
-1.200938	-0.521535
-1.198727	-0.519956
-1.170932	-0.513007
-1.122290	-0.514902
-1.069227	-0.506058
-1.037326	-0.513955
-1.032904	-0.508585
-1.030061	-0.504163
-0.962152	-0.499109
-0.890769	-0.488686
-0.853182	-0.488370
-0.846549	-0.487739
-0.882557	-0.490265
-0.898034	-0.477947
-0.882557	-0.476684
-0.818438	-0.476052
-0.738843	-0.472894
-0.711995	-0.469419
-0.748950	-0.456153
-0.800119	-0.466261
-0.808647	-0.458996
-0.775798	-0.466892
-0.732210	-0.449836
-0.723366	-0.449204
-0.736632	-0.447625
-0.696203	-0.446993
-0.639665	-0.444151
-0.588496	-0.441940
-0.555963	-0.434675
-0.586917	-0.438465
-0.597340	-0.437202
-0.592287	-0.429937
-0.554068	-0.433412
-0.518377	-0.429306
-0.490897	-0.419830
-0.475104	-0.426147
-0.462154	-0.417935
-0.436254	-0.419514
-0.375294	-0.425199
-0.348763	-0.412249
-0.359502	-0.418882
-0.389508	-0.413197
-0.399299	-0.408143
-0.389192	-0.409723
-0.353185	-0.408143
-0.321915	-0.398668
-0.335813	-0.402774
-0.340550	-0.402142
-0.342761	-0.401195
-0.333602	-0.401826
-0.316545	-0.400563
-0.314019	-0.401826
-0.333286	-0.404669
-0.359502	-0.399299
-0.348131	-0.399299
-0.325074	-0.406248
-0.299489	-0.402774
-0.293172	-0.392035
-0.336444	-0.399931
-0.371188	-0.398352
-0.385718	-0.398668
-0.391719	-0.398036
-0.387929	-0.395509
-0.420462	-0.404037
-0.417619	-0.399931
-0.425199	-0.400563
-0.389192	-0.403721
-0.334865	-0.396457
-0.323494	-0.402142
-0.327916	-0.409407
-0.378137	-0.406248
-0.381296	-0.401826
-0.363924	-0.407196
-0.327916	-0.409407
-0.298542	-0.407827
-0.335497	-0.414460
-0.363924	-0.413513
-0.403721	-0.414776
-0.421093	-0.416671
-0.431517	-0.418567
-0.450468	-0.421093
-0.467208	-0.423304
-0.500373	-0.425515
-0.490265	-0.423936
-0.465313	-0.424884
-0.466892	-0.432780
-0.493108	-0.434043
-0.548699	-0.441624
-0.592918	-0.441624
-0.615344	-0.444782
-0.587233	-0.445098
-0.581547	-0.447625
-0.619134	-0.445414
-0.663985	-0.452363
-0.699361	-0.455206
-0.689570	-0.455837
-0.660511	-0.467840
-0.654194	-0.464365
-0.691781	-0.468787
-0.760321	-0.467524
-0.772008	-0.470051
-0.778325	-0.472262
-0.786221	-0.480474
-0.783063	-0.474157
-0.848445	-0.490265
-0.928356	-0.488686
-0.985525	-0.497846
-0.990579	-0.495951
-0.983314	-0.499109
-1.002582	-0.502584
-1.047749	-0.497530
-1.111867	-0.506690
-1.135872	-0.511428
-1.126397	-0.510164
-1.113447	-0.513007
-1.136188	-0.516797
-1.191147	-0.524378
-1.211046	-0.522483
-1.190515	-0.528168
-1.154824	-0.534485
-1.121975	-0.534485
-1.152297	-0.537328
-1.218626	-0.543329
-1.255581	-0.545856
-1.232524	-0.540170
-1.217047	-0.540802
-1.241999	-0.551225
-1.315593	-0.558490
-1.417614	-0.555963
-1.460571	-0.555332
-1.440356	-0.557858
-1.412245	-0.560069
-1.393294	-0.565755
-1.441935	-0.569229
-1.500053	-0.570808
-1.534481	-0.573967
-1.506370	-0.575230
-1.470678	-0.573651
-1.497210	-0.573967
-1.564487	-0.574599
-1.597020	-0.583127
-1.591966	-0.582179
-1.571751	-0.584706
-1.563855	-0.591971
-1.589439	-0.576494
-1.645977	-0.588812
-1.687038	-0.591339
-1.676299	-0.590707
-1.619130	-0.589444
-1.566066	-0.594182
-1.576805	-0.598919
-1.620077	-0.595129
-1.617235	-0.595761
-1.589123	-0.595445
-1.545536	-0.593866
-1.550273	-0.594813
-1.624815	-0.592287
-1.728099	-0.599867
-1.752420	-0.601446
-1.708832	-0.597024
-1.653874	-0.597024
-1.646925	-0.597972
-1.699357	-0.596708
-1.712623	-0.597024
-1.692092	-0.594182
-1.656085	-0.595761
-1.625131	-0.594498
-1.639660	-0.591971
-1.666824	-0.594498
-1.667140	-0.592918
-1.622920	-0.588180
-1.557222	-0.590076
-1.517424	-0.585338
-1.538587	-0.579968
-1.574278	-0.584390
-1.559117	-0.584706
-1.501000	-0.582495
-1.480154	-0.587865
-1.470994	-0.576810
-1.531954	-0.575862
-1.580595	-0.572388
-1.584702	-0.573335
-1.537323	-0.568913
-1.467835	-0.567018
-1.432775	-0.576810
-1.448568	-0.561017
-1.452358	-0.564175
-1.424563	-0.559438
-1.365183	-0.554068
-1.330439	-0.550278
-1.334861	-0.549014
-1.374342	-0.549014
-1.374027	-0.545540
-1.314962	-0.543329
-1.278323	-0.549014
-1.260951	-0.537644
-1.299485	-0.532906
-1.348127	-0.526589
-1.327596	-0.521851
-1.231892	-0.527536
-1.127976	-0.517113
-1.064173	-0.518061
-1.031008	-0.510480
-1.043643	-0.511744
-0.877503	-0.513007
-0.862342	-0.508585
-0.916669	-0.508901
-0.965942	-0.500373
-1.040800	-0.497214
-1.075860	-0.490897
-1.046485	-0.491529
-0.993106	-0.480474
-0.928040	-0.489002
-0.910036	-0.479211
-0.903403	-0.475736
-0.856657	-0.479211
-0.787169	-0.471946
-0.720523	-0.471946
-0.701256	-0.462154
-0.695255	-0.465629
-0.713259	-0.461207
-0.701888	-0.452995
-0.649456	-0.459943
-0.588812	-0.451415
-0.550594	-0.451100
-0.563544	-0.446362
-0.575862	-0.453626
-0.579336	-0.444151
-0.560069	-0.439097
-0.538275	-0.441624
-0.547435	-0.435939
-0.550594	-0.430253
-0.550278	-0.426147
-0.509848	-0.422673
-0.452047	-0.425831
-0.423936	-0.423304
-0.418882	-0.418882
-0.455521	-0.422041
-0.463102	-0.409091
-0.435307	-0.422041
-0.411934	-0.415724
-0.385718	-0.412565
-0.404985	-0.410986
-0.413513	-0.402458
-0.402458	-0.407827
-0.381927	-0.405932
-0.352869	-0.399615
-0.349710	-0.405932
-0.354132	-0.399931
-0.380980	-0.401826
-0.357291	-0.403721
-0.313703	-0.401826
-0.280222	-0.400563
-0.280854	-0.402458
-0.296647	-0.401826
-0.304227	-0.394246
-0.308017	-0.396141
-0.299805	-0.398036
-0.295067	-0.401195
-0.335497	-0.398036
-0.369609	-0.398036
-0.392666	-0.396141
-0.395825	-0.397088
-0.350026	-0.399615
-0.331707	-0.402458
-0.314335	-0.399931
-0.338024	-0.406880
-0.328864	-0.402142
-0.308965	-0.410354
-0.300753	-0.406880
-0.301384	-0.406564
-0.340235	-0.410670
-0.389824	-0.408459
-0.418882	-0.407827
-0.424884	-0.409407
-0.428674	-0.422041
-0.447309	-0.413513
-0.477947	-0.414776
-0.506058	-0.416040
-0.490897	-0.427095
-0.447941	-0.423304
-0.422357	-0.423936
-0.445730	-0.426463
-0.490265	-0.429937
-0.519640	-0.429621
-0.525957	-0.438781
-0.513323	-0.434043
-0.487107	-0.440992
-0.504163	-0.438781
-0.561649	-0.444782
-0.614712	-0.448573
-0.633663	-0.445098
-0.647877	-0.447309
-0.669355	-0.452363
-0.698414	-0.454890
-0.752109	-0.458048
-0.790959	-0.463102
-0.780852	-0.458996
-0.781799	-0.464681
-0.790959	-0.465629
-0.846234	-0.469419
-0.897402	-0.473525
-0.907825	-0.484896
-0.914458	-0.478263
-0.891401	-0.480790
-0.913826	-0.492161
-0.963100	-0.492161
-0.993738	-0.493424
-0.994369	-0.499741
-0.982051	-0.509217
-0.973839	-0.503847
-0.988684	-0.506374
-1.012689	-0.503216
-1.031008	-0.516797
-0.998160	-0.521851
-0.962784	-0.519640
-0.958362	-0.520272
-1.001318	-0.527220
-1.083440	-0.530063
-1.133661	-0.536696
-1.139031	-0.533222
-1.126712	-0.532590
-1.156719	-0.543013
-1.195885	-0.542382
-1.248948	-0.540802
-1.278323	-0.549330
-1.287798	-0.550594
-1.323490	-0.547119
-1.388240	-0.555963
-1.513003	-0.558806
-1.588492	-0.558174
-1.579964	-0.558490
-1.549010	-0.561649
-1.493420	-0.569229
-1.487103	-0.569545
-1.531954	-0.570493
-1.556275	-0.569545
-1.507949	-0.579336
-1.422036	-0.571756
-1.423932	-0.583758
-1.468467	-0.573651
-1.569225	-0.583127
-1.648188	-0.584390
-1.656085	-0.586285
-1.656085	-0.588496
-1.639976	-0.589128
-1.657348	-0.590391
-1.686091	-0.590707
-1.681985	-0.595129
-1.633027	-0.599235
-1.566698	-0.596077
-1.556906	-0.595761
-1.578069	-0.593866
-1.612813	-0.595761
-1.629237	-0.597656
-1.609338	-0.600815
-1.597652	-0.602710
-1.605864	-0.601762
-1.695251	-0.595761
-1.754631	-0.597340
-1.762528	-0.594498
-1.744840	-0.592287
-1.709464	-0.596077
-1.723678	-0.597024
-1.746103	-0.595445
-1.756526	-0.594182
-1.705990	-0.601130
-1.643766	-0.591339
-1.607759	-0.593866
-1.622288	-0.597972
-1.669351	-0.591971
-1.679142	-0.592287
-1.641240	-0.583127
-1.597020	-0.585338
-1.571120	-0.584390
-1.602074	-0.584390
-1.642819	-0.582495
-1.640292	-0.579968
-1.608075	-0.578705
-1.560381	-0.579021
-1.549642	-0.579021
-1.571436	-0.577125
-1.558486	-0.571440
-1.519636	-0.568913
-1.437197	-0.562912
-1.384450	-0.562280
-1.358865	-0.559122
-1.384134	-0.557858
-1.404664	-0.553121
-1.366446	-0.555963
-1.313698	-0.553436
-1.265688	-0.540170
-1.284008	-0.549646
-1.299485	-0.543013
-1.287167	-0.539539
-1.226207	-0.535117
-1.129871	-0.537960
-1.081545	-0.528168
-1.090389	-0.531011
-1.139663	-0.525010
-1.162404	-0.522483
-1.133345	-0.520903
-1.092284	-0.518692
-1.068911	-0.514586
-1.099233	-0.507006
-1.106814	-0.508269
-1.049012	-0.505742
-0.997212	-0.497846
-0.955835	-0.500373
-0.969733	-0.494056
-1.000055	-0.489318
-0.982051	-0.489950
-0.937831	-0.482369
-0.851919	-0.487739
-0.798540	-0.480790
-0.797908	-0.470683
-0.810858	-0.473841
-0.798855	-0.468787
-0.763796	-0.465313
-0.698414	-0.464365
-0.646298	-0.462786
-0.664933	-0.454574
-0.671250	-0.457417
-0.655773	-0.451731
-0.611554	-0.453626
-0.564175	-0.446678
-0.559753	-0.448573
-0.574283	-0.442571
-0.597024	-0.439097
-0.597024	-0.437202
-0.565439	-0.426779
-0.535433	-0.429306
-0.502584	-0.430253
-0.515218	-0.426463
-0.487423	-0.421093
-0.450468	-0.428674
-0.429621	-0.422673
-0.409091	-0.416671
-0.424568	-0.422988
-0.453626	-0.413513
-0.462470	-0.412565
-0.433096	-0.415724
-0.392982	-0.410670
-0.391403	-0.404985
-0.410354	-0.408143
-0.422673	-0.405932
-0.416356	-0.405301
-0.374979	-0.406880
-0.344025	-0.397088
-0.314335	-0.399299
-0.318756	-0.406564
-0.320336	-0.402142
-0.308333	-0.405301
-0.293488	-0.406564
-0.283697	-0.401195
-0.304227	-0.401510
-0.325074	-0.404985
-0.340235	-0.399299
-0.333917	-0.399615
-0.343077	-0.392982
-0.367714	-0.398984
-0.376242	-0.398352
-0.383507	-0.403090
-0.379716	-0.400247
-0.341814	-0.399299
-0.312755	-0.397404
-0.301700	-0.403721
-0.323494	-0.395509
-0.335813	-0.402458
-0.337708	-0.405616
-0.337076	-0.404985
-0.305806	-0.407196
-0.336760	-0.407196
-0.370557	-0.408775
-0.417303	-0.409091
-0.450784	-0.412249
-0.460891	-0.417935
-0.463734	-0.415092
-0.482685	-0.416356
-0.527536	-0.412249
-0.555332	-0.418251
-0.538275	-0.422357
-0.524694	-0.421409
-0.503531	-0.428358
-0.518061	-0.428358
-0.554068	-0.423936
-0.576178	-0.431517
-0.564491	-0.433096
-0.534801	-0.434359
-0.542066	-0.445730
-0.581547	-0.444782
-0.628610	-0.450152
-0.646613	-0.449836
-0.624188	-0.452047
-0.613133	-0.456785
-0.618187	-0.458364
-0.671566	-0.462786
-0.700625	-0.469735
-0.705678	-0.464997
-0.699993	-0.472262
-0.677251	-0.467840
-0.703151	-0.469735
-0.766322	-0.479526
-0.831704	-0.477631
-0.891401	-0.481737
-0.892980	-0.490581
-0.923934	-0.488686
-0.941938	-0.490265
-1.010162	-0.500373
-1.041748	-0.499425
-1.029429	-0.502900
-1.019006	-0.503847
-1.006688	-0.503847
-1.070174	-0.509533
-1.137136	-0.520588
-1.151033	-0.520903
-1.121343	-0.525641
-1.050276	-0.524378
-1.048380	-0.530695
-1.101444	-0.527536
-1.178513	-0.536064
-1.208203	-0.540802
-1.213257	-0.537012
-1.207255	-0.540486
-1.217363	-0.544908
-1.289062	-0.545856
-1.355391	-0.541434
-1.358234	-0.552805
-1.349706	-0.555332
-1.314014	-0.561017
-1.317804	-0.561017
-1.364867	-0.563228
-1.435302	-0.569861
-1.446357	-0.566071
-1.417614	-0.574283
-1.427090	-0.571124
-1.468783	-0.576178
-1.537639	-0.580916
-1.617866	-0.574599
-1.639029	-0.576810
-1.620709	-0.584390
-1.585649	-0.574599
-1.630500	-0.585022
-1.681353	-0.586285
-1.677879	-0.595129
-1.636818	-0.588812
-1.557538	-0.589128
-1.533217	-0.593550
-1.589439	-0.596077
-1.627342	-0.595761
-1.630500	-0.592287
-1.581227	-0.595761
-1.521847	-0.591655
-1.528479	-0.596393
-1.591334	-0.591971
-1.661138	-0.604921
-1.674088	-0.597340
-1.638397	-0.609659
-1.615024	-0.597024
-1.640292	-0.597024
-1.674088	-0.591971
-1.693987	-0.595761
-1.680721	-0.597340
-1.651031	-0.597656
-1.651347	-0.597656
-1.687670	-0.596393
-1.713886	-0.598919
-1.695882	-0.593866
-1.629553	-0.590707
-1.595756	-0.590076
-1.587228	-0.592287
-1.636186	-0.583758
-1.660823	-0.586601
-1.611549	-0.585969
-1.541114	-0.583758
-1.485839	-0.582495
-1.479838	-0.579968
-1.534796	-0.578705
-1.582806	-0.573019
-1.601442	-0.578705
-1.568277	-0.571756
-1.525637	-0.572704
-1.497210	-0.573335
-1.504159	-0.571756
-1.470994	-0.565439
-1.418246	-0.561649
-1.383502	-0.555332
-1.368973	-0.557858
-1.408771	-0.556279
-1.474468	-0.554068
-1.506685	-0.549962
-1.442251	-0.548067
-1.337387	-0.552805
-1.265688	-0.543329
-1.262214	-0.539539
-1.258108	-0.534801
-1.234419	-0.537328
-1.171880	-0.530695
-1.133977	-0.527220
-1.100497	-0.526273
-1.104287	-0.516797
-1.096390	-0.521219
-1.049644	-0.513955
-0.996580	-0.507322
-0.944148	-0.509848
-0.946044	-0.506058
-0.994369	-0.502268
-1.024376	-0.502268
-1.008583	-0.498162
-0.949518	-0.494687
-0.936568	-0.491845
-0.949202	-0.485528
-0.965942	-0.487107
-0.940358	-0.478579
-0.860447	-0.480158
-0.813385	-0.478263
-0.776430	-0.476368
-0.785905	-0.463102
-0.786221	-0.466576
-0.699677	-0.461523
-0.659248	-0.457101
-0.608395	-0.464681
-0.600183	-0.455521
-0.607763	-0.453942
-0.627031	-0.448257
-0.600815	-0.446993
-0.554700	-0.444151
-0.522483	-0.440045
-0.515850	-0.439413
-0.542382	-0.440360
-0.571756	-0.435623
-0.536380	-0.433728
-0.515534	-0.433096
-0.463418	-0.423304
-0.458996	-0.427095
-0.457417	-0.420146
-0.434991	-0.425831
-0.412565	-0.415724
-0.361397	-0.412565
-0.356975	-0.417935
-0.386034	-0.409407
-0.422673	-0.410670
-0.434043	-0.410038
-0.384454	-0.407827
-0.366766	-0.408143
-0.367714	-0.400879
-0.396141	-0.401826
-0.421409	-0.407196
-0.398352	-0.406248
-0.372452	-0.395509
-0.331075	-0.404037
-0.323178	-0.392982
-0.321599	-0.401510
-0.301069	-0.398668
-0.278011	-0.396773
-0.240109	-0.398668
-0.249268	-0.393930
-0.276116	-0.408459
-0.312124	-0.398036
-0.321283	-0.398036
-0.303911	-0.397720
-0.291593	-0.396141
-0.293804	-0.398984
-0.322547	-0.399931
-0.354764	-0.399615
-0.361081	-0.398984
-0.353185	-0.396773
-0.325389	-0.402774
-0.342446	-0.402142
-0.362344	-0.400879
-0.384770	-0.399931
-0.395193	-0.411302
-0.373715	-0.412249
-0.373399	-0.410038
-0.398668	-0.411934
-0.449204	-0.411934
-0.471946	-0.415092
-0.448257	-0.413513
-0.422041	-0.417303
-0.410038	-0.416356
-0.431832	-0.417303
-0.463734	-0.423620
-0.476368	-0.422988
-0.466261	-0.426147
-0.444151	-0.429306
-0.456785	-0.432148
-0.490897	-0.432780
-0.521851	-0.435307
-0.547435	-0.440676
-0.553436	-0.441940
-0.573651	-0.444782
-0.608395	-0.448573
-0.688306	-0.452679
-0.733158	-0.452363
-0.725893	-0.458364
-0.702204	-0.456785
-0.693676	-0.461523
-0.694939	-0.464681
-0.732842	-0.463734
-0.772008	-0.471630
-0.735053	-0.472894
-0.693044	-0.477631
-0.701888	-0.477315
-0.770744	-0.483948
-0.843707	-0.486159
-0.892033	-0.491529
-0.888874	-0.487739
-0.888242	-0.495635
-0.897086	-0.497846
-0.966258	-0.499109
-1.043643	-0.498478
-1.080598	-0.507006
-1.119448	-0.506058
-1.117869	-0.510796
-1.123554	-0.515534
-1.161141	-0.515218
-1.199675	-0.524694
-1.198096	-0.526905
-1.166510	-0.528800
-1.160509	-0.532590
-1.173775	-0.537644
-1.223680	-0.543961
-1.284324	-0.543329
-1.291904	-0.543961
-1.305170	-0.553121
-1.311803	-0.547751
-1.357286	-0.548067
-1.422036	-0.555332
-1.458044	-0.553121
-1.458676	-0.558174
-1.405612	-0.556595
-1.395820	-0.569229
-1.428985	-0.562912
-1.482049	-0.572072
-1.512055	-0.569229
-1.486787	-0.573651
-1.460255	-0.562912
-1.448252	-0.577757
-1.481417	-0.573019
-1.553432	-0.581232
-1.573647	-0.583127
-1.582491	-0.585022
-1.588808	-0.590391
-1.611549	-0.585654
-1.651347	-0.587549
-1.671877	-0.593234
-1.676299	-0.588180
-1.649452	-0.591339
-1.637449	-0.589760
-1.662402	-0.595445
-1.715781	-0.596077
-1.745787	-0.597340
-1.708201	-0.595129
-1.658927	-0.591655
-1.610917	-0.598288
-1.640292	-0.593234
-1.679774	-0.593234
-1.704095	-0.602078
-1.684196	-0.597340
-1.621972	-0.594182
-1.603969	-0.596708
-1.667140	-0.597024
-1.731890	-0.592602
-1.745787	-0.594813
-1.717676	-0.594498
-1.706937	-0.593866
-1.676615	-0.599551
-1.709148	-0.595761
-1.742945	-0.591339
-1.665244	-0.589444
-1.610286	-0.593234
-1.549326	-0.588180
-1.548062	-0.584390
-1.603337	-0.587549
-1.640608	-0.590391
-1.639344	-0.579652
-1.584386	-0.581232
-1.538903	-0.580284
-1.552484	-0.585969
-1.569856	-0.578073
-1.571436	-0.573019
-1.528164	-0.580600
-1.496894	-0.569229
-1.449832	-0.566702
-1.452043	-0.564807
-1.479522	-0.562596
-1.479838	-0.554700
-1.454569	-0.557858
-1.424563	-0.559753
-1.418246	-0.553121
-1.428038	-0.548699
-1.438777	-0.545224
-1.422036	-0.544592
-1.380344	-0.541434
-1.355075	-0.538591
-1.330439	-0.539223
-1.332334	-0.532590
-1.307065	-0.529116
-1.233155	-0.527536
-1.166194	-0.528168
-1.101128	-0.520272
-1.089757	-0.516481
-1.121975	-0.516166
-1.134293	-0.516166
-1.111867	-0.512059
-1.077123	-0.508585
-1.043643	-0.503531
-1.029429	-0.494372
-1.021849	-0.494687
-0.995633	-0.494687
-0.928356	-0.491529
-0.871186	-0.488370
-0.841180	-0.489634
-0.826651	-0.483948
-0.837074	-0.474473
-0.809279	-0.477315
-0.762532	-0.474157
-0.707258	-0.465629
-0.708837	-0.468472
-0.737580	-0.466892
-0.750845	-0.459312
-0.720523	-0.460575
-0.666512	-0.452363
-0.627346	-0.452047
-0.636822	-0.439097
-0.660827	-0.446678
-0.669671	-0.445098
-0.631137	-0.443519
-0.578073	-0.439729
-0.532906	-0.434991
-0.522167	-0.436886
-0.539539	-0.431832
-0.506374	-0.426463
-0.481422	-0.428358
-0.422041	-0.422988
-0.404669	-0.423620
-0.425515	-0.418882
-0.443519	-0.415724
-0.438149	-0.417619
-0.383507	-0.417303
-0.358870	-0.414460
-0.363608	-0.419198
-0.394877	-0.408143
-0.428990	-0.409091
-0.426463	-0.413197
-0.385086	-0.407827
-0.358870	-0.409091
-0.369609	-0.404669
-0.398668	-0.399615
-0.409407	-0.403090
-0.378769	-0.406880
-0.319388	-0.404669
-0.304227	-0.400563
-0.333602	-0.398668
-0.363608	-0.398036
-0.382875	-0.396773
-0.358238	-0.396141
-0.329180	-0.398668
-0.322231	-0.398668
-0.356027	-0.397720
-0.378453	-0.398036
-0.354448	-0.404353
-0.302648	-0.400879
-0.268851	-0.399299
-0.275800	-0.398036
-0.299805	-0.399931
-0.333602	-0.405616
-0.338971	-0.402458
-0.321915	-0.405932
-0.322231	-0.403090
-0.357291	-0.406564
-0.382559	-0.402458
-0.410354	-0.410038
-0.392666	-0.404985
-0.384454	-0.410038
-0.389192	-0.411934
-0.421093	-0.412565
-0.473841	-0.414460
-0.481106	-0.422041
-0.487107	-0.419514
-0.466892	-0.419830
-0.462786	-0.426147
-0.488686	-0.427095
-0.515218	-0.433728
-0.515534	-0.427095
-0.481737	-0.432464
-0.465629	-0.433096
-0.483948	-0.436886
-0.518692	-0.439097
-0.575862	-0.439729
-0.588496	-0.443835
-0.585022	-0.446362
-0.585654	-0.451100
-0.618187	-0.446678
-0.693044	-0.454574
-0.738843	-0.459628
-0.760637	-0.458680
-0.734737	-0.467208
-0.723366	-0.465629
-0.748003	-0.472894
-0.811490	-0.473841
-0.872450	-0.469419
-0.866764	-0.479842
-0.856657	-0.479526
-0.845602	-0.485844
-0.879714	-0.489634
-0.918880	-0.492792
-0.908773	-0.491529
-0.912247	-0.497846
-0.911615	-0.500689
-0.926776	-0.503531
-0.974786	-0.500373
-1.009846	-0.509848
-1.033535	-0.514270
-1.025007	-0.507953
-1.024060	-0.521219
-1.058488	-0.520903
-1.135241	-0.526905
-1.214836	-0.533222
-1.235682	-0.527220
-1.235682	-0.537960
-1.225259	-0.534485
-1.243263	-0.538275
-1.279270	-0.542697
-1.282429	-0.541750
-1.270426	-0.549646
-1.248632	-0.552173
-1.278638	-0.554068
-1.364867	-0.550278
-1.449516	-0.557543
-1.480154	-0.560701
-1.444462	-0.566386
-1.404980	-0.564175
-1.352548	-0.569229
-1.362340	-0.570493
-1.420457	-0.570493
-1.441619	-0.578073
-1.438145	-0.581863
-1.438145	-0.573335
-1.471310	-0.585022
-1.548378	-0.580916
-1.637449	-0.584390
-1.707569	-0.585338
-1.694619	-0.586285
-1.657032	-0.592602
-1.654505	-0.588180
-1.678826	-0.587233
-1.710096	-0.590076
-1.688618	-0.594498
-1.658612	-0.597656
-1.629237	-0.594498
-1.654505	-0.590076
-1.707253	-0.594813
-1.718940	-0.596708
-1.710727	-0.596393
-1.708832	-0.601446
-1.703779	-0.598288
-1.746735	-0.597024
-1.807379	-0.597024
-1.809274	-0.600815
-1.718308	-0.596077
-1.650083	-0.597024
-1.625763	-0.596708
-1.655769	-0.596393
-1.716413	-0.597340
-1.696830	-0.593234
-1.613760	-0.585654
-1.523742	-0.591339
-1.511423	-0.586917
-1.558486	-0.590391
-1.599863	-0.591655
-1.633975	-0.584706
-1.629237	-0.585654
-1.619446	-0.583758
-1.653242	-0.589444
-1.691776	-0.583443
-1.690829	-0.581863
-1.614708	-0.573651
-1.545536	-0.578073
-1.490577	-0.581863
-1.486155	-0.573651
-1.552800	-0.573967
-1.538903	-0.562912
-1.514582	-0.567334
-1.470046	-0.564807
-1.440988	-0.564807
-1.436250	-0.560069
-1.415719	-0.564491
-1.392030	-0.561017
-1.335176	-0.554384
-1.303275	-0.546803
-1.321595	-0.543961
-1.368025	-0.545224
-1.408455	-0.550278
-1.405928	-0.538907
-1.375922	-0.537644
-1.322226	-0.535749
-1.299485	-0.532590
-1.322226	-0.529431
-1.303907	-0.524062
-1.265688	-0.527852
-1.204097	-0.520588
-1.160509	-0.516797
-1.171880	-0.513007
-1.180092	-0.509217
-1.163352	-0.504479
-1.092916	-0.506690
-1.045854	-0.491529
-1.015216	-0.497846
-1.022796	-0.491529
-1.038905	-0.485844
-0.981419	-0.488055
-0.906562	-0.483948
-0.844338	-0.482369
-0.812437	-0.477315
-0.814016	-0.476368
-0.794118	-0.471946
-0.757163	-0.469735
-0.698414	-0.472894
-0.658932	-0.462154
-0.667144	-0.460575
-0.680410	-0.460891
-0.675356	-0.460259
-0.638085	-0.453311
-0.620398	-0.452363
-0.606816	-0.452047
-0.625451	-0.443835
-0.669671	-0.444782
-0.664933	-0.440360
-0.615028	-0.440360
-0.555963	-0.433728
-0.505427	-0.431201
-0.485844	-0.429621
-0.482369	-0.422041
-0.488055	-0.424884
-0.443519	-0.428042
-0.404037	-0.421409
-0.416040	-0.422041
-0.444151	-0.420146
-0.461207	-0.417303
-0.426463	-0.410986
-0.388244	-0.413197
-0.360133	-0.403090
-0.373715	-0.408775
-0.430253	-0.410354
-0.435623	-0.404985
-0.414460	-0.401826
-0.374347	-0.404037
-0.341814	-0.405616
-0.336760	-0.404353
-0.339919	-0.402142
-0.342446	-0.396141
-0.307702	-0.401826
-0.294752	-0.397404
-0.293804	-0.394246
-0.301384	-0.404353
-0.320336	-0.400247
-0.311808	-0.398036
-0.290014	-0.402142
-0.277380	-0.396141
-0.307386	-0.398352
-0.361081	-0.398668
-0.391087	-0.394877
-0.387929	-0.400247
-0.361397	-0.398668
-0.333917	-0.401510
-0.342130	-0.394246
-0.340550	-0.401826
-0.342446	-0.403090
-0.310544	-0.403721
-0.286855	-0.403090
-0.293804	-0.402142
-0.332970	-0.407196
-0.395825	-0.409091
-0.416356	-0.398352
-0.420462	-0.413197
-0.412881	-0.410354
-0.431201	-0.411618
-0.461523	-0.418882
-0.486475	-0.418882
-0.490265	-0.420146
-0.461839	-0.425199
-0.440676	-0.419514
-0.463102	-0.424884
-0.501952	-0.434675
-0.563544	-0.425515
-0.591339	-0.434359
-0.584074	-0.435623
-0.576494	-0.437202
-0.587865	-0.445414
-0.624820	-0.450152
-0.641876	-0.448573
-0.630821	-0.450152
-0.609343	-0.459943
-0.621661	-0.454890
-0.682937	-0.455521
-0.754320	-0.457732
-0.820965	-0.464365
-0.843707	-0.465945
-0.858552	-0.472578
-0.851919	-0.473841
-0.877819	-0.473525
-0.914458	-0.475420
-0.918248	-0.482369
-0.893296	-0.480790
-0.889190	-0.487739
-0.900876	-0.491529
-0.959625	-0.495635
-1.024691	-0.497846
-1.056909	-0.500373
-1.032272	-0.509217
-0.985525	-0.511428
-1.001950	-0.506058
-1.050276	-0.513323
-1.111236	-0.515218
-1.110288	-0.514270
-1.110920	-0.525325
-1.104287	-0.528484
-1.120395	-0.527536
-1.170300	-0.538275
-1.192094	-0.530063
-1.199675	-0.535433
-1.204413	-0.546803
-1.232840	-0.542382
-1.301380	-0.545224
-1.382239	-0.548383
-1.426458	-0.554068
-1.409402	-0.553121
-1.389819	-0.559122
-1.385081	-0.558490
-1.403717	-0.562912
-1.449832	-0.571440
-1.462150	-0.565439
-1.414456	-0.573335
-1.328544	-0.568282
-1.330755	-0.572388
-1.424879	-0.571124
-1.495946	-0.578389
-1.541745	-0.583127
-1.550905	-0.581232
-1.571436	-0.582495
-1.627342	-0.584074
-1.708832	-0.574915
-1.732837	-0.586601
-1.671877	-0.586917
-1.593861	-0.588180
-1.549958	-0.595129
-1.565750	-0.585022
-1.645977	-0.592602
-1.681037	-0.593866
-1.677879	-0.593866
-1.659875	-0.600183
-1.621972	-0.594813
-1.648188	-0.595445
-1.684196	-0.595445
-1.727784	-0.598919
-1.737891	-0.595129
-1.741050	-0.595129
-1.782742	-0.597340
-1.855073	-0.590391
-1.883184	-0.591971
-1.848756	-0.597656
-1.773898	-0.597340
-1.695882	-0.597656
-1.652926	-0.595761
-1.667455	-0.596708
-1.662718	-0.594182
