# Configuration automatically generated by WRITE_CONFIG()
connection eth
ip 192.168.0.10
samplehz 1000.000000
settleus 10.000000
nsample 128

# Analog Inputs
aichannel 0
ainegative 199
airange 10.000000
airesolution 0

aichannel 1
ainegative 199
airange 10.000000
airesolution 0

# Analog Outputs
aochannel 0
aosignal sine
aofrequency 5.000000
aoamplitude 0.250000
aooffset 1.250000
aoduty 0.500000

# Meta Parameters
int:periods 10
flt:plate_Thigh_C 415.688492
flt:plate_Tlow_C 199.185821
flt:plate_Q_kW 1.323593
flt:plate_Tpeak_C 1414.525323
flt:cool_Thigh_C 76.975249
flt:cool_Tlow_C 22.132331
flt:air_psig 70.000000
flt:water_gph 2.200000
flt:cool_Q_kW 0.000000
flt:standoff_in 0.150000
flt:oxygen_scfh 11.719094
flt:fuel_scfh 8.296781
flt:flow_scfh 20.015875
flt:ratio_fto 0.707971

## End Configuration ##
#: Thu Jul 21 18:26:37 2016
-6.871791	-1.377501
-6.279564	-1.260951
-6.243240	-1.287798
-6.195230	-1.295695
-6.155749	-1.317173
-6.129848	-1.354444
-6.074890	-1.332650
-6.042989	-1.331702
-5.999401	-1.327912
-5.965920	-1.334545
-5.919806	-1.317804
-5.898327	-1.289378
-5.859793	-1.272321
-5.804203	-1.238209
-5.782724	-1.249264
-5.741979	-1.266320
-5.702497	-1.241999
-5.678493	-1.251475
-5.638695	-1.211993
-5.612163	-1.224943
-5.565732	-1.228418
-5.540780	-1.201254
-5.513617	-1.217994
-5.473503	-1.162720
-5.457078	-1.154824
-5.411911	-1.162404
-5.396750	-1.166510
-5.365480	-1.177249
-5.333895	-1.165247
-5.313049	-1.173775
-5.274199	-1.158614
-5.259037	-1.154824
-5.245772	-1.233155
-5.217345	-1.231892
-5.201868	-1.240736
-5.178495	-1.193042
-5.161123	-1.169984
-5.141540	-1.166826
-5.124484	-1.156087
-5.115324	-1.181987
-5.089424	-1.150086
-5.083423	-1.142821
-5.063208	-1.141558
-5.056890	-1.151349
-5.048363	-1.168089
-5.049942	-1.157982
-5.041730	-1.187356
-5.027516	-1.163983
-5.034149	-1.170932
-5.025305	-1.208835
-5.022779	-1.196200
-5.023410	-1.240104
-5.013618	-1.202833
-5.033834	-1.189567
-5.025937	-1.211046
-5.031938	-1.223680
-5.048047	-1.226207
-5.041414	-1.167458
-5.067630	-1.160509
-5.058786	-1.133345
-5.070472	-1.132714
-5.085949	-1.175038
-5.091003	-1.174407
-5.109638	-1.188304
-5.120061	-1.178197
-5.145330	-1.152297
-5.159859	-1.176302
-5.181337	-1.148506
-5.205658	-1.175038
-5.212291	-1.152928
-5.240087	-1.130818
-5.261564	-1.144400
-5.283042	-1.171248
-5.312417	-1.192410
-5.335158	-1.199043
-5.367376	-1.221153
-5.382537	-1.229681
-5.421703	-1.270426
-5.453604	-1.311487
-5.482978	-1.300117
-5.512669	-1.306434
-5.534779	-1.281165
-5.586263	-1.251475
-5.604582	-1.269795
-5.635221	-1.264109
-5.680704	-1.304539
-5.694285	-1.289378
-5.742927	-1.271690
-5.783988	-1.267268
-5.810204	-1.254318
-5.856318	-1.278323
-5.878744	-1.254318
-5.933703	-1.261582
-5.958972	-1.253054
-6.001296	-1.269163
-6.045831	-1.333913
-6.072679	-1.341493
-6.116899	-1.351285
-6.159539	-1.355707
-6.199337	-1.311803
-6.228711	-1.331702
-6.275457	-1.324753
-6.323467	-1.371500
-6.345577	-1.377185
-6.392008	-1.350022
-6.434649	-1.356655
-6.470656	-1.373079
-6.513296	-1.404349
-6.547724	-1.416035
-6.590681	-1.439093
-6.617844	-1.379712
-6.665222	-1.328228
-6.701861	-1.333597
-6.727761	-1.319068
-6.771033	-1.330439
-6.806093	-1.337387
-6.846523	-1.321911
-6.876213	-1.360129
-6.906219	-1.403717
-6.951070	-1.449516
-6.970969	-1.439093
-7.010135	-1.423616
-7.047406	-1.455517
-7.064462	-1.429301
-7.106787	-1.440988
-7.122895	-1.437197
-7.166483	-1.450148
-7.183539	-1.449832
-7.211335	-1.419510
-7.251448	-1.462150
-7.257765	-1.489945
-7.289351	-1.487734
-7.314619	-1.522162
-7.329148	-1.498473
-7.351258	-1.521847
-7.366103	-1.538271
-7.389161	-1.546167
-7.399900	-1.540798
-7.424537	-1.507949
-7.443488	-1.470678
-7.442856	-1.449200
-7.470019	-1.476363
-7.472862	-1.487418
-7.480443	-1.505422
-7.501921	-1.508265
-7.500341	-1.475732
-7.513923	-1.487734
-7.503500	-1.492156
-7.527505	-1.492156
-7.512660	-1.503843
-7.526557	-1.483944
-7.532875	-1.475416
-7.523399	-1.475732
-7.521820	-1.506370
-7.513923	-1.533849
-7.515819	-1.531638
-7.510449	-1.539534
-7.495920	-1.501000
-7.501289	-1.535744
-7.481706	-1.533217
-7.481390	-1.527216
-7.468440	-1.551221
-7.453911	-1.506054
-7.440329	-1.516793
-7.410639	-1.523742
-7.410007	-1.506685
-7.390424	-1.510476
-7.367367	-1.458991
-7.355680	-1.451411
-7.325990	-1.428354
-7.308618	-1.413824
-7.289667	-1.433407
-7.260924	-1.422668
-7.246078	-1.416983
-7.214493	-1.398663
-7.192383	-1.432775
-7.151638	-1.448884
-7.131423	-1.445094
-7.102365	-1.461518
-7.066673	-1.437829
-7.041721	-1.417930
-7.002555	-1.418246
-6.980445	-1.439724
-6.941279	-1.438461
-6.912852	-1.418246
-6.878108	-1.428669
-6.838310	-1.391714
-6.808620	-1.434355
-6.778930	-1.461834
-6.729972	-1.442883
-6.696807	-1.447937
-6.657641	-1.382555
-6.634900	-1.394873
-6.579941	-1.389503
-6.543934	-1.375922
-6.513296	-1.404980
-6.463391	-1.370236
-6.435280	-1.313067
-6.391692	-1.328544
-6.348736	-1.329807
-6.307675	-1.330439
-6.278932	-1.298537
-6.241345	-1.323490
-6.192704	-1.296642
-6.157959	-1.291589
-6.130165	-1.317804
-6.071415	-1.306750
-6.047095	-1.299485
-6.003191	-1.270742
-5.960866	-1.268215
-5.918542	-1.276428
-5.886009	-1.294747
-5.860109	-1.320015
-5.809888	-1.298221
-5.776723	-1.265057
-5.740400	-1.262530
-5.703761	-1.275480
-5.673123	-1.264741
-5.636484	-1.241683
-5.610899	-1.232208
-5.564153	-1.176618
-5.542043	-1.155139
-5.511089	-1.197780
-5.471924	-1.197780
-5.452025	-1.207887
-5.419176	-1.188620
-5.396750	-1.195885
-5.354426	-1.217363
-5.341160	-1.207887
-5.315891	-1.229049
-5.278305	-1.213888
-5.259985	-1.172511
-5.236296	-1.175038
-5.216082	-1.180092
-5.202816	-1.208203
-5.180390	-1.182303
-5.165861	-1.205044
-5.140276	-1.180724
-5.122904	-1.168405
-5.119114	-1.226207
-5.089108	-1.218626
-5.086581	-1.223048
-5.063839	-1.201570
-5.061628	-1.183882
-5.051521	-1.188304
-5.046152	-1.193674
-5.046783	-1.207887
-5.028780	-1.189567
-5.029096	-1.162404
-5.024673	-1.157982
-5.020883	-1.134609
-5.018356	-1.144084
-5.018356	-1.137452
-5.032886	-1.146295
-5.021515	-1.116289
-5.035097	-1.119448
-5.048995	-1.145348
-5.038255	-1.136504
-5.062892	-1.162720
-5.056575	-1.154192
-5.073315	-1.151033
-5.084054	-1.165563
-5.092267	-1.155771
-5.125115	-1.196516
-5.117219	-1.201570
-5.143119	-1.195885
-5.163965	-1.222100
-5.179126	-1.194937
-5.207869	-1.246105
-5.215450	-1.220521
-5.248930	-1.212309
-5.259985	-1.206624
-5.280832	-1.175038
-5.315260	-1.207887
-5.331052	-1.214836
-5.370218	-1.233787
-5.390117	-1.209782
-5.419492	-1.184830
-5.456447	-1.200307
-5.473503	-1.233787
-5.514248	-1.255897
-5.542043	-1.259687
-5.578367	-1.243894
-5.602056	-1.226207
-5.634589	-1.226207
-5.677861	-1.259687
-5.699971	-1.266636
-5.743558	-1.273585
-5.785883	-1.304223
-5.815889	-1.267899
-5.846527	-1.326017
-5.885061	-1.299169
-5.933387	-1.335808
-5.956444	-1.336756
-6.006665	-1.306434
-6.043621	-1.273585
-6.073311	-1.245158
-6.124479	-1.267899
-6.148484	-1.280534
-6.204074	-1.304854
-6.232502	-1.315909
-6.278932	-1.282745
-6.322520	-1.339598
-6.343682	-1.354128
-6.393587	-1.357918
-6.435596	-1.384134
-6.469392	-1.360761
-6.516139	-1.371500
-6.540143	-1.393925
-6.588154	-1.426458
-6.620371	-1.425827
-6.662064	-1.398979
-6.699335	-1.392030
-6.733447	-1.373711
-6.773876	-1.394873
-6.802935	-1.422036
-6.847470	-1.442883
-6.867369	-1.458676
-6.916642	-1.430249
-6.951702	-1.462150
-6.974444	-1.449516
-7.011083	-1.429301
-7.045195	-1.439093
-7.068884	-1.410350
-7.102049	-1.412561
-7.126370	-1.430880
-7.169642	-1.466888
-7.179118	-1.456149
-7.217336	-1.448568
-7.246710	-1.468467
-7.256502	-1.428985
-7.291878	-1.452990
-7.311777	-1.477627
-7.334518	-1.483628
-7.349363	-1.487103
-7.363893	-1.436566
-7.392635	-1.444778
-7.396741	-1.453306
-7.421378	-1.455517
-7.444435	-1.504159
-7.444751	-1.498789
-7.472230	-1.473205
-7.472230	-1.482681
-7.487708	-1.514898
-7.499710	-1.546799
-7.502237	-1.537323
-7.511713	-1.544588
-7.515502	-1.523742
-7.523399	-1.547115
-7.519293	-1.568277
-7.525926	-1.561013
-7.524662	-1.577437
-7.524662	-1.554379
-7.524346	-1.549642
-7.513923	-1.547431
-7.508870	-1.541114
-7.506027	-1.541114
-7.499078	-1.510160
-7.497499	-1.506685
-7.478863	-1.485207
-7.489603	-1.509528
-7.459280	-1.509844
-7.450437	-1.473837
-7.442225	-1.490893
-7.410639	-1.464993
-7.408112	-1.479206
-7.377790	-1.531954
-7.367051	-1.512687
-7.350942	-1.525637
-7.325990	-1.483944
-7.312408	-1.459939
-7.284929	-1.470678
-7.267557	-1.481417
-7.247658	-1.521847
-7.206597	-1.513318
-7.188593	-1.504159
-7.156692	-1.474152
-7.129212	-1.459307
-7.107734	-1.472889
-7.069516	-1.437197
-7.041089	-1.429301
-7.005082	-1.401822
-6.980445	-1.405296
-6.946332	-1.437513
-6.905903	-1.435302
-6.879687	-1.421721
-6.837995	-1.392662
-6.809567	-1.346231
-6.769454	-1.350969
-6.734710	-1.354128
-6.701861	-1.394557
-6.657641	-1.369289
-6.634584	-1.391714
-6.580573	-1.355707
-6.547724	-1.375922
-6.511085	-1.424563
-6.469392	-1.397400
-6.435280	-1.416983
-6.390429	-1.376238
-6.356632	-1.344336
-6.308307	-1.358550
-6.278616	-1.344336
-6.243240	-1.372447
-6.195230	-1.340862
-6.157328	-1.291273
-6.119425	-1.280534
-6.077417	-1.269479
-6.041725	-1.273585
-6.001612	-1.232840
-5.971921	-1.238841
-5.921069	-1.207255
-5.889483	-1.192726
-5.855055	-1.240420
-5.811783	-1.246421
-5.789042	-1.230629
-5.737241	-1.232840
-5.707235	-1.209782
-5.675650	-1.210730
-5.634904	-1.206939
-5.609636	-1.231892
-5.566364	-1.229365
-5.542675	-1.199043
-5.512353	-1.199675
-5.475398	-1.217994
-5.451393	-1.264109
-5.418860	-1.252738
-5.397698	-1.278638
-5.353794	-1.237577
-5.339896	-1.200307
-5.316207	-1.225891
-5.275462	-1.206624
-5.266302	-1.194621
-5.235980	-1.183250
-5.219872	-1.154824
-5.193972	-1.134609
-5.179442	-1.121343
-5.169019	-1.156087
-5.133643	-1.145980
-5.125115	-1.110604
-5.118482	-1.123238
-5.090687	-1.108077
-5.084686	-1.158930
-5.066366	-1.161772
-5.064471	-1.178197
-5.047731	-1.167458
-5.048047	-1.121975
-5.048047	-1.141558
-5.028148	-1.145348
-5.028464	-1.148506
-5.026569	-1.175038
-5.021199	-1.153560
-5.025621	-1.148822
-5.017725	-1.150086
-5.030991	-1.172511
-5.023726	-1.150086
-5.032570	-1.147243
-5.044257	-1.143453
-5.037940	-1.113762
-5.054680	-1.129555
-5.064156	-1.127976
-5.073315	-1.153244
-5.076474	-1.159877
-5.094477	-1.131766
-5.121009	-1.173143
-5.114692	-1.174722
-5.147225	-1.180724
-5.159227	-1.188620
-5.184496	-1.165563
-5.199341	-1.163036
-5.213239	-1.158930
-5.250510	-1.195569
-5.254616	-1.213257
-5.284306	-1.211677
-5.311785	-1.217679
-5.328526	-1.176302
-5.370218	-1.203465
-5.380958	-1.232840
-5.416649	-1.240736
-5.456447	-1.251791
-5.478240	-1.210414
-5.510458	-1.219890
-5.536990	-1.218626
-5.570154	-1.240420
-5.605214	-1.289693
-5.631746	-1.276112
-5.675966	-1.279586
-5.703761	-1.252107
-5.738505	-1.266320
-5.776723	-1.253054
-5.815573	-1.250212
-5.847791	-1.263793
-5.888220	-1.238525
-5.927070	-1.280849
-5.958340	-1.289693
-6.004455	-1.303591
-6.039830	-1.316541
-6.076153	-1.293800
-6.123216	-1.310224
-6.142483	-1.308961
-6.207549	-1.333913
-6.230290	-1.353180
-6.275457	-1.351285
-6.320940	-1.350969
-6.344314	-1.350022
-6.395798	-1.406875
-6.430226	-1.440988
-6.467497	-1.434671
-6.514559	-1.445410
-6.540143	-1.371500
-6.592891	-1.367710
-6.619107	-1.361076
-6.658905	-1.351285
-6.700914	-1.394557
-6.730920	-1.378764
-6.774824	-1.370236
-6.801040	-1.383186
-6.847786	-1.405612
-6.872423	-1.411297
-6.910325	-1.389819
-6.953281	-1.385713
-6.971285	-1.377817
-7.010135	-1.390767
-7.041405	-1.451727
-7.079308	-1.478890
-7.100154	-1.523110
-7.127317	-1.465624
-7.166483	-1.469415
-7.175643	-1.465624
-7.219863	-1.468467
-7.243868	-1.475100
-7.259345	-1.462782
-7.297247	-1.456780
-7.305775	-1.451095
-7.336729	-1.485523
-7.346836	-1.487418
-7.370210	-1.460571
-7.393267	-1.483944
-7.389792	-1.468151
-7.422641	-1.457728
-7.436539	-1.498789
-7.452332	-1.466888
-7.469388	-1.478890
-7.473810	-1.452990
-7.487708	-1.488366
-7.490234	-1.511423
-7.498131	-1.505738
-7.521188	-1.536376
-7.507290	-1.522794
-7.520556	-1.493735
-7.525610	-1.520583
-7.526557	-1.526584
-7.524662	-1.558170
-7.529400	-1.541430
-7.526242	-1.540166
-7.515502	-1.501000
-7.514871	-1.481733
-7.513292	-1.528164
-7.500658	-1.549326
-7.495288	-1.577753
-7.484865	-1.560065
-7.478863	-1.529111
-7.458649	-1.506054
-7.451700	-1.506054
-7.442856	-1.504475
-7.419167	-1.485207
-7.410007	-1.465940
-7.385371	-1.477627
-7.363261	-1.499421
-7.348100	-1.546799
-7.330728	-1.530690
-7.313355	-1.550905
-7.285244	-1.507317
-7.264082	-1.461834
-7.244815	-1.501632
-7.215125	-1.484260
-7.191751	-1.494367
-7.159534	-1.484260
-7.135214	-1.446041
-7.097311	-1.436566
-7.066989	-1.432144
-7.050249	-1.470362
-7.003818	-1.479206
-6.982340	-1.458991
-6.950439	-1.410350
-6.906851	-1.362972
-6.876529	-1.393925
-6.841469	-1.397400
-6.811463	-1.403085
-6.768191	-1.396768
-6.732815	-1.353812
-6.701861	-1.364551
-6.653535	-1.355391
-6.630794	-1.364551
-6.586258	-1.359497
-6.545197	-1.354128
-6.508558	-1.334861
-6.473814	-1.329175
-6.437807	-1.370868
-6.384111	-1.371184
-6.348420	-1.376553
-6.311149	-1.346547
-6.276089	-1.314646
-6.241661	-1.359813
-6.193019	-1.350022
-6.159223	-1.345600
-6.119741	-1.333597
-6.076153	-1.261582
-6.045831	-1.295379
-5.996558	-1.272321
-5.970974	-1.300432
-5.909698	-1.288114
-5.890115	-1.259371
-5.860109	-1.250527
-5.808309	-1.229049
-5.785251	-1.238841
-5.740716	-1.230944
-5.705340	-1.220521
-5.675018	-1.209466
-5.634589	-1.168405
-5.614690	-1.215468
-5.565101	-1.227786
-5.537937	-1.217994
-5.514564	-1.250212
-5.476977	-1.208203
-5.449814	-1.220205
-5.419807	-1.219890
-5.397382	-1.248632
-5.356321	-1.246105
-5.337369	-1.226838
-5.310206	-1.209782
-5.281147	-1.192410
-5.265355	-1.207571
-5.239770	-1.202202
-5.220188	-1.208519
-5.188602	-1.200307
-5.186075	-1.153560
-5.167440	-1.182303
-5.136486	-1.175670
-5.131433	-1.178828
-5.114376	-1.189252
-5.092898	-1.157666
-5.081843	-1.150401
-5.066998	-1.118184
-5.071736	-1.159877
-5.042046	-1.147243
-5.045204	-1.134609
-5.046467	-1.154824
-5.031622	-1.155771
-5.033202	-1.152928
-5.023726	-1.178197
-5.020567	-1.166194
-5.019304	-1.175038
-5.016461	-1.146611
-5.039203	-1.149770
-5.022779	-1.175038
-5.034149	-1.160825
-5.044572	-1.178828
-5.041730	-1.171880
-5.056259	-1.151665
-5.062576	-1.155139
-5.072368	-1.196832
-5.080580	-1.210414
-5.094162	-1.195885
-5.116903	-1.190515
-5.120693	-1.161456
-5.143119	-1.157982
-5.163334	-1.165247
-5.180074	-1.152613
-5.197446	-1.163036
-5.216082	-1.148506
-5.247983	-1.164299
-5.253352	-1.175038
-5.284622	-1.182619
-5.312101	-1.229681
-5.331052	-1.211046
-5.365165	-1.219258
-5.387275	-1.195885
-5.425177	-1.213572
-5.443181	-1.234419
-5.476346	-1.221469
-5.517723	-1.249896
-5.537937	-1.225891
-5.575524	-1.226207
-5.607110	-1.292852
-5.638063	-1.298853
-5.676281	-1.323174
-5.701866	-1.295379
-5.747033	-1.266004
-5.777039	-1.259687
-5.813994	-1.246737
-5.859161	-1.268531
-5.883798	-1.257792
-5.926123	-1.248948
-5.960866	-1.238525
-6.006665	-1.248316
-6.036040	-1.265373
-6.075838	-1.274532
-6.125742	-1.304539
-6.150379	-1.300748
-6.204706	-1.328228
-6.236291	-1.370236
-6.280511	-1.382870
-6.313992	-1.392978
-6.347788	-1.362656
-6.397062	-1.350653
-6.428015	-1.346863
-6.470656	-1.358865
-6.515507	-1.403401
-6.543618	-1.374027
-6.594471	-1.400874
-6.621003	-1.357602
-6.663959	-1.369605
-6.702493	-1.417930
-6.722076	-1.427722
-6.774508	-1.460255
-6.797249	-1.437829
-6.845575	-1.407191
-6.871791	-1.431196
-6.912220	-1.417930
-6.954545	-1.447937
-6.972865	-1.433723
-7.009820	-1.398347
-7.041089	-1.407823
-7.066673	-1.412877
-7.100786	-1.438145
-7.125738	-1.429933
-7.174380	-1.471626
-7.182276	-1.449832
-7.213546	-1.435618
-7.246395	-1.457096
-7.262187	-1.478259
-7.290614	-1.500053
-7.304196	-1.466572
-7.334202	-1.443830
-7.347784	-1.456780
-7.368946	-1.462466
-7.391687	-1.494683
-7.397373	-1.491840
-7.424537	-1.478259
-7.424221	-1.478574
-7.457069	-1.492788
-7.461492	-1.550273
-7.469704	-1.517424
-7.489287	-1.564171
-7.484865	-1.512687
-7.500341	-1.470046
-7.513608	-1.499737
-7.512660	-1.494367
-7.523083	-1.510476
-7.517714	-1.518056
-7.531611	-1.482365
-7.526874	-1.479838
-7.523715	-1.456465
-7.530663	-1.476363
-7.523083	-1.468783
-7.511713	-1.437829
-7.506659	-1.458676
-7.501921	-1.490261
-7.499710	-1.535428
-7.477600	-1.530375
-7.480759	-1.555959
-7.460860	-1.512371
-7.451068	-1.461202
-7.438750	-1.462466
-7.424852	-1.477311
-7.408112	-1.478890
-7.387266	-1.512055
-7.372736	-1.507949
-7.347468	-1.503211
-7.330412	-1.528479
-7.316830	-1.566698
-7.283981	-1.558170
-7.260924	-1.517424
-7.248290	-1.480785
-7.211335	-1.424879
-7.184171	-1.450463
-7.156376	-1.441935
-7.134266	-1.487734
-7.091626	-1.478259
-7.069832	-1.421089
-7.044879	-1.452674
-7.004450	-1.445410
-6.983919	-1.458676
-6.947912	-1.476363
-6.911589	-1.442567
-6.874634	-1.434355
-6.841153	-1.414456
-6.813990	-1.434986
-6.770086	-1.432144
-6.733763	-1.398347
-6.699335	-1.406560
-6.655115	-1.385081
-6.624477	-1.416667
-6.579626	-1.441619
-6.549619	-1.454254
-6.512664	-1.442567
-6.475709	-1.373079
-6.439386	-1.347179
-6.386954	-1.338651
-6.353158	-1.324437
-6.316834	-1.329175
-6.272931	-1.298853
-6.233133	-1.287167
-6.192704	-1.273585
-6.159539	-1.305486
-6.113740	-1.306750
-6.075838	-1.293168
-6.037619	-1.320015
-6.005402	-1.262846
-5.966236	-1.296642
-5.919489	-1.291904
-5.890431	-1.306434
-5.844948	-1.304539
-5.807993	-1.269163
-5.784935	-1.269163
-5.729977	-1.258108
-5.710078	-1.274532
-5.674702	-1.308013
-5.635221	-1.279586
-5.610899	-1.277059
-5.563521	-1.226838
-5.542675	-1.209466
-5.506668	-1.209782
-5.477293	-1.178828
-5.450761	-1.223680
-5.413806	-1.172511
-5.397382	-1.196832
-5.357900	-1.225575
-5.334843	-1.212309
-5.308943	-1.211993
-5.281147	-1.187041
-5.263460	-1.154824
-5.236928	-1.166826
-5.219872	-1.181355
-5.196814	-1.181987
-5.180706	-1.160509
-5.163650	-1.169669
-5.140592	-1.140294
-5.126695	-1.172511
-5.109323	-1.209782
-5.099531	-1.221785
-5.080580	-1.242631
-5.065419	-1.179144
-5.072999	-1.191463
-5.044888	-1.181355
-5.043941	-1.184830
-5.041414	-1.185777
-5.030991	-1.169984
-5.036992	-1.135872
-5.024042	-1.120395
-5.027832	-1.131450
-5.013618	-1.144716
-5.021199	-1.131134
-5.036360	-1.149138
-5.018356	-1.121343
-5.039203	-1.102392
-5.042993	-1.135241
-5.038571	-1.142505
-5.053101	-1.169353
-5.061944	-1.132714
-5.076789	-1.139978
-5.080895	-1.155771
-5.091950	-1.163352
-5.118166	-1.200622
-5.126063	-1.199675
-5.145962	-1.181039
-5.161755	-1.191147
-5.186075	-1.221785
-5.198393	-1.254318
-5.214818	-1.236946
-5.251457	-1.236946
-5.254616	-1.185461
-5.285254	-1.152297
-5.310206	-1.170616
-5.338633	-1.192726
-5.364849	-1.220521
-5.387275	-1.194937
-5.422650	-1.212625
-5.443497	-1.201570
-5.473819	-1.189883
-5.512985	-1.218942
-5.538885	-1.201254
-5.568259	-1.209782
-5.601740	-1.224943
-5.644380	-1.266636
-5.669649	-1.297590
-5.700286	-1.287798
-5.749876	-1.310856
-5.772617	-1.300117
-5.816837	-1.255897
-5.859477	-1.302959
-5.883482	-1.290641
-5.924227	-1.320015
-5.960866	-1.302012
-6.007613	-1.273585
-6.036987	-1.285587
-6.082470	-1.288114
-6.127006	-1.325385
-6.154170	-1.331070
-6.196178	-1.332650
-6.239766	-1.341809
-6.279564	-1.350653
-6.314939	-1.386029
-6.352842	-1.398663
-6.399272	-1.394873
-6.426436	-1.369920
-6.475709	-1.331702
-6.511717	-1.375922
-6.540460	-1.357602
-6.591628	-1.391714
-6.621634	-1.402453
-6.667117	-1.395820
-6.693017	-1.393610
-6.729972	-1.392662
-6.775139	-1.449832
-6.794091	-1.440356
-6.852208	-1.463413
-6.870843	-1.438145
-6.912852	-1.418878
-6.949175	-1.455833
-6.972548	-1.440988
-7.013926	-1.436250
-7.034772	-1.436250
-7.066673	-1.370552
-7.102996	-1.382870
-7.130476	-1.364235
-7.165852	-1.407507
-7.179749	-1.435618
-7.214809	-1.444146
-7.240709	-1.464361
-7.259660	-1.479838
-7.297563	-1.491524
-7.305143	-1.458360
-7.335465	-1.454569
-7.346520	-1.447305
-7.361366	-1.415088
-7.392951	-1.464993
-7.402111	-1.496262
-7.425168	-1.506685
-7.433696	-1.497210
-7.452963	-1.451727
-7.461807	-1.460887
-7.474126	-1.470046
-7.486444	-1.528795
-7.495288	-1.548378
-7.502237	-1.550589
-7.505079	-1.521215
-7.513608	-1.464045
-7.521820	-1.490577
-7.513923	-1.485839
-7.534138	-1.492788
-7.518977	-1.482681
-7.524346	-1.420773
-7.529400	-1.465624
-7.518345	-1.471941
-7.513608	-1.478890
-7.509185	-1.500684
-7.505395	-1.475100
-7.500973	-1.466888
-7.477600	-1.444778
-7.489918	-1.476995
-7.459596	-1.476363
-7.452332	-1.447305
-7.443172	-1.452990
-7.416324	-1.453306
-7.404322	-1.482996
-7.383160	-1.519636
-7.370210	-1.537323
-7.351258	-1.538587
-7.327569	-1.470046
-7.312092	-1.486155
-7.288087	-1.514898
-7.262819	-1.512371
-7.238498	-1.541114
-7.215756	-1.502895
-7.184803	-1.463413
-7.160482	-1.452358
-7.137109	-1.489629
-7.094469	-1.481733
-7.075202	-1.459307
-7.045195	-1.452990
-6.999712	-1.395820
-6.986130	-1.394557
-6.947596	-1.389819
-6.912536	-1.390767
-6.866422	-1.392030
-6.842101	-1.358865
-6.816201	-1.394241
-6.766295	-1.418878
-6.732815	-1.406875
-6.701230	-1.434355
-6.657010	-1.406560
-6.629215	-1.398979
-6.588154	-1.381923
-6.551515	-1.420773
-6.504768	-1.428354
-6.471287	-1.398031
-6.427068	-1.406875
-6.382216	-1.376238
-6.358843	-1.362972
-6.310202	-1.396768
-6.281775	-1.387924
-6.241977	-1.406244
-6.195862	-1.357602
-6.159855	-1.331070
-6.116583	-1.321595
-6.077101	-1.298853
-6.044884	-1.289693
-6.002244	-1.265373
-5.966552	-1.264109
-5.924543	-1.245474
-5.892326	-1.285587
-5.839578	-1.311172
-5.811152	-1.326017
-5.784620	-1.341178
-5.732820	-1.279902
-5.705656	-1.267899
-5.672491	-1.260003
-5.641853	-1.241368
-5.603319	-1.257792
-5.567944	-1.226207
-5.546465	-1.212309
-5.505720	-1.205992
-5.481083	-1.218310
-5.451077	-1.272953
-5.409384	-1.245790
-5.398014	-1.247685
-5.357584	-1.205992
-5.339581	-1.198727
-5.318419	-1.219890
-5.278936	-1.205992
-5.264723	-1.210414
-5.230611	-1.200622
-5.223662	-1.171564
-5.195235	-1.206624
-5.180706	-1.213257
-5.165545	-1.219258
-5.139645	-1.184830
-5.128274	-1.154192
-5.109954	-1.136820
-5.095741	-1.124186
-5.082475	-1.148822
-5.064471	-1.114710
-5.068893	-1.141558
-5.048995	-1.116289
-5.045520	-1.131766
-5.040466	-1.155455
-5.033517	-1.157035
-5.036044	-1.187672
-5.024990	-1.145664
-5.029727	-1.124186
-5.017093	-1.120711
-5.022462	-1.126081
-5.030359	-1.180724
-5.022462	-1.175670
-5.035413	-1.168721
-5.035728	-1.164931
-5.048678	-1.153560
-5.050574	-1.194621
-5.064156	-1.149770
-5.078369	-1.173143
-5.075526	-1.153876
-5.099215	-1.127660
-5.118166	-1.181355
-5.124799	-1.193989
-5.151015	-1.188304
-5.159544	-1.179144
-5.183232	-1.155139
-5.189549	-1.175670
-5.219240	-1.156719
-5.250825	-1.204097
-5.257143	-1.213888
-5.281779	-1.188304
-5.313681	-1.190515
-5.340212	-1.213572
-5.362638	-1.241368
-5.387590	-1.242315
-5.419492	-1.262214
-5.444129	-1.224311
-5.474134	-1.177249
-5.516143	-1.187356
-5.538253	-1.187672
-5.565416	-1.219890
-5.603319	-1.231576
-5.641853	-1.237893
-5.669964	-1.227786
-5.705024	-1.217047
-5.748928	-1.257160
-5.771038	-1.265688
-5.815573	-1.250212
-5.853476	-1.261898
-5.886641	-1.261582
-5.925491	-1.300117
-5.953918	-1.305802
-6.011403	-1.341178
-6.035724	-1.322226
-6.072047	-1.261898
-6.123216	-1.292220
-6.154485	-1.332334
-6.197125	-1.345600
-6.231238	-1.368973
-6.279564	-1.324121
-6.315887	-1.301380
-6.347157	-1.303907
-6.396746	-1.345916
-6.428647	-1.368973
-6.470340	-1.361392
-6.512980	-1.374342
-6.544881	-1.352548
-6.590681	-1.363603
-6.623213	-1.367710
-6.669960	-1.379080
-6.694597	-1.385081
-6.729656	-1.358865
-6.777667	-1.405612
-6.798513	-1.419510
-6.848418	-1.424563
-6.870528	-1.425511
-6.909062	-1.427722
-6.944753	-1.407507
-6.975391	-1.399611
-7.018979	-1.455201
-7.034140	-1.486155
-7.072043	-1.499737
-7.099206	-1.519951
-7.128897	-1.456780
-7.164272	-1.471626
-7.181328	-1.476363
-7.218915	-1.490261
-7.237866	-1.524058
-7.259029	-1.472573
-7.295036	-1.476995
-7.296931	-1.460571
-7.340203	-1.464045
-7.345889	-1.468467
-7.371789	-1.445726
-7.392951	-1.440356
-7.400216	-1.451411
-7.426116	-1.482049
-7.433381	-1.513634
-7.449173	-1.505422
-7.470651	-1.530690
-7.475705	-1.485839
-7.486128	-1.525321
-7.493393	-1.549642
-7.502237	-1.556906
-7.502237	-1.567330
-7.517398	-1.539534
-7.525926	-1.512687
-7.508554	-1.511423
-7.535717	-1.536060
-7.524031	-1.535428
-7.526874	-1.505422
-7.521820	-1.494999
-7.516450	-1.475416
-7.520240	-1.501632
-7.504764	-1.507001
-7.506027	-1.501000
-7.497815	-1.537955
-7.473494	-1.478259
-7.485180	-1.485839
-7.461175	-1.479206
-7.451068	-1.478890
-7.438118	-1.487734
-7.422009	-1.464361
-7.403690	-1.467835
-7.378106	-1.475100
-7.376526	-1.513950
-7.347152	-1.549010
-7.323463	-1.531954
-7.315883	-1.535112
-7.286192	-1.478259
-7.260292	-1.448252
-7.239761	-1.485523
-7.214177	-1.475416
-7.189225	-1.491524
-7.155428	-1.442567
-7.136161	-1.443830
-7.106155	-1.447305
-7.067305	-1.442251
-7.044563	-1.464045
-7.011714	-1.458360
-6.972865	-1.428354
-6.944438	-1.385397
-6.911589	-1.407507
-6.867369	-1.412561
-6.849365	-1.412877
-6.815569	-1.420141
-6.767559	-1.388556
-6.735026	-1.356655
-6.698703	-1.384766
-6.664590	-1.379396
-6.625109	-1.404664
-6.583100	-1.382870
-6.553725	-1.375606
-6.505084	-1.348127
-6.470024	-1.336756
-6.440334	-1.363287
-6.389797	-1.350022
-6.355053	-1.329807
-6.306096	-1.310224
-6.277668	-1.315593
-6.233449	-1.332965
-6.193967	-1.312119
-6.160487	-1.358550
-6.118162	-1.324753
-6.074574	-1.269795
-6.045831	-1.306118
-6.004138	-1.301380
-5.965289	-1.317173
-5.923912	-1.315593
-5.889799	-1.288114
-5.851265	-1.272006
-5.813046	-1.251475
-5.785251	-1.254002
-5.746085	-1.240736
-5.705972	-1.222416
-5.674387	-1.206939
-5.641222	-1.190515
-5.605214	-1.201886
-5.566996	-1.201254
-5.547413	-1.218310
-5.509194	-1.208519
-5.478240	-1.191463
-5.453604	-1.232524
-5.420124	-1.241999
-5.390433	-1.255897
-5.360743	-1.245790
-5.338633	-1.234419
-5.309258	-1.237262
-5.282095	-1.205360
-5.265039	-1.255897
-5.232190	-1.252738
-5.224926	-1.239473
-5.193024	-1.206308
-5.174388	-1.157982
-5.171230	-1.187041
-5.137750	-1.163036
-5.130485	-1.170932
-5.114376	-1.171880
-5.087529	-1.126712
-5.086265	-1.151665
-5.068577	-1.147559
-5.070472	-1.159245
-5.049942	-1.155139
-5.045204	-1.141558
-5.043309	-1.137767
-5.033202	-1.147875
-5.032254	-1.174091
-5.024358	-1.171880
-5.022147	-1.176618
-5.015830	-1.156719
-5.014882	-1.151033
-5.029096	-1.149454
-5.025305	-1.175670
-5.043625	-1.205676
-5.035097	-1.191147
-5.049310	-1.155771
-5.053732	-1.158930
-5.056259	-1.138715
-5.077737	-1.173775
-5.076474	-1.162720
-5.096688	-1.169669
-5.114376	-1.163036
-5.121325	-1.143137
-5.142803	-1.186725
-5.151015	-1.180408
-5.187023	-1.190515
-5.193656	-1.191147
-5.213871	-1.149770
-5.250194	-1.181039
-5.254931	-1.195253
-5.284306	-1.197148
-5.307047	-1.207571
-5.340844	-1.178828
-5.365480	-1.181987
-5.382853	-1.175986
-5.426125	-1.229681
-5.443181	-1.264109
-5.477925	-1.249580
-5.505088	-1.255581
-5.541411	-1.229997
-5.575524	-1.238209
-5.605846	-1.246737
-5.643117	-1.247685
-5.668385	-1.250843
-5.703761	-1.195885
-5.746401	-1.217363
-5.777039	-1.238841
-5.815889	-1.249264
-5.848738	-1.273901
-5.893273	-1.274848
-5.919489	-1.284324
-5.948864	-1.284640
-6.011403	-1.325069
-6.034461	-1.322542
-6.068889	-1.310540
-6.126690	-1.324753
-6.151643	-1.319384
-6.199968	-1.338651
-6.229975	-1.352233
-6.284302	-1.339283
-6.312413	-1.344336
-6.346525	-1.293484
-6.408748	-1.313383
-6.423909	-1.333281
-6.467181	-1.335808
-6.514244	-1.370236
-6.544250	-1.357602
-6.588785	-1.362972
-6.626056	-1.349706
-6.662695	-1.393925
-6.698387	-1.420141
-6.731867	-1.403717
-6.778930	-1.416983
-6.804198	-1.393610
-6.840521	-1.372763
-6.868632	-1.401822
-6.911273	-1.422036
-6.949491	-1.458676
-6.974760	-1.445726
-7.017084	-1.438461
-7.035088	-1.442251
-7.066673	-1.422036
-7.102681	-1.437513
-7.132687	-1.405296
-7.161429	-1.390135
-7.180697	-1.390135
-7.222074	-1.432144
-7.233760	-1.467520
-7.260924	-1.454254
-7.294405	-1.502264
-7.300090	-1.468151
-7.337992	-1.488998
-7.345573	-1.523110
-7.368946	-1.531322
-7.387581	-1.557538
-7.398636	-1.524058
-7.434960	-1.503527
-7.436539	-1.501316
-7.451700	-1.484260
-7.468124	-1.534481
-7.467493	-1.520583
-7.495288	-1.537639
-7.492129	-1.516793
-7.499394	-1.497842
-7.510133	-1.527848
-7.512660	-1.481417
-7.522767	-1.469415
-7.511081	-1.441304
-7.532559	-1.432144
-7.524031	-1.495631
-7.528137	-1.512371
-7.521188	-1.514898
-7.517398	-1.495631
-7.520556	-1.476995
-7.502237	-1.485207
-7.504764	-1.505106
-7.488339	-1.540798
-7.477600	-1.517424
-7.481074	-1.533533
-7.462123	-1.504159
-7.455490	-1.516161
-7.436855	-1.562592
-7.421378	-1.572067
-7.408112	-1.622920
-7.374316	-1.557222
-7.375579	-1.508265
-7.335782	-1.471941
-7.331044	-1.431512
-7.309249	-1.447937
-7.282718	-1.434986
-7.271031	-1.425195
-7.238814	-1.424563
-7.213230	-1.422984
-7.188277	-1.474152
-7.156692	-1.449516
-7.138372	-1.478259
-7.096679	-1.449832
-7.068253	-1.408455
-7.041405	-1.440040
-7.004766	-1.470046
-6.979497	-1.484260
-6.941595	-1.471626
-6.914747	-1.430880
-6.872738	-1.429933
-6.842101	-1.441619
-6.810831	-1.461834
-6.769454	-1.450463
-6.736921	-1.401822
-6.694281	-1.363287
-6.658589	-1.350653
-6.625109	-1.353812
-6.586258	-1.341493
-6.548988	-1.373395
-6.511717	-1.343389
-6.468760	-1.309592
-6.435596	-1.328859
-6.387902	-1.311487
-6.349683	-1.314330
-6.309886	-1.278323
-6.287460	-1.270426
-6.234081	-1.249896
-6.195230	-1.249580
-6.163329	-1.293800
-6.113740	-1.298221
-6.077101	-1.273585
-6.041093	-1.260951
-6.005402	-1.232524
-5.963078	-1.278638
-5.917278	-1.278638
-5.893589	-1.297590
-5.851265	-1.293168
-5.807993	-1.239788
-5.787778	-1.242631
-5.739137	-1.248316
-5.694601	-1.240104
-5.672807	-1.246105
-5.639327	-1.223048
-5.604898	-1.213572
-5.561626	-1.209150
-5.546465	-1.226207
-5.508563	-1.237262
-5.480768	-1.215468
-5.450761	-1.221469
-5.422019	-1.212309
-5.386959	-1.229365
-5.361374	-1.231892
-5.341792	-1.249580
-5.304837	-1.228102
-5.281463	-1.172827
-5.267881	-1.182303
-5.236928	-1.164615
-5.223662	-1.186725
-5.191129	-1.201886
-5.181653	-1.201570
-5.160175	-1.177881
-5.137118	-1.146611
-5.132696	-1.173459
-5.109954	-1.177881
-5.096056	-1.165563
-5.084686	-1.178197
-5.062260	-1.129555
-5.071736	-1.147875
-5.045520	-1.151033
-5.049310	-1.151665
-5.047731	-1.172511
-5.029096	-1.131134
-5.036360	-1.133977
-5.018041	-1.132398
-5.023094	-1.138399
-5.017725	-1.154192
-5.022779	-1.154192
-5.029727	-1.133030
-5.023410	-1.115973
-5.036044	-1.135872
-5.036044	-1.151665
-5.047099	-1.135556
-5.052153	-1.157035
-5.058470	-1.123554
-5.071736	-1.150086
-5.081527	-1.188620
-5.099847	-1.197780
-5.111849	-1.208519
-5.125115	-1.193358
-5.150700	-1.204728
-5.155437	-1.202518
-5.189549	-1.230629
-5.190181	-1.243579
-5.218292	-1.230629
-5.245772	-1.227154
-5.255248	-1.177881
-5.286833	-1.181355
-5.305468	-1.196516
-5.341160	-1.195569
-5.364533	-1.213257
-5.381273	-1.159245
-5.422966	-1.190515
-5.448550	-1.223048
-5.473503	-1.200938
-5.513617	-1.226838
-5.536042	-1.214836
-5.575208	-1.205360
-5.600161	-1.201254
-5.649434	-1.254318
-5.674070	-1.274532
-5.699655	-1.254318
-5.752402	-1.268215
-5.783041	-1.250212
-5.812415	-1.261582
-5.855055	-1.296958
-5.888536	-1.303275
-5.927386	-1.339598
-5.960551	-1.302643
-6.008245	-1.305486
-6.042357	-1.299801
-6.075521	-1.290009
-6.124479	-1.311803
-6.147536	-1.318120
-6.202811	-1.317173
-6.231554	-1.287482
-6.283038	-1.332650
-6.307043	-1.353496
-6.348736	-1.351917
-6.400536	-1.381291
-6.431174	-1.354759
-6.472551	-1.363919
-6.509506	-1.392346
-6.545513	-1.402769
-6.588785	-1.451411
-6.622582	-1.402769
-6.669328	-1.403717
-6.695860	-1.408139
-6.729341	-1.409402
-6.775771	-1.455833
-6.804830	-1.461202
-6.850945	-1.438777
-6.870528	-1.404980
-6.915379	-1.400242
-6.946964	-1.435934
-6.973812	-1.413193
-7.016452	-1.432144
-7.031613	-1.420457
-7.070779	-1.377817
-7.101101	-1.417930
-7.130792	-1.449200
-7.158587	-1.480785
-7.183856	-1.466256
-7.219863	-1.479206
-7.243552	-1.490893
-7.265030	-1.485207
-7.291246	-1.535112
-7.309249	-1.507317
-7.337992	-1.505422
-7.349679	-1.461202
-7.370525	-1.459307
-7.385371	-1.451095
-7.402111	-1.418562
-7.429274	-1.453938
-7.428327	-1.431196
-7.452963	-1.397400
-7.463387	-1.454254
-7.481390	-1.453938
-7.488339	-1.495946
-7.489603	-1.502895
-7.506027	-1.491524
-7.507290	-1.479522
-7.507922	-1.464677
-7.528769	-1.516161
-7.509501	-1.494999
-7.528769	-1.499105
-7.525610	-1.473837
-7.526557	-1.441304
-7.522451	-1.467520
-7.520872	-1.486787
-7.518029	-1.497842
-7.510133	-1.510476
-7.499394	-1.470362
-7.493077	-1.505106
-7.479179	-1.537007
-7.482970	-1.578384
-7.462123	-1.574594
-7.455174	-1.556906
-7.434328	-1.505422
-7.419799	-1.490893
-7.405585	-1.525637
-7.385686	-1.528164
-7.374631	-1.541430
-7.347784	-1.501632
-7.336729	-1.472257
-7.308302	-1.475732
-7.279875	-1.476048
-7.269452	-1.496894
-7.236603	-1.498789
-7.216073	-1.463729
-7.188277	-1.471310
-7.161746	-1.455517
-7.135845	-1.482681
-7.097627	-1.460887
-7.068253	-1.420141
-7.036667	-1.413824
-7.009503	-1.415403
-6.978234	-1.446989
-6.943806	-1.439724
-6.917906	-1.459939
-6.868632	-1.441619
-6.841153	-1.359813
-6.815569	-1.381607
-6.766927	-1.387292
-6.734710	-1.358550
-6.698387	-1.339283
-6.662064	-1.314646
-6.629530	-1.339283
-6.588785	-1.359813
-6.548988	-1.407823
-6.510769	-1.406244
-6.471603	-1.393294
-6.431490	-1.369605
-6.391692	-1.324753
-6.348104	-1.326964
-6.309570	-1.318120
-6.283986	-1.328228
-6.231870	-1.324753
-6.196810	-1.299169
-6.157959	-1.332018
-6.121321	-1.325069
-6.079944	-1.317804
-6.037303	-1.309592
-6.008561	-1.285903
-5.958340	-1.284956
-5.921700	-1.266952
-5.898959	-1.302012
-5.845895	-1.299801
-5.808625	-1.287482
-5.786515	-1.303275
-5.736294	-1.282429
-5.707867	-1.286219
-5.669333	-1.277691
-5.648170	-1.283060
-5.605214	-1.284956
-5.560679	-1.224943
-5.549624	-1.198411
-5.507299	-1.179144
-5.480768	-1.169353
-5.452656	-1.225259
-5.411280	-1.222100
-5.390433	-1.222100
-5.359163	-1.216415
-5.351899	-1.248001
-5.307047	-1.260951
-5.278305	-1.223048
-5.260617	-1.230629
-5.240718	-1.201254
-5.217345	-1.194937
-5.194603	-1.189567
-5.187654	-1.186409
-5.156069	-1.185777
-5.144066	-1.138399
-5.133012	-1.142821
-5.106796	-1.146927
-5.097320	-1.153244
-5.081527	-1.185777
-5.070788	-1.171564
-5.064787	-1.170616
-5.048047	-1.139031
-5.050574	-1.178197
-5.037940	-1.208203
-5.028464	-1.191147
-5.031622	-1.199675
-5.022147	-1.156087
-5.025305	-1.157350
-5.023410	-1.169037
-5.023410	-1.152928
-5.027516	-1.163667
-5.027516	-1.150086
-5.041414	-1.149138
-5.034781	-1.168721
-5.048047	-1.169984
-5.055627	-1.202202
-5.057522	-1.183882
-5.076789	-1.187041
-5.075210	-1.167458
-5.096373	-1.161141
-5.112165	-1.175354
-5.125431	-1.175038
-5.144698	-1.207887
-5.162702	-1.164931
-5.187654	-1.157666
-5.196183	-1.167458
-5.212291	-1.170616
-5.241982	-1.170932
-5.257143	-1.161772
-5.289044	-1.147875
-5.303889	-1.144084
-5.340528	-1.153876
-5.368008	-1.190199
-5.390117	-1.181671
-5.421387	-1.210730
-5.447287	-1.182303
-5.484558	-1.211361
-5.510458	-1.253370
-5.538253	-1.248632
-5.575208	-1.266952
-5.599213	-1.219890
-5.645959	-1.220521
-5.666490	-1.231260
-5.703129	-1.235051
-5.750192	-1.284324
-5.775144	-1.287482
-5.819995	-1.265373
-5.852212	-1.257160
-5.888852	-1.251791
-5.924543	-1.300117
-5.958340	-1.298221
-6.010140	-1.341178
-6.038251	-1.324753
-6.075206	-1.301380
-6.120057	-1.333281
-6.146273	-1.344336
-6.199021	-1.346547
-6.230290	-1.326964
-6.284617	-1.328544
-6.316203	-1.331070
-6.350947	-1.338967
-6.396746	-1.358550
-6.427700	-1.344968
-6.476657	-1.325385
-6.507295	-1.316541
-6.548672	-1.341493
-6.584679	-1.390451
-6.620055	-1.375290
-6.669960	-1.415403
-6.693965	-1.388872
-6.729972	-1.368973
-6.770401	-1.418878
-6.806093	-1.437829
-6.850313	-1.487418
-6.869580	-1.457096
-6.915695	-1.463098
-6.946964	-1.454885
-6.973180	-1.438777
-7.016768	-1.486471
-7.037930	-1.486471
-7.065726	-1.450463
-7.102996	-1.443515
-7.126370	-1.419194
-7.164272	-1.453938
-7.181013	-1.461834
-7.224600	-1.460887
-7.236287	-1.454569
-7.258397	-1.401506
-7.289982	-1.444462
-7.297563	-1.451095
-7.333570	-1.473521
-7.349047	-1.488366
-7.372105	-1.482996
-7.382843	-1.472889
-7.404006	-1.476679
-7.428327	-1.517424
-7.433381	-1.522478
-7.454227	-1.531322
-7.463703	-1.510476
-7.479495	-1.494051
-7.479179	-1.535428
-7.494024	-1.544588
-7.509185	-1.567014
-7.496552	-1.564803
-7.510765	-1.509212
-7.523399	-1.512687
-7.514239	-1.500684
-7.530032	-1.535112
-7.521188	-1.514582
-7.532243	-1.501948
-7.523399	-1.476995
-7.512976	-1.475416
-7.520556	-1.530690
-7.500658	-1.567961
-7.497183	-1.552484
-7.498762	-1.536060
-7.480443	-1.465624
-7.482654	-1.488050
-7.460544	-1.515529
-7.453911	-1.543009
-7.441277	-1.549010
-7.416956	-1.474784
-7.406217	-1.449832
-7.381580	-1.435302
-7.374316	-1.460571
-7.347152	-1.476679
-7.334518	-1.476679
-7.307354	-1.449516
-7.285561	-1.452358
-7.267873	-1.473837
-7.236919	-1.485523
-7.216388	-1.476363
-7.188593	-1.481733
-7.157323	-1.425195
-7.133635	-1.443515
-7.095732	-1.438145
-7.073622	-1.443830
-7.035404	-1.453622
-7.006977	-1.421721
-6.980445	-1.428669
-6.944438	-1.406875
-6.920117	-1.433723
-6.868948	-1.433407
-6.841153	-1.415088
-6.811463	-1.414456
-6.765032	-1.373711
-6.741343	-1.384766
-6.694281	-1.404664
-6.666170	-1.397084
-6.626688	-1.407191
-6.584995	-1.330123
-6.549619	-1.351601
-6.504768	-1.369605
-6.470972	-1.381607
-6.430226	-1.396136
-6.389797	-1.374027
-6.353474	-1.364235
-6.306727	-1.346863
-6.280511	-1.366130
-6.235028	-1.370868
-6.195230	-1.337387
-6.161118	-1.338651
-6.118162	-1.314014
-6.073627	-1.297590
-6.038251	-1.294431
-6.010140	-1.279586
-5.957708	-1.281481
-5.926438	-1.244842
-5.893905	-1.250843
-5.843684	-1.252738
-5.818732	-1.261266
-5.778303	-1.269479
-5.744190	-1.264425
-5.701550	-1.252107
-5.668701	-1.222100
-5.647223	-1.246737
-5.602687	-1.254002
-5.566996	-1.239157
-5.551835	-1.243894
-5.506668	-1.193674
-5.483294	-1.164615
-5.455184	-1.194621
-5.422650	-1.173143
-5.388222	-1.207571
-5.358532	-1.181039
-5.346213	-1.194937
-5.303889	-1.201886
-5.279884	-1.184198
-5.269461	-1.205044
-5.236296	-1.193674
-5.217977	-1.167773
-5.197446	-1.141558
-5.183232	-1.148506
-5.160807	-1.178828
-5.140592	-1.180724
-5.128590	-1.210730
-5.116903	-1.197148
-5.094162	-1.177881
-5.079317	-1.193674
-5.070788	-1.197780
-5.066051	-1.203465
-5.052153	-1.188304
-5.052469	-1.174407
-5.037308	-1.168405
-5.032886	-1.157350
-5.039519	-1.169353
-5.022779	-1.139347
-5.025305	-1.153560
-5.018041	-1.095443
-5.028780	-1.093232
-5.024358	-1.123870
-5.026569	-1.110920
-5.043625	-1.131450
-5.031938	-1.135241
-5.045520	-1.133030
-5.054364	-1.175354
-5.063524	-1.171880
-5.072368	-1.197464
-5.081843	-1.159877
-5.100479	-1.139978
-5.107428	-1.163036
-5.119746	-1.165563
-5.152279	-1.225575
-5.153542	-1.218626
-5.186707	-1.223364
-5.197762	-1.199359
-5.214818	-1.173143
-5.243876	-1.183250
-5.255879	-1.182303
-5.298835	-1.196516
-5.305152	-1.201570
-5.338001	-1.181355
-5.366112	-1.194305
-5.378115	-1.196516
-5.421071	-1.220521
-5.442865	-1.221153
-5.479504	-1.229681
-5.510458	-1.211361
-5.541411	-1.198727
-5.573945	-1.242631
-5.600161	-1.219890
-5.645012	-1.228733
-5.665543	-1.200622
-5.705340	-1.185461
-5.745454	-1.236630
-5.774197	-1.263477
-5.821890	-1.299801
-5.844948	-1.308329
-5.887904	-1.270742
-5.924227	-1.297590
-5.956444	-1.283060
-6.007929	-1.302959
-6.039514	-1.306434
-6.075521	-1.293168
-6.125742	-1.296010
-6.151643	-1.304539
-6.204706	-1.352233
-6.229975	-1.354128
-6.283354	-1.391714
-6.316519	-1.380028
-6.347157	-1.339283
-6.398009	-1.362024
-6.429911	-1.372131
-6.470656	-1.361076
-6.506979	-1.356970
-6.549619	-1.359813
-6.585311	-1.379080
-6.620371	-1.392978
-6.663643	-1.433407
-6.702493	-1.442883
-6.733447	-1.437829
-6.767875	-1.422984
-6.803882	-1.382870
-6.852208	-1.411297
-6.871159	-1.398031
-6.916011	-1.429301
-6.942543	-1.423300
-6.976971	-1.382239
-7.016768	-1.413508
-7.033508	-1.435934
-7.072359	-1.434986
-7.099206	-1.459307
-7.132055	-1.428985
-7.163325	-1.412561
-7.183224	-1.386661
-7.223969	-1.445094
-7.240709	-1.478259
-7.259660	-1.463729
-7.287456	-1.484576
-7.298511	-1.457728
-7.332307	-1.487734
-7.344941	-1.492472
-7.373684	-1.501948
-7.386634	-1.498473
-7.397373	-1.457412
-7.435276	-1.452358
-7.433064	-1.471626
-7.454227	-1.481417
-7.466229	-1.525005
-7.480759	-1.507949
-7.484865	-1.491524
-7.498131	-1.486471
-7.508238	-1.536060
-7.504764	-1.557854
-7.514239	-1.553432
-7.523715	-1.559117
-7.519925	-1.502264
-7.532875	-1.497210
-7.525610	-1.487418
-7.530032	-1.498157
-7.518029	-1.501316
-7.516766	-1.458044
-7.521504	-1.458360
-7.499078	-1.469730
-7.501605	-1.456465
-7.495920	-1.476679
-7.487076	-1.464993
-7.481074	-1.468467
-7.459912	-1.441619
-7.459596	-1.474152
-7.429906	-1.501000
-7.421694	-1.474784
-7.411271	-1.498157
-7.385686	-1.450148
-7.371473	-1.459939
-7.343362	-1.485207
-7.331044	-1.502895
-7.314935	-1.521215
-7.285561	-1.484576
-7.267557	-1.464045
-7.240077	-1.467835
-7.220494	-1.460255
-7.185434	-1.491840
-7.158587	-1.471626
-7.137109	-1.473837
-7.099206	-1.443515
-7.073306	-1.462466
-7.038246	-1.486787
-7.003502	-1.473837
-6.984235	-1.481101
-6.941595	-1.426458
-6.912536	-1.430880
-6.872423	-1.405612
-6.844944	-1.395189
-6.806409	-1.407823
-6.769770	-1.374974
-6.740711	-1.372447
-6.691754	-1.370236
-6.665538	-1.386661
-6.623845	-1.405612
-6.582152	-1.376238
-6.549304	-1.392346
-6.504452	-1.335808
-6.473183	-1.315909
-6.433069	-1.343389
-6.386954	-1.343073
-6.351579	-1.369289
-6.306411	-1.350653
-6.285249	-1.364235
-6.232502	-1.362972
-6.194915	-1.341178
-6.170594	-1.359497
-6.117530	-1.338019
-6.078680	-1.285587
-6.041093	-1.252738
-6.006350	-1.235051
-5.961498	-1.244842
-5.915699	-1.243263
-5.893905	-1.278007
-5.852529	-1.254949
-5.815573	-1.205992
-5.782724	-1.240104
-5.736926	-1.273269
-5.699971	-1.302012
-5.674702	-1.272321
-5.640590	-1.264109
-5.605214	-1.234103
-5.570154	-1.207571
-5.543939	-1.224943
-5.507931	-1.202833
-5.481715	-1.176618
-5.443497	-1.160825
-5.424545	-1.186093
-5.386959	-1.237577
-5.358848	-1.231576
-5.352530	-1.255265
-5.304521	-1.224943
-5.280200	-1.159561
-5.270092	-1.216415
-5.240087	-1.219258
-5.213239	-1.239788
-5.192708	-1.209466
-5.182917	-1.175670
-5.155753	-1.158930
-5.140592	-1.123870
-5.134591	-1.149454
-5.111849	-1.162720
-5.097320	-1.143453
-5.083107	-1.161141
-5.066998	-1.152928
-5.066051	-1.195885
-5.048678	-1.183250
-5.052784	-1.196516
-5.040466	-1.172827
-5.030675	-1.147243
-5.036360	-1.158614
-5.028148	-1.176933
-5.025937	-1.204097
-5.020883	-1.190831
-5.024673	-1.184514
-5.024990	-1.169984
-5.026885	-1.155139
-5.038571	-1.212309
-5.038571	-1.221469
-5.047415	-1.216731
-5.050258	-1.202833
-5.072683	-1.152928
-5.071420	-1.149770
-5.076474	-1.151665
-5.102690	-1.166826
-5.109323	-1.181039
-5.121641	-1.161141
-5.154806	-1.191778
-5.150700	-1.185145
-5.182917	-1.205044
-5.193656	-1.200622
-5.219240	-1.176618
-5.242929	-1.171248
-5.252720	-1.174407
-5.290623	-1.222100
-5.299783	-1.267899
-5.341160	-1.257792
-5.367376	-1.258740
-5.383484	-1.211993
-5.421071	-1.226207
-5.447287	-1.256529
-5.479504	-1.264425
-5.509194	-1.269163
-5.537621	-1.226838
-5.576471	-1.219890
-5.606478	-1.222416
-5.644064	-1.254318
-5.672491	-1.263162
-5.706288	-1.265688
-5.742927	-1.261898
-5.779250	-1.262846
-5.824417	-1.286535
-5.848422	-1.291904
-5.897696	-1.287167
-5.923280	-1.299169
-5.959919	-1.263477
-6.009508	-1.295063
-6.035408	-1.320015
-6.078680	-1.336440
-6.119110	-1.369289
-6.152590	-1.320015
-6.207549	-1.336756
-6.228395	-1.314646
-6.290618	-1.347495
-6.308938	-1.347811
-6.342419	-1.353496
-6.398009	-1.359181
-6.426120	-1.350338
-6.477921	-1.376553
-6.501609	-1.424563
-6.550883	-1.442883
-6.586890	-1.443199
-6.616580	-1.382870
-6.675014	-1.387608
-6.697124	-1.401190
-6.731867	-1.397084
-6.775771	-1.402769
-6.801672	-1.397716
-6.843680	-1.419825
-6.868948	-1.410350
-6.921064	-1.424247
-6.937489	-1.442251
-6.975391	-1.435302
-7.013294	-1.435618
-7.031929	-1.426143
-7.078044	-1.437829
-7.097627	-1.451727
-7.137741	-1.446357
-7.156692	-1.473521
-7.183856	-1.447305
-7.222705	-1.464361
-7.233760	-1.470994
-7.269136	-1.478259
-7.287140	-1.510476
-7.301985	-1.487418
-7.338624	-1.460571
-7.345257	-1.433407
-7.381264	-1.452043
-7.378737	-1.463098
-7.398005	-1.446357
-7.432433	-1.478259
-7.434012	-1.452674
-7.454858	-1.432144
-7.470651	-1.512687
-7.480127	-1.516793
-7.483917	-1.562276
-7.488339	-1.521847
-7.508870	-1.482996
-7.509501	-1.489313
-7.512344	-1.482365
-7.526874	-1.513634
-7.512976	-1.521531
-7.528452	-1.519320
-7.526242	-1.489945
-7.529400	-1.506370
-7.516766	-1.518056
-7.514555	-1.516793
-7.518029	-1.537639
-7.505711	-1.523742
-7.506659	-1.515213
-7.494972	-1.554695
-7.480759	-1.540482
-7.480759	-1.537007
-7.461175	-1.526900
-7.456438	-1.511423
-7.431170	-1.491524
-7.418851	-1.460571
-7.415061	-1.477627
-7.380001	-1.451095
-7.377158	-1.460571
-7.342730	-1.419825
-7.339571	-1.428038
-7.311460	-1.453938
-7.284297	-1.461834
-7.271663	-1.501632
-7.236919	-1.477311
-7.225548	-1.411929
-7.182592	-1.407507
-7.161746	-1.432144
-7.139952	-1.480785
-7.098575	-1.486471
-7.073306	-1.447621
-7.043300	-1.422668
-7.004450	-1.409718
-6.983919	-1.457728
-6.940963	-1.456149
-6.913800	-1.455517
-6.871791	-1.436250
-6.843996	-1.417930
-6.804830	-1.428354
-6.768507	-1.440040
-6.736605	-1.453938
-6.690491	-1.433723
-6.663643	-1.396768
-6.621003	-1.388240
-6.589101	-1.368341
-6.549619	-1.385397
-6.506347	-1.376238
-6.475709	-1.383502
-6.429595	-1.352233
-6.392324	-1.350969
-6.355369	-1.375606
-6.306411	-1.338651
-6.285881	-1.323174
-6.227764	-1.283376
-6.202811	-1.254634
-6.160487	-1.296958
-6.114372	-1.299485
-6.080891	-1.315278
-6.037303	-1.302959
-6.007613	-1.268531
-5.958340	-1.275480
-5.921069	-1.253370
-5.894221	-1.279270
-5.850317	-1.264109
-5.816205	-1.224311
-5.777039	-1.193358
-5.742927	-1.184514
-5.701234	-1.211677
-5.668069	-1.220205
-5.639958	-1.234735
-5.604582	-1.231576
-5.568259	-1.204728
-5.544570	-1.212309
-5.507299	-1.212941
-5.482663	-1.211993
-5.449814	-1.205676
-5.417597	-1.188936
-5.386643	-1.200622
-5.361374	-1.197464
-5.343687	-1.223680
-5.307047	-1.218310
-5.283990	-1.207571
-5.267250	-1.205044
-5.241350	-1.186725
-5.216397	-1.197148
-5.192392	-1.178828
-5.190813	-1.193989
-5.157332	-1.185777
-5.140276	-1.156087
-5.136486	-1.184514
-5.107111	-1.188620
-5.099215	-1.188936
-5.085002	-1.196832
-5.071420	-1.161772
-5.060365	-1.158298
-5.048995	-1.130503
-5.053416	-1.166194
-5.037940	-1.169984
-5.029096	-1.146611
-5.038571	-1.162088
-5.018672	-1.131450
-5.029096	-1.142821
-5.018356	-1.142821
-5.022462	-1.149138
-5.027200	-1.137452
-5.023726	-1.110288
-5.035097	-1.150086
-5.036044	-1.161772
-5.042677	-1.147875
-5.053732	-1.167773
-5.065103	-1.159245
-5.072052	-1.140294
-5.079000	-1.129239
-5.099847	-1.160193
-5.109323	-1.202202
-5.125431	-1.206624
-5.139960	-1.247053
-5.161438	-1.185145
-5.182285	-1.189883
-5.198078	-1.189252
-5.220188	-1.202202
-5.238191	-1.202833
-5.255248	-1.163352
-5.293150	-1.163667
-5.296940	-1.159877
-5.344950	-1.168721
-5.359479	-1.194305
-5.382853	-1.165878
-5.420124	-1.203465
-5.447287	-1.178828
-5.482978	-1.205360
-5.506668	-1.252423
-5.539201	-1.237893
-5.578367	-1.266004
-5.598897	-1.221785
-5.641538	-1.247369
-5.670280	-1.287798
-5.703445	-1.284956
-5.747981	-1.310224
-5.777987	-1.295695
-5.815889	-1.282113
-5.849370	-1.300432
-5.890747	-1.309908
-5.923595	-1.318120
-5.959603	-1.290641
-6.011403	-1.302012
-6.034776	-1.284640
-6.079628	-1.300748
-6.123531	-1.325701
-6.153222	-1.333281
-6.199653	-1.368973
-6.230922	-1.337703
-6.284933	-1.355707
-6.306727	-1.350653
-6.355053	-1.357602
-6.395483	-1.364551
-6.425173	-1.333281
-6.476973	-1.318436
-6.502241	-1.324121
-6.553094	-1.336124
-6.583416	-1.380028
-6.613422	-1.368973
-6.668381	-1.410034
-6.692386	-1.405612
-6.736605	-1.392030
-6.773244	-1.436250
-6.804514	-1.431512
-6.844627	-1.444146
-6.865790	-1.413193
-6.923275	-1.402138
-6.945385	-1.421089
-6.969706	-1.450148
-7.012662	-1.509212
-7.037299	-1.520583
-7.067305	-1.513003
-7.099838	-1.509528
-7.136793	-1.504790
-7.157323	-1.497842
-7.189857	-1.477627
-7.221126	-1.497210
-7.236287	-1.458676
-7.256818	-1.443830
-7.289351	-1.483628
-7.304512	-1.489945
-7.328516	-1.506685
-7.345889	-1.484892
-7.378422	-1.472573
-7.380001	-1.454885
-7.404638	-1.484260
-7.429590	-1.512371
-7.426432	-1.491209
-7.452648	-1.499105
-7.462123	-1.475732
-7.476968	-1.478890
-7.487391	-1.539534
-7.494340	-1.535744
-7.509817	-1.557222
-7.503816	-1.532586
-7.514871	-1.472257
-7.526242	-1.497842
-7.515187	-1.492788
-7.531927	-1.507317
-7.527821	-1.507001
-7.529084	-1.500368
-7.518661	-1.514898
-7.515819	-1.511739
-7.522451	-1.555643
-7.507290	-1.550273
-7.501289	-1.522794
-7.498446	-1.523110
-7.483917	-1.472889
-7.475073	-1.500368
-7.472547	-1.526584
-7.456122	-1.545851
-7.433381	-1.524689
-7.421694	-1.481733
-7.408112	-1.506054
-7.384739	-1.531006
-7.369262	-1.534796
-7.349363	-1.513950
-7.335150	-1.468151
-7.301985	-1.431828
-7.285561	-1.415088
-7.271031	-1.440988
-7.238182	-1.456780
-7.216073	-1.444462
-7.181960	-1.428038
-7.165220	-1.380975
-7.132055	-1.423300
-7.098575	-1.432144
-7.076781	-1.435618
-7.036983	-1.446673
-7.005713	-1.400874
-6.978550	-1.416983
-6.940016	-1.393925
-6.924223	-1.403401
-6.877161	-1.394873
-6.842732	-1.372763
-6.811463	-1.372447
-6.767559	-1.363287
-6.736921	-1.374974
-6.693017	-1.392346
-6.661432	-1.387608
-6.623529	-1.410666
-6.593207	-1.384134
-6.549304	-1.409402
-6.505084	-1.418246
-6.474130	-1.422036
-6.428963	-1.400242
-6.393587	-1.348758
-6.353789	-1.340862
-6.308938	-1.321595
-6.287460	-1.346863
-6.230290	-1.325385
-6.199337	-1.309908
-6.164277	-1.293168
-6.117215	-1.243579
-6.079944	-1.278007
-6.034145	-1.276743
-6.010456	-1.284640
-5.959603	-1.279902
-5.926123	-1.232840
-5.894537	-1.286535
-5.842737	-1.316857
-5.816837	-1.311172
-5.782093	-1.337072
-5.735662	-1.294431
-5.708183	-1.287482
-5.670280	-1.250843
-5.644696	-1.261266
-5.608057	-1.245474
-5.567312	-1.218626
-5.543307	-1.224311
-5.510458	-1.190199
-5.480452	-1.202833
-5.450761	-1.229997
-5.422966	-1.241052
-5.389485	-1.246737
-5.357584	-1.208203
-5.343371	-1.217994
-5.306100	-1.219258
-5.288096	-1.198411
-5.255879	-1.186409
-5.237559	-1.177249
-5.223978	-1.164299
-5.198393	-1.164931
-5.185128	-1.203781
-5.157964	-1.203781
-5.143119	-1.185145
-5.129537	-1.191778
-5.103005	-1.146927
-5.096688	-1.126397
-5.077421	-1.147559
-5.071104	-1.160825
-5.061628	-1.187356
-5.048363	-1.179776
-5.054996	-1.197780
-5.035097	-1.208203
-5.030991	-1.197780
-5.039834	-1.223364
-5.022779	-1.187672
-5.025305	-1.168089
-5.021199	-1.128608
-5.027200	-1.143769
-5.024358	-1.155139
-5.029096	-1.139978
-5.041098	-1.166510
-5.031622	-1.152297
-5.050258	-1.142189
-5.053101	-1.169353
-5.062892	-1.166194
-5.072052	-1.169984
-5.079317	-1.150086
-5.098584	-1.136188
-5.110902	-1.157666
-5.125747	-1.187356
-5.148804	-1.211677
-5.150383	-1.201570
-5.186391	-1.199675
-5.195867	-1.180724
-5.217977	-1.219574
-5.238507	-1.238841
-5.259354	-1.229049
-5.289360	-1.258424
-5.299467	-1.220521
-5.343371	-1.195253
-5.356953	-1.219258
-5.389802	-1.207571
-5.417912	-1.238841
-5.452025	-1.219258
-5.486453	-1.211993
-5.500035	-1.204413
-5.538253	-1.209782
-5.575208	-1.243579
-5.596370	-1.215783
-5.639327	-1.246421
-5.667753	-1.217363
-5.704392	-1.232524
-5.741663	-1.274217
-5.773880	-1.273901
-5.819995	-1.276743
-5.847159	-1.259055
-5.893273	-1.236946
-5.922332	-1.278323
-5.963709	-1.288114
-6.009508	-1.318120
-6.036672	-1.335492
-6.073627	-1.322226
-6.115951	-1.321911
-6.160171	-1.332965
-6.195862	-1.368025
-6.231870	-1.342125
-6.286512	-1.349390
-6.308938	-1.315593
-6.352526	-1.320963
-6.394219	-1.349390
-6.427383	-1.362024
-6.480447	-1.367078
-6.503820	-1.351917
-6.554673	-1.346231
-6.585311	-1.352864
-6.624477	-1.363287
-6.672171	-1.398347
-6.693017	-1.379080
-6.736605	-1.347179
-6.774824	-1.346547
-6.810515	-1.318436
-6.844627	-1.362024
-6.868001	-1.369605
-6.921696	-1.422984
-6.941279	-1.416351
-6.974444	-1.395189
-7.020558	-1.432775
-7.030350	-1.454254
-7.071727	-1.443515
-7.101101	-1.449832
-7.131423	-1.421721
-7.154797	-1.441935
-7.181328	-1.451727
-7.217968	-1.491209
-7.240709	-1.503211
-7.261556	-1.480154
-7.288719	-1.467835
-7.307039	-1.456780
-7.331675	-1.463098
-7.351258	-1.448568
-7.377158	-1.452990
-7.380949	-1.450463
-7.399268	-1.429617
-7.426747	-1.480785
-7.430853	-1.511739
-7.454543	-1.519636
-7.461807	-1.528795
-7.483601	-1.501316
-7.476968	-1.496262
-7.496867	-1.501316
-7.510133	-1.556906
-7.499078	-1.570804
-7.518029	-1.553748
-7.523399	-1.542061
-7.512660	-1.506054
-7.526242	-1.543009
-7.518977	-1.533849
-7.527505	-1.560381
-7.515502	-1.542061
-7.516450	-1.486787
-7.519925	-1.508581
-7.500341	-1.507317
-7.504764	-1.497210
-7.494340	-1.505422
-7.486760	-1.491840
