# Configuration automatically generated by WRITE_CONFIG()
connection eth
ip 192.168.0.10
samplehz 1000.000000
settleus 10.000000
nsample 128

# Analog Inputs
aichannel 0
ainegative 199
airange 10.000000
airesolution 0

aichannel 1
ainegative 199
airange 10.000000
airesolution 0

# Analog Outputs
aochannel 0
aosignal sine
aofrequency 5.000000
aoamplitude 0.250000
aooffset 1.250000
aoduty 0.500000

# Meta Parameters
int:periods 10
flt:plate_Thigh_C 359.360117
flt:plate_Tlow_C 184.832936
flt:plate_Q_kW 1.066975
flt:plate_Tpeak_C 1173.478879
flt:cool_Thigh_C 76.378418
flt:cool_Tlow_C 21.570643
flt:air_psig 70.000000
flt:water_gph 2.200000
flt:cool_Q_kW 0.000000
flt:standoff_in 0.500000
flt:oxygen_scfh 12.930031
flt:fuel_scfh 7.042875
flt:flow_scfh 19.972906
flt:ratio_fto 0.544691

## End Configuration ##
#: Thu Jul 21 19:06:45 2016
-6.949175	-2.462461
-6.281775	-2.343384
-6.230290	-2.331382
-6.202179	-2.292532
-6.162382	-2.270738
-6.113740	-2.239468
-6.082786	-2.267263
-6.042041	-2.295374
-6.006033	-2.272317
-5.962761	-2.250207
-5.928965	-2.190826
-5.895484	-2.200302
-5.849686	-2.225570
-5.810520	-2.220201
-5.790621	-2.223675
-5.735346	-2.177245
-5.713236	-2.138079
-5.667438	-2.169664
-5.639327	-2.179771
-5.617217	-2.198723
-5.569839	-2.176297
-5.542675	-2.134289
-5.508879	-2.114074
-5.474134	-2.093859
-5.460869	-2.158293
-5.409384	-2.145659
-5.399593	-2.113758
-5.370534	-2.097965
-5.333579	-2.060694
-5.311470	-2.077119
-5.286517	-2.103019
-5.254300	-2.089121
-5.243876	-2.096070
-5.214502	-2.034163
-5.205342	-2.054377
-5.173757	-2.083436
-5.157964	-2.070802
-5.154806	-2.090069
-5.127642	-2.049955
-5.117219	-2.029425
-5.095109	-2.020265
-5.084370	-2.033215
-5.071420	-2.063221
-5.060365	-2.031636
-5.053101	-2.018054
-5.050574	-2.030688
-5.037940	-2.011421
-5.037940	-2.021844
-5.029727	-2.039848
-5.031622	-2.033215
-5.024673	-2.015527
-5.027200	-2.023739
-5.025937	-2.043006
-5.022779	-2.038584
-5.030991	-2.032583
-5.042993	-2.043638
-5.045836	-2.029741
-5.052153	-2.038269
-5.049310	-2.019001
-5.072368	-2.045849
-5.068262	-2.050587
-5.075526	-2.016475
-5.108375	-2.041427
-5.115955	-2.067327
-5.118166	-2.022792
-5.151647	-2.055641
-5.159227	-2.037953
-5.181022	-2.069538
-5.203447	-2.076171
-5.215765	-2.075855
-5.248930	-2.084068
-5.252405	-2.071749
-5.290623	-2.073644
-5.313365	-2.109020
-5.338633	-2.101124
-5.368008	-2.113126
-5.387275	-2.086594
-5.422019	-2.087858
-5.447287	-2.118812
-5.483610	-2.132709
-5.513932	-2.170612
-5.536042	-2.141869
-5.581209	-2.128287
-5.604582	-2.131130
-5.636800	-2.157978
-5.682914	-2.213252
-5.704392	-2.212936
-5.745138	-2.205356
-5.776407	-2.183562
-5.811783	-2.172507
-5.858530	-2.236941
-5.883166	-2.238520
-5.939704	-2.252102
-5.962761	-2.250523
-6.000032	-2.195564
-6.038883	-2.239152
-6.077733	-2.284635
-6.123216	-2.299480
-6.156381	-2.317484
-6.200284	-2.263789
-6.244188	-2.270738
-6.267561	-2.287794
-6.317151	-2.323485
-6.365160	-2.383814
-6.392955	-2.370232
-6.434017	-2.331697
-6.475709	-2.334856
-6.510769	-2.342121
-6.553094	-2.404028
-6.580573	-2.397079
-6.633005	-2.396764
-6.668381	-2.378760
-6.691754	-2.365810
-6.741343	-2.415083
-6.770718	-2.462461
-6.810831	-2.459303
-6.844627	-2.440983
-6.874634	-2.429297
-6.913800	-2.438141
-6.945701	-2.454249
-6.978550	-2.499100
-7.013926	-2.526264
-7.034140	-2.477307
-7.073938	-2.495942
-7.100154	-2.496574
-7.135845	-2.506681
-7.165220	-2.536371
-7.185434	-2.513946
-7.222705	-2.524685
-7.238182	-2.531318
-7.266925	-2.512998
-7.294088	-2.565430
-7.305459	-2.560692
-7.340835	-2.552480
-7.344309	-2.548690
-7.378737	-2.560376
-7.386318	-2.563535
-7.398636	-2.555323
-7.425168	-2.586276
-7.434644	-2.588171
-7.453595	-2.568273
-7.471599	-2.612492
-7.465281	-2.572063
-7.489603	-2.585329
-7.495920	-2.594489
-7.500658	-2.583750
-7.510449	-2.618494
-7.514239	-2.604596
-7.526242	-2.585013
-7.518029	-2.604280
-7.521188	-2.574274
-7.534770	-2.614072
-7.522136	-2.620073
-7.521504	-2.596068
-7.521188	-2.582486
-7.510449	-2.572063
-7.515502	-2.603648
-7.500341	-2.605543
-7.504132	-2.625442
-7.483285	-2.606175
-7.474126	-2.551217
-7.469704	-2.548374
-7.457069	-2.579643
-7.434644	-2.590067
-7.420746	-2.599858
-7.406217	-2.561955
-7.392635	-2.556586
-7.360418	-2.524685
-7.355364	-2.564167
-7.339888	-2.610597
-7.301669	-2.572379
-7.293773	-2.542057
-7.264714	-2.506049
-7.237551	-2.506049
-7.217652	-2.554059
-7.187962	-2.542688
-7.166483	-2.557218
-7.127949	-2.503206
-7.098575	-2.427717
-7.081203	-2.475727
-7.032245	-2.516788
-7.013610	-2.495310
-6.978866	-2.509840
-6.952018	-2.452354
-6.915379	-2.432771
-6.871791	-2.427717
-6.855998	-2.477307
-6.815569	-2.488677
-6.762821	-2.434982
-6.746081	-2.390446
-6.701545	-2.383814
-6.664590	-2.393289
-6.626056	-2.428665
-6.586890	-2.421084
-6.548988	-2.384761
-6.504768	-2.332645
-6.477604	-2.317800
-6.439070	-2.350017
-6.392640	-2.351280
-6.348736	-2.359493
-6.313992	-2.324433
-6.283670	-2.298849
-6.236923	-2.296638
-6.196810	-2.289373
-6.162066	-2.318748
-6.115635	-2.298533
-6.076785	-2.246417
-6.041725	-2.269158
-5.997190	-2.232835
-5.970026	-2.254313
-5.922648	-2.255893
-5.888852	-2.209146
-5.856950	-2.212620
-5.809572	-2.187352
-5.778934	-2.177245
-5.738189	-2.196512
-5.706919	-2.188931
-5.685125	-2.189879
-5.628903	-2.163347
-5.609636	-2.156082
-5.577419	-2.155451
-5.538253	-2.144396
-5.515827	-2.141553
-5.475714	-2.123549
-5.453604	-2.127024
-5.414754	-2.117232
-5.391065	-2.083436
-5.373061	-2.111231
-5.336738	-2.093227
-5.308311	-2.075855
-5.294414	-2.094807
-5.259985	-2.068907
-5.245772	-2.057852
-5.211659	-2.048692
-5.210396	-2.065748
-5.179758	-2.079014
-5.156701	-2.061326
-5.153226	-2.055009
-5.127326	-2.046165
-5.111849	-2.022476
-5.101742	-2.045849
-5.084054	-2.045218
-5.070788	-2.066696
-5.061313	-2.016475
-5.061313	-2.003840
-5.053732	-2.019001
-5.031306	-2.027530
-5.041730	-2.027845
-5.030359	-2.049324
-5.026885	-2.003840
-5.022779	-2.003209
-5.021831	-1.998787
-5.029727	-2.044270
-5.017725	-2.079014
-5.025937	-2.030372
-5.041730	-2.033847
-5.031622	-1.992470
-5.055943	-1.996892
-5.054996	-2.057852
-5.061313	-2.045533
-5.077421	-2.056904
-5.081212	-2.010158
-5.097952	-1.991206
-5.117535	-2.054377
-5.114376	-2.060063
-5.154174	-2.084383
-5.160491	-2.074908
-5.191445	-2.019949
-5.202184	-2.043638
-5.216082	-2.072065
-5.247035	-2.102387
-5.258722	-2.111231
-5.286201	-2.092280
-5.305152	-2.071118
-5.332316	-2.061010
-5.371482	-2.111547
-5.384748	-2.137447
-5.416965	-2.137131
-5.456131	-2.127340
-5.483926	-2.117232
-5.514248	-2.126708
-5.538253	-2.151029
-5.572681	-2.170928
-5.609636	-2.195564
-5.634589	-2.142185
-5.678176	-2.174402
-5.705024	-2.194932
-5.740400	-2.201566
-5.781777	-2.236625
-5.813046	-2.219569
-5.851265	-2.217042
-5.881903	-2.219885
-5.931176	-2.204724
-5.964341	-2.276107
-5.993400	-2.270422
-6.044252	-2.238205
-6.084682	-2.276107
-6.111213	-2.278634
-6.163013	-2.283688
-6.197757	-2.314326
-6.240714	-2.323169
-6.274826	-2.314326
-6.311465	-2.315905
-6.362318	-2.345279
-6.398957	-2.354755
-6.429279	-2.364231
-6.479500	-2.375285
-6.509506	-2.369916
-6.548988	-2.387920
-6.591312	-2.378128
-6.627004	-2.382866
-6.663327	-2.414136
-6.689543	-2.394237
-6.741027	-2.419505
-6.768191	-2.452986
-6.809252	-2.428665
-6.850313	-2.445721
-6.873686	-2.444773
-6.904640	-2.475411
-6.946332	-2.485835
-6.977918	-2.491204
-7.023085	-2.501943
-7.029087	-2.477622
-7.073306	-2.491520
-7.098575	-2.523737
-7.129844	-2.523737
-7.168694	-2.545847
-7.181960	-2.500996
-7.220494	-2.491520
-7.238498	-2.517420
-7.260292	-2.536371
-7.299142	-2.586276
-7.292509	-2.570168
-7.338308	-2.534476
-7.349047	-2.541425
-7.358207	-2.552796
-7.390424	-2.592593
-7.404322	-2.615967
-7.418851	-2.595120
-7.440961	-2.576801
-7.448225	-2.542057
-7.468756	-2.600806
-7.478863	-2.621652
-7.482654	-2.613124
-7.501921	-2.612808
-7.498446	-2.553427
-7.505711	-2.546163
-7.512976	-2.597015
-7.521504	-2.623547
-7.518977	-2.638708
-7.521820	-2.600806
-7.539507	-2.571747
-7.522767	-2.567957
-7.516450	-2.601121
-7.520872	-2.642498
-7.513608	-2.633655
-7.507922	-2.600490
-7.498762	-2.554059
-7.502868	-2.567641
-7.482654	-2.624179
-7.470651	-2.601121
-7.476968	-2.606807
-7.454543	-2.591014
-7.433064	-2.541425
-7.429274	-2.558797
-7.402111	-2.594805
-7.394846	-2.610281
-7.359155	-2.586592
-7.348732	-2.541425
-7.340519	-2.554691
-7.301037	-2.544899
-7.285561	-2.565746
-7.276717	-2.596068
-7.230602	-2.544584
-7.226180	-2.517420
-7.180381	-2.510471
-7.162377	-2.518999
-7.133318	-2.537635
-7.095732	-2.512998
-7.075517	-2.490888
-7.042037	-2.486782
-7.004766	-2.452986
-6.985498	-2.477938
-6.943174	-2.488993
-6.918853	-2.473200
-6.875581	-2.453933
-6.843364	-2.439404
-6.807673	-2.437193
-6.767243	-2.425506
-6.736605	-2.438456
-6.695860	-2.423295
-6.658905	-2.392973
-6.627319	-2.404344
-6.586258	-2.376233
-6.547724	-2.374022
-6.514244	-2.378444
-6.472551	-2.348438
-6.436543	-2.362967
-6.387902	-2.347174
-6.357264	-2.327591
-6.314939	-2.338331
-6.277668	-2.307061
-6.239766	-2.330118
-6.196494	-2.320959
-6.157959	-2.293795
-6.121321	-2.284003
-6.068889	-2.253366
-6.053096	-2.263473
-5.996874	-2.258419
-5.968447	-2.262841
-5.924859	-2.264105
-5.880323	-2.203461
-5.855371	-2.187352
-5.823786	-2.202197
-5.775776	-2.208199
-5.746717	-2.221148
-5.703129	-2.182298
-5.684178	-2.179456
-5.633009	-2.150713
-5.607425	-2.150081
-5.577419	-2.188300
-5.542043	-2.191774
-5.509826	-2.134289
-5.489295	-2.094807
-5.448550	-2.092911
-5.423282	-2.129551
-5.392328	-2.122602
-5.370534	-2.131130
-5.337369	-2.116916
-5.309574	-2.036374
-5.290623	-2.061326
-5.258090	-2.092596
-5.244508	-2.091648
-5.217977	-2.091964
-5.192708	-2.069222
-5.180390	-2.031636
-5.158912	-2.036690
-5.149752	-2.073644
-5.139013	-2.105862
-5.111534	-2.061326
-5.104269	-2.022476
-5.077737	-2.000366
-5.070788	-2.014264
-5.059733	-2.055957
-5.051521	-2.050587
-5.052153	-2.054377
-5.036360	-2.019317
-5.030991	-1.972255
-5.036676	-2.037005
-5.019620	-2.036690
-5.035413	-2.055641
-5.021199	-2.031320
-5.019304	-2.000998
-5.033517	-2.024055
-5.023410	-2.034478
-5.040466	-2.050903
-5.044888	-2.063853
-5.041730	-2.008262
-5.054680	-2.030056
-5.057207	-2.008894
-5.074579	-2.034163
-5.088161	-2.067327
-5.094162	-2.053746
-5.116903	-2.044270
-5.124484	-2.042691
-5.143751	-2.059115
-5.156069	-2.061958
-5.187023	-2.061958
-5.202184	-2.088805
-5.213239	-2.066696
-5.242613	-2.079962
-5.262828	-2.085963
-5.284622	-2.096070
-5.311470	-2.116916
-5.337369	-2.083752
-5.372114	-2.104914
-5.382853	-2.115653
-5.412859	-2.089437
-5.458658	-2.138395
-5.479188	-2.146607
-5.507615	-2.119443
-5.544254	-2.163979
-5.571733	-2.150397
-5.613111	-2.161452
-5.625113	-2.171243
-5.681967	-2.174718
-5.712605	-2.212936
-5.733767	-2.211041
-5.779250	-2.199039
-5.821890	-2.217674
-5.846843	-2.206619
-5.892326	-2.228097
-5.914752	-2.236941
-5.969079	-2.258735
-6.001927	-2.252418
-6.036040	-2.230940
-6.084997	-2.259683
-6.115319	-2.291900
-6.159539	-2.291584
-6.204706	-2.330118
-6.229343	-2.302639
-6.283670	-2.301060
-6.314939	-2.302007
-6.356948	-2.342752
-6.395483	-2.379708
-6.422962	-2.372759
-6.480763	-2.373075
-6.511717	-2.331697
-6.543934	-2.364862
-6.594471	-2.402765
-6.627635	-2.419189
-6.664590	-2.428033
-6.692070	-2.397395
-6.737553	-2.369600
-6.776403	-2.427402
-6.800092	-2.441615
-6.853787	-2.491204
-6.866106	-2.473516
-6.913484	-2.428981
-6.952018	-2.425506
-6.970022	-2.458987
-7.016452	-2.512366
-7.038878	-2.535108
-7.074885	-2.504154
-7.102365	-2.492783
-7.126370	-2.453617
-7.172801	-2.521526
-7.184487	-2.551532
-7.210703	-2.542688
-7.245763	-2.545215
-7.262187	-2.505733
-7.293773	-2.507629
-7.307670	-2.563535
-7.332307	-2.573010
-7.354417	-2.619441
-7.361050	-2.555323
-7.387581	-2.521526
-7.413797	-2.561640
-7.417588	-2.595120
-7.432433	-2.612176
-7.453595	-2.607439
-7.467177	-2.584697
-7.474442	-2.573958
-7.482654	-2.563219
-7.501605	-2.607754
-7.499394	-2.629864
-7.508870	-2.587856
-7.518345	-2.586908
-7.518977	-2.583434
-7.525926	-2.590067
-7.524031	-2.605543
-7.534138	-2.639972
-7.520556	-2.616598
-7.516766	-2.575222
-7.526242	-2.592909
-7.517398	-2.601121
-7.503184	-2.602385
-7.509185	-2.622916
-7.492129	-2.585013
-7.487076	-2.602069
-7.471915	-2.583750
-7.471283	-2.556586
-7.460860	-2.614703
-7.425800	-2.573010
-7.428958	-2.570168
-7.404322	-2.594489
-7.381896	-2.548374
-7.369262	-2.576169
-7.348415	-2.583118
-7.337992	-2.561640
-7.309249	-2.640603
-7.283350	-2.556270
-7.278296	-2.541425
-7.237551	-2.537951
-7.218599	-2.520579
-7.190172	-2.542688
-7.157008	-2.532581
-7.134266	-2.536056
-7.096048	-2.512366
-7.071411	-2.488993
-7.042037	-2.488993
-7.005713	-2.483939
-6.986762	-2.515209
-6.941595	-2.499100
-6.920433	-2.449511
-6.877792	-2.447932
-6.840206	-2.444142
-6.815253	-2.454881
-6.771349	-2.459303
-6.735973	-2.437825
-6.698703	-2.420453
-6.662379	-2.358545
-6.633005	-2.411293
-6.581837	-2.408450
-6.542039	-2.395184
-6.522456	-2.394237
-6.473183	-2.339278
-6.434649	-2.300112
-6.389797	-2.342437
-6.359475	-2.390446
-6.315255	-2.374654
-6.273247	-2.316221
-6.243240	-2.283372
-6.202179	-2.285267
-6.149432	-2.282108
-6.125427	-2.315273
-6.076469	-2.312746
-6.043621	-2.261894
-6.008561	-2.229992
-5.965289	-2.209778
-5.933071	-2.250839
-5.882535	-2.250523
-5.851897	-2.216727
-5.820311	-2.212936
-5.781777	-2.147870
-5.744190	-2.156082
-5.707867	-2.194617
-5.681651	-2.215147
-5.637432	-2.191458
-5.607110	-2.148502
-5.579314	-2.145659
-5.543939	-2.145343
-5.512353	-2.142817
-5.488664	-2.173139
-5.450446	-2.128287
-5.425177	-2.105862
-5.386011	-2.081857
-5.366744	-2.096386
-5.338633	-2.133025
-5.303257	-2.103651
-5.295045	-2.074276
-5.261564	-2.070802
-5.241666	-2.046165
-5.224926	-2.070802
-5.189549	-2.081541
-5.189549	-2.085647
-5.160175	-2.062905
-5.142488	-2.048692
-5.133959	-2.063221
-5.107111	-2.049639
-5.104585	-2.049324
-5.085318	-2.057536
-5.066366	-2.012369
-5.072368	-2.048060
-5.051205	-2.022476
-5.050258	-2.021528
-5.041414	-2.050903
-5.030043	-2.015211
-5.033202	-2.029741
-5.022779	-2.023423
-5.030359	-2.008894
-5.025937	-2.031320
-5.011724	-2.022476
-5.034149	-2.020897
-5.032254	-2.053114
-5.031938	-2.041427
-5.042046	-2.033531
-5.046783	-2.021528
-5.059418	-2.040480
-5.059418	-2.033847
-5.073315	-2.040480
-5.087529	-2.061642
-5.091003	-2.032268
-5.113745	-2.031004
-5.124799	-2.040796
-5.147541	-2.059431
-5.165229	-2.083752
-5.179126	-2.052482
-5.211028	-2.069538
-5.211344	-2.054061
-5.239770	-2.056273
-5.268829	-2.104282
-5.281463	-2.120707
-5.310838	-2.101755
-5.336738	-2.085647
-5.361059	-2.056273
-5.392960	-2.123234
-5.411280	-2.119759
-5.456447	-2.138710
-5.488980	-2.159241
-5.503509	-2.094491
-5.550571	-2.106493
-5.566048	-2.161768
-5.613426	-2.168717
-5.639958	-2.197144
-5.672175	-2.173139
-5.709130	-2.161768
-5.741032	-2.175034
-5.774512	-2.201566
-5.829787	-2.261578
-5.844632	-2.241047
-5.887272	-2.219569
-5.923912	-2.202829
-5.961498	-2.205356
-6.005086	-2.264421
-6.038883	-2.278634
-6.084050	-2.295058
-6.120057	-2.268527
-6.155433	-2.239784
-6.199968	-2.304850
-6.233133	-2.319063
-6.282406	-2.341805
-6.316519	-2.344332
-6.355053	-2.312746
-6.396746	-2.331066
-6.422646	-2.338331
-6.481395	-2.388867
-6.504768	-2.409714
-6.548988	-2.373706
-6.593207	-2.391078
-6.627951	-2.359493
-6.665854	-2.382866
-6.700282	-2.434666
-6.729025	-2.439404
-6.778298	-2.436245
-6.803566	-2.425190
-6.850313	-2.448880
-6.874949	-2.459934
-6.906851	-2.458039
-6.956124	-2.488361
-6.974760	-2.489941
-7.010767	-2.473832
-7.048354	-2.497205
-7.078360	-2.496574
-7.104260	-2.528475
-7.123527	-2.523737
-7.168063	-2.511419
-7.190172	-2.538898
-7.207544	-2.509524
-7.241972	-2.516788
-7.267241	-2.567009
-7.289035	-2.533844
-7.312092	-2.558165
-7.328833	-2.570484
-7.352521	-2.563851
-7.362629	-2.564798
-7.386002	-2.560692
-7.409376	-2.586908
-7.420115	-2.597647
-7.436539	-2.590067
-7.460860	-2.592909
-7.468124	-2.587224
-7.476021	-2.594805
-7.482970	-2.578696
-7.501605	-2.629548
-7.501289	-2.612808
-7.503184	-2.559429
-7.522451	-2.579959
-7.518029	-2.588803
-7.523083	-2.609018
-7.526874	-2.629233
-7.530032	-2.616914
-7.527505	-2.603333
-7.514239	-2.564167
-7.523083	-2.589435
-7.518661	-2.645657
-7.502237	-2.611229
-7.516766	-2.616598
-7.489603	-2.576801
-7.484865	-2.556586
-7.485812	-2.603333
-7.462123	-2.604596
-7.456122	-2.599226
-7.432117	-2.590067
-7.419483	-2.515525
-7.410007	-2.554059
-7.379369	-2.576485
-7.378106	-2.602701
-7.344309	-2.612176
-7.323147	-2.560376
-7.315251	-2.512682
-7.290614	-2.523737
-7.263766	-2.571747
-7.240709	-2.585013
-7.224285	-2.546163
-7.186698	-2.530686
-7.158587	-2.472885
-7.138056	-2.488993
-7.102996	-2.537635
-7.066989	-2.525632
-7.041721	-2.512998
-7.007924	-2.454881
-6.979497	-2.443194
-6.945701	-2.462146
-6.907798	-2.477622
-6.880635	-2.504786
-6.837679	-2.457724
-6.807988	-2.410029
-6.777667	-2.408766
-6.733131	-2.418242
-6.699018	-2.446669
-6.656694	-2.438456
-6.631742	-2.411293
-6.590049	-2.392026
-6.541407	-2.346859
-6.518666	-2.371495
-6.471919	-2.402449
-6.425173	-2.356650
-6.397693	-2.344332
-6.346841	-2.328855
-6.321888	-2.328855
-6.276721	-2.329171
-6.235028	-2.337067
-6.209444	-2.332013
-6.149116	-2.288110
-6.116583	-2.264736
-6.080575	-2.264105
-6.042041	-2.252102
-6.011719	-2.276107
-5.957392	-2.245785
-5.926754	-2.234098
-5.883166	-2.241995
-5.852844	-2.198407
-5.824733	-2.223675
-5.775776	-2.214200
-5.746085	-2.180087
-5.702497	-2.201250
-5.675018	-2.174718
-5.649118	-2.168717
-5.610268	-2.161136
-5.576787	-2.155135
-5.540148	-2.158609
-5.510142	-2.144712
-5.488664	-2.151345
-5.446023	-2.111231
-5.423282	-2.096386
-5.383484	-2.118812
-5.365165	-2.106177
-5.346213	-2.127340
-5.306416	-2.098913
-5.286833	-2.058799
-5.260301	-2.075540
-5.236296	-2.055957
-5.229347	-2.091332
-5.192077	-2.104282
-5.183232	-2.055957
-5.170599	-2.061958
-5.139013	-2.040164
-5.123852	-2.053746
-5.116903	-2.078382
-5.098584	-2.055009
-5.082791	-2.055957
-5.064471	-1.990259
-5.073947	-2.014580
-5.053101	-2.054693
-5.039834	-2.043638
-5.049626	-2.043954
-5.036044	-2.032899
-5.024990	-1.979836
-5.027832	-2.005420
-5.018988	-2.043322
-5.027516	-2.062589
-5.017409	-2.036058
-5.033517	-2.014264
-5.032570	-2.011105
-5.033517	-2.020581
-5.045520	-2.051219
-5.057838	-2.054061
-5.061313	-2.049639
-5.061313	-2.010473
-5.073947	-1.982678
-5.097004	-2.047113
-5.090055	-2.064485
-5.112165	-2.055957
-5.132064	-2.079014
-5.142803	-2.023423
-5.162702	-2.020581
-5.174073	-2.056273
-5.200604	-2.096702
-5.220503	-2.109968
-5.235349	-2.069854
-5.269461	-2.070170
-5.286201	-2.095123
-5.308943	-2.083436
-5.349056	-2.137447
-5.354742	-2.120391
-5.394223	-2.098597
-5.419492	-2.103335
-5.447603	-2.101124
-5.486769	-2.144080
-5.506352	-2.162084
-5.544886	-2.138395
-5.574576	-2.144712
-5.603319	-2.137447
-5.641222	-2.167769
-5.668385	-2.193985
-5.711026	-2.209778
-5.744190	-2.202829
-5.779566	-2.204724
-5.821259	-2.220517
-5.846527	-2.307693
-5.898327	-2.241047
-5.927386	-2.257156
-5.959287	-2.222728
-6.008561	-2.251471
-6.045516	-2.266632
-6.076785	-2.263473
-6.121321	-2.298217
-6.156065	-2.284951
-6.208180	-2.314957
-6.229975	-2.309904
-6.280195	-2.315589
-6.317782	-2.331382
-6.344630	-2.334224
-6.399589	-2.339594
-6.432753	-2.375917
-6.477921	-2.373390
-6.513612	-2.378444
-6.543618	-2.360756
-6.596682	-2.399606
-6.616580	-2.401186
-6.662064	-2.392342
-6.711968	-2.440351
-6.731552	-2.422664
-6.768191	-2.409398
-6.816516	-2.441615
-6.841785	-2.450775
-6.878740	-2.488677
-6.905588	-2.483624
-6.956440	-2.468778
-6.981709	-2.467515
-7.000976	-2.460566
-7.047722	-2.500048
-7.078991	-2.541109
-7.096679	-2.521526
-7.127317	-2.511419
-7.163640	-2.482360
-7.189225	-2.512366
-7.212914	-2.545847
-7.241972	-2.555954
-7.272611	-2.569220
-7.283034	-2.521210
-7.309566	-2.499100
-7.327253	-2.559745
-7.351258	-2.590067
-7.367682	-2.607754
-7.386318	-2.576485
-7.408428	-2.555007
-7.426432	-2.530054
-7.433381	-2.579328
-7.462123	-2.638077
-7.460544	-2.617862
-7.485180	-2.610913
-7.482654	-2.559113
-7.494656	-2.553427
-7.506027	-2.614388
-7.507290	-2.620389
-7.516450	-2.627022
-7.524662	-2.617862
-7.516134	-2.543004
-7.529716	-2.598279
-7.518345	-2.615335
-7.531295	-2.635234
-7.524662	-2.642183
-7.514871	-2.591646
-7.512660	-2.567325
-7.507290	-2.582486
-7.502237	-2.609650
-7.494972	-2.638077
-7.487391	-2.590698
-7.484865	-2.585645
-7.469072	-2.575222
-7.450437	-2.543952
-7.438750	-2.598595
-7.422009	-2.600806
-7.404322	-2.578380
-7.382212	-2.554059
-7.369262	-2.551217
-7.345889	-2.570484
-7.320936	-2.570168
-7.310829	-2.578380
-7.291246	-2.557534
-7.262819	-2.537003
-7.238498	-2.532265
-7.211335	-2.533529
-7.189225	-2.559745
-7.157640	-2.518368
-7.135845	-2.489309
-7.109630	-2.519315
-7.066041	-2.477938
-7.044879	-2.468778
-7.013294	-2.509208
-6.982340	-2.475727
-6.952334	-2.478254
-6.905903	-2.466252
-6.885689	-2.462146
-6.843048	-2.463409
-6.804830	-2.429612
-6.781773	-2.438141
-6.736921	-2.442878
-6.698387	-2.405292
-6.662695	-2.412241
-6.626688	-2.389815
-6.595734	-2.389499
-6.537617	-2.374970
-6.512349	-2.374654
-6.476973	-2.383182
-6.427700	-2.318748
-6.406221	-2.326012
-6.354737	-2.335172
-6.312413	-2.318432
-6.283670	-2.357598
-6.231238	-2.326012
-6.199337	-2.282740
-6.156065	-2.272949
-6.119110	-2.268527
-6.086576	-2.295374
-6.033829	-2.278634
-6.013930	-2.265368
-5.960235	-2.229045
-5.924859	-2.188300
-5.890431	-2.215463
-5.851265	-2.231572
-5.819679	-2.229361
-5.773880	-2.204092
-5.746717	-2.150397
-5.711973	-2.155451
-5.665226	-2.155766
-5.645012	-2.195880
-5.605530	-2.199670
-5.569839	-2.151660
-5.544570	-2.110599
-5.511721	-2.121023
-5.487716	-2.138395
-5.449498	-2.159557
-5.422334	-2.124813
-5.393592	-2.123865
-5.355689	-2.040164
-5.340212	-2.053430
-5.314312	-2.118180
-5.280832	-2.104598
-5.261564	-2.090701
-5.241666	-2.061958
-5.218292	-2.013948
-5.201236	-2.055641
-5.177863	-2.064801
-5.168072	-2.089121
-5.148489	-2.091332
-5.121957	-2.017738
-5.115955	-2.017107
-5.090055	-2.034478
-5.085633	-2.061958
-5.071420	-2.065432
-5.063208	-2.034478
-5.053101	-2.020897
-5.043309	-2.001314
-5.046783	-2.013632
-5.037308	-2.053430
-5.025305	-2.031636
-5.036992	-2.020581
-5.017725	-2.003840
-5.024673	-2.005104
-5.019304	-2.016475
-5.031938	-2.037321
-5.036360	-2.056588
-5.027832	-2.017738
-5.046152	-2.014895
-5.048363	-2.025319
-5.047415	-2.019633
-5.070157	-2.055009
-5.067630	-2.028477
-5.084686	-2.031952
-5.102374	-2.046797
-5.108691	-2.018370
-5.137434	-2.055325
-5.135854	-2.074908
-5.169651	-2.035742
-5.180706	-2.080277
-5.190181	-2.065116
-5.229979	-2.075540
-5.242297	-2.099860
-5.258406	-2.083120
-5.290623	-2.100492
-5.304205	-2.096070
-5.344950	-2.114074
-5.359479	-2.093227
-5.389485	-2.092280
-5.428651	-2.127971
-5.446655	-2.128603
-5.478872	-2.133341
-5.512669	-2.146923
-5.539516	-2.135236
-5.572997	-2.154187
-5.606793	-2.151660
-5.646907	-2.188616
-5.672175	-2.202513
-5.700603	-2.176297
-5.747981	-2.192722
-5.777039	-2.197459
-5.816837	-2.219569
-5.855687	-2.243258
-5.890115	-2.246733
-5.926754	-2.244838
-5.958340	-2.209146
-6.012667	-2.231572
-6.042357	-2.283056
-6.071732	-2.283372
-6.125742	-2.310220
-6.155433	-2.292216
-6.200916	-2.258103
-6.234396	-2.292532
-6.283038	-2.318432
-6.321572	-2.371811
-6.338944	-2.362651
-6.396746	-2.316852
-6.440018	-2.317800
-6.464970	-2.350965
-6.519929	-2.395816
-6.544881	-2.416662
-6.589417	-2.397711
-6.623213	-2.379708
-6.656378	-2.345595
-6.706283	-2.404660
-6.735342	-2.464988
-6.769138	-2.437509
-6.815569	-2.464041
-6.840206	-2.422980
-6.878740	-2.404660
-6.913168	-2.467515
-6.944753	-2.491836
-6.979497	-2.513946
-7.006977	-2.483939
-7.041089	-2.461830
-7.073938	-2.485835
-7.101417	-2.508260
-7.135214	-2.553743
-7.156060	-2.558165
-7.186382	-2.506681
-7.217020	-2.499100
-7.241657	-2.500364
-7.271031	-2.555639
-7.286824	-2.575853
-7.310829	-2.567957
-7.329148	-2.555639
-7.346205	-2.522474
-7.376842	-2.557849
-7.378106	-2.582486
-7.405901	-2.597015
-7.428327	-2.595436
-7.431485	-2.567325
-7.461492	-2.584697
-7.464334	-2.586908
-7.485497	-2.600490
-7.485812	-2.636813
-7.487391	-2.576169
-7.506975	-2.581854
-7.509817	-2.597963
-7.508554	-2.575853
-7.523399	-2.614388
-7.515819	-2.609650
-7.531927	-2.600174
-7.521820	-2.608386
-7.524346	-2.587540
-7.530663	-2.605543
-7.517398	-2.628601
-7.507922	-2.597647
-7.513923	-2.608386
-7.500026	-2.603017
-7.494972	-2.593857
-7.482022	-2.585960
-7.483917	-2.596068
-7.463071	-2.587224
-7.450752	-2.585645
-7.442225	-2.592593
-7.420746	-2.618809
-7.404638	-2.561324
-7.391372	-2.571115
-7.366419	-2.565114
-7.348732	-2.589751
-7.324727	-2.572379
-7.312724	-2.542688
-7.293457	-2.556586
-7.260608	-2.531318
-7.243868	-2.556586
-7.218284	-2.566377
-7.192068	-2.536371
-7.161429	-2.520579
-7.130476	-2.482676
-7.109945	-2.505418
-7.067621	-2.509208
-7.040142	-2.499416
-7.014557	-2.513314
-6.977602	-2.449827
-6.957704	-2.435614
-6.903377	-2.469094
-6.877476	-2.472885
-6.849681	-2.487730
-6.800092	-2.460250
-6.782088	-2.410661
-6.737869	-2.392973
-6.687963	-2.398975
-6.672802	-2.460566
-6.614686	-2.422980
-6.596366	-2.402133
-6.549304	-2.356966
-6.505400	-2.335172
-6.479500	-2.376233
-6.430858	-2.389183
-6.397062	-2.364547
-6.350631	-2.346543
-6.311465	-2.274528
-6.282722	-2.310535
-6.232185	-2.340857
-6.200284	-2.327591
-6.158591	-2.325381
-6.118794	-2.283688
-6.076153	-2.239784
-6.041725	-2.231888
-6.006981	-2.272633
-5.955181	-2.288110
-5.923595	-2.242627
-5.898327	-2.221148
-5.844316	-2.209462
-5.814626	-2.184509
-5.785883	-2.214200
-5.741347	-2.211357
-5.710710	-2.207251
-5.669964	-2.153556
-5.644064	-2.146923
-5.615322	-2.181035
-5.566680	-2.169980
-5.548676	-2.167453
-5.513617	-2.167769
-5.479820	-2.110915
-5.458658	-2.110284
-5.420124	-2.112494
-5.392960	-2.134289
-5.360111	-2.124813
-5.342107	-2.078698
-5.318734	-2.093859
-5.282095	-2.085963
-5.259669	-2.066380
-5.246719	-2.111547
-5.216397	-2.075224
-5.200921	-2.062589
-5.183232	-2.073960
-5.163018	-2.065116
-5.141540	-2.072065
-5.127642	-2.058167
-5.115008	-2.042059
-5.098584	-2.051219
-5.083423	-2.027845
-5.072368	-2.046165
-5.061944	-2.028161
-5.053732	-2.037321
-5.039203	-2.036058
-5.040466	-2.034794
-5.039203	-2.049955
-5.021199	-1.998471
-5.038571	-2.025950
-5.018988	-2.015527
-5.022147	-2.021213
-5.025305	-2.054693
-5.025621	-2.033531
-5.035097	-2.020897
-5.032886	-2.036690
-5.036360	-1.997839
-5.054048	-2.049324
-5.041730	-2.035110
-5.073947	-2.038900
-5.063208	-2.035426
-5.078053	-2.000366
-5.102374	-2.029741
-5.117851	-2.061642
-5.128274	-2.058799
-5.142488	-2.064485
-5.157648	-2.023108
-5.191445	-2.051219
-5.195235	-2.063853
-5.219556	-2.090385
-5.248930	-2.121970
-5.255248	-2.093543
-5.285885	-2.059431
-5.313996	-2.078382
-5.341792	-2.117548
-5.365165	-2.144712
-5.389170	-2.128287
-5.424545	-2.126708
-5.443181	-2.092596
-5.478557	-2.097018
-5.516775	-2.158609
-5.539201	-2.179771
-5.567944	-2.183878
-5.608057	-2.154503
-5.642801	-2.126392
-5.672175	-2.169348
-5.699023	-2.192406
-5.747664	-2.234098
-5.779566	-2.245469
-5.813046	-2.187352
-5.856003	-2.194617
-5.884746	-2.217042
-5.930860	-2.260946
-5.962130	-2.276423
-6.010456	-2.266316
-6.052464	-2.257156
-6.069836	-2.240731
-6.118162	-2.267895
-6.162382	-2.334856
-6.199021	-2.312746
-6.242609	-2.316537
-6.268825	-2.304850
-6.322204	-2.297269
-6.352842	-2.353176
-6.390429	-2.363915
-6.440650	-2.390446
-6.467497	-2.374970
-6.509190	-2.343068
-6.548988	-2.374022
-6.585627	-2.379708
-6.632689	-2.412556
-6.661432	-2.420768
-6.700598	-2.398659
-6.738501	-2.415083
-6.768822	-2.415083
-6.816833	-2.446353
-6.845259	-2.474148
-6.877476	-2.445405
-6.914115	-2.473516
-6.934962	-2.476675
-6.978550	-2.471621
-7.015821	-2.498785
-7.042668	-2.506049
-7.079308	-2.502259
-7.107103	-2.502575
-7.137741	-2.531318
-7.153533	-2.508260
-7.193963	-2.514577
-7.224600	-2.539214
-7.236919	-2.536687
-7.263451	-2.552164
-7.292193	-2.560061
-7.302932	-2.541741
-7.335782	-2.573326
-7.346205	-2.543952
-7.379685	-2.577748
-7.382843	-2.604912
-7.396741	-2.561008
-7.427695	-2.567325
-7.439066	-2.584381
-7.446014	-2.576801
-7.474126	-2.615019
-7.475705	-2.607754
-7.490550	-2.592593
-7.487708	-2.570484
-7.506027	-2.554691
-7.518029	-2.608070
-7.507922	-2.625442
-7.522767	-2.616914
-7.524662	-2.621020
-7.528137	-2.569536
-7.525294	-2.585645
-7.524346	-2.612808
-7.524662	-2.632707
-7.522767	-2.627969
-7.511396	-2.581223
-7.509501	-2.560376
-7.492129	-2.579643
-7.499710	-2.604280
-7.487391	-2.622600
-7.477916	-2.609018
-7.464334	-2.574906
-7.450752	-2.523105
-7.441908	-2.554691
-7.424537	-2.610913
-7.399584	-2.586908
-7.396741	-2.604596
-7.366103	-2.546163
-7.355680	-2.515841
-7.331991	-2.557849
-7.304196	-2.577748
-7.293773	-2.579643
-7.260292	-2.551217
-7.242604	-2.493099
-7.217968	-2.509208
-7.176907	-2.500996
-7.173748	-2.558165
-7.130792	-2.545215
-7.099838	-2.488993
-7.074570	-2.467199
-7.035088	-2.444773
-7.013294	-2.474148
-6.979182	-2.499732
-6.952334	-2.477938
-6.917274	-2.469094
-6.870528	-2.418242
-6.854103	-2.424243
-6.811147	-2.463093
-6.769138	-2.449511
-6.738816	-2.445721
-6.705020	-2.404344
-6.668065	-2.391710
-6.618475	-2.391078
-6.591944	-2.396764
-6.550883	-2.414451
-6.504136	-2.371179
-6.469392	-2.350333
-6.436859	-2.345279
-6.392955	-2.321590
-6.346841	-2.339594
-6.315255	-2.341489
-6.285881	-2.320959
-6.232502	-2.313378
-6.191756	-2.292847
-6.171541	-2.292216
-6.118162	-2.298849
-6.070784	-2.265684
-6.045516	-2.263473
-6.004138	-2.252418
-5.963709	-2.251471
-5.919489	-2.221148
-5.894537	-2.229361
-5.858845	-2.230308
-5.807045	-2.193985
-5.788410	-2.197459
-5.737241	-2.207883
-5.701550	-2.151345
-5.679756	-2.187352
-5.635221	-2.159557
-5.612163	-2.174402
-5.564153	-2.181983
-5.538885	-2.139974
-5.523092	-2.143132
-5.465607	-2.116916
-5.454867	-2.117864
-5.416965	-2.144712
-5.381589	-2.114390
-5.370218	-2.114390
-5.339581	-2.089753
-5.304205	-2.078382
-5.284938	-2.099860
-5.258722	-2.085015
-5.247667	-2.098913
-5.211975	-2.057852
-5.205027	-2.034794
-5.182917	-2.062274
-5.160491	-2.069222
-5.144066	-2.077750
-5.125431	-2.077750
-5.123220	-2.041111
-5.096688	-2.015211
-5.080264	-2.016475
-5.074263	-2.061010
-5.063208	-2.052166
-5.058154	-2.039216
-5.050574	-2.018686
-5.036044	-1.985521
-5.038255	-2.018686
-5.026569	-2.038269
-5.032254	-2.037953
-5.016146	-2.050271
-5.018672	-1.979204
-5.031306	-2.000998
-5.020567	-2.044270
-5.029727	-2.039532
-5.041730	-2.061326
-5.036044	-2.046481
-5.048995	-2.001630
-5.050574	-1.994049
-5.068893	-2.022792
-5.072999	-2.067959
-5.076474	-2.043006
-5.101110	-2.022160
-5.118482	-2.039532
-5.117535	-2.018370
-5.145330	-2.050903
-5.163334	-2.085963
-5.187654	-2.080909
-5.201868	-2.053430
-5.220819	-2.047428
-5.248930	-2.076803
-5.259985	-2.099229
-5.282095	-2.102703
-5.306100	-2.117232
-5.337054	-2.085015
-5.368955	-2.087226
-5.388854	-2.090069
-5.426756	-2.125129
-5.446655	-2.147238
-5.476030	-2.111863
-5.518986	-2.140605
-5.543622	-2.149765
-5.567627	-2.132077
-5.615953	-2.178192
-5.637747	-2.166821
-5.679124	-2.166821
-5.699339	-2.181983
-5.752718	-2.193985
-5.783356	-2.206935
-5.809256	-2.224307
-5.865162	-2.225886
-5.884114	-2.233783
-5.926754	-2.215463
-5.966868	-2.253997
-5.999401	-2.229045
-6.044568	-2.250207
-6.078364	-2.264736
-6.115635	-2.272317
-6.168699	-2.307377
-6.193336	-2.292216
-6.243872	-2.304534
-6.282091	-2.319063
-6.309886	-2.306745
-6.357896	-2.350649
-6.396430	-2.377812
-6.430226	-2.343068
-6.479184	-2.355071
-6.516770	-2.351280
-6.551515	-2.386024
-6.586258	-2.404028
-6.632373	-2.404976
-6.664907	-2.402765
-6.692386	-2.369600
-6.739448	-2.382866
-6.775771	-2.429612
-6.806093	-2.457724
-6.845575	-2.464988
-6.876529	-2.430560
-6.913484	-2.431508
-6.940331	-2.442878
-6.983603	-2.475096
-7.019927	-2.522789
-7.037299	-2.518052
-7.066358	-2.483308
-7.105839	-2.466883
-7.135845	-2.506997
-7.158587	-2.554059
-7.183539	-2.533844
-7.228707	-2.549637
-7.241025	-2.513630
-7.258397	-2.468778
-7.294720	-2.547742
-7.305459	-2.585329
-7.335782	-2.584381
-7.342414	-2.584381
-7.372736	-2.525001
-7.382212	-2.538582
-7.400532	-2.564167
-7.425800	-2.593857
-7.439382	-2.633023
-7.440645	-2.579012
-7.479495	-2.559113
-7.468756	-2.565430
-7.485812	-2.597963
-7.498131	-2.629864
-7.499394	-2.612176
-7.510449	-2.585645
-7.513608	-2.563851
-7.517082	-2.558165
-7.524978	-2.623547
-7.527505	-2.628285
-7.529400	-2.618809
-7.522767	-2.598595
-7.518029	-2.577116
-7.525610	-2.584065
-7.508554	-2.607754
-7.512344	-2.633655
-7.490550	-2.604596
-7.499394	-2.570484
-7.483917	-2.600174
-7.473810	-2.567641
-7.470019	-2.596699
-7.453595	-2.602069
-7.427063	-2.566062
-7.427695	-2.566377
-7.399900	-2.552164
-7.396110	-2.575853
-7.366103	-2.587224
-7.353469	-2.554059
-7.339888	-2.565430
-7.303564	-2.561640
-7.293773	-2.531949
-7.264714	-2.535740
-7.236919	-2.542372
-7.224600	-2.542372
-7.183224	-2.519947
-7.169642	-2.535108
-7.135214	-2.525632
-7.092889	-2.480149
-7.078991	-2.487414
-7.039194	-2.492152
-7.004450	-2.473200
-6.981709	-2.492783
-6.948860	-2.456144
-6.917906	-2.467515
-6.870528	-2.440667
-6.850313	-2.436245
-6.811147	-2.475727
-6.772297	-2.445721
-6.736921	-2.398027
-6.701861	-2.398659
-6.656378	-2.381287
-6.628583	-2.401501
-6.586575	-2.410977
-6.556568	-2.405607
-6.505715	-2.365178
-6.471603	-2.314010
-6.439386	-2.342121
-6.386322	-2.347490
-6.350947	-2.358861
-6.319046	-2.346859
-6.280511	-2.296322
-6.236608	-2.278318
-6.196494	-2.284951
-6.161750	-2.314641
-6.116267	-2.327907
-6.067626	-2.263789
-6.050885	-2.239784
-5.993715	-2.212620
-5.967499	-2.263473
-5.926754	-2.271054
-5.885061	-2.236310
-5.861056	-2.249259
-5.813994	-2.176297
-5.780198	-2.148186
-5.747981	-2.206935
-5.693969	-2.199670
-5.684494	-2.208199
-5.635221	-2.172507
-5.607425	-2.109020
-5.578051	-2.137763
-5.533515	-2.159873
-5.511405	-2.170612
-5.476030	-2.162084
-5.458973	-2.106809
-5.421703	-2.097333
-5.380326	-2.074276
-5.368955	-2.110599
-5.346529	-2.133025
-5.308627	-2.098597
-5.287780	-2.070170
-5.265355	-2.049955
-5.246403	-2.059115
-5.214818	-2.076487
-5.204079	-2.085963
-5.184812	-2.087226
-5.159227	-2.040480
-5.148804	-2.031636
-5.131433	-2.060694
-5.108059	-2.063221
-5.102058	-2.064801
-5.078369	-2.028793
-5.079632	-2.032899
-5.062576	-2.028793
-5.054680	-2.004156
-5.050889	-2.063221
-5.036044	-2.054377
-5.033834	-2.005104
-5.035728	-2.032268
-5.019304	-2.017107
-5.028464	-2.023108
-5.018988	-2.032268
-5.023726	-2.030372
-5.033517	-2.041743
-5.024990	-2.023739
-5.043309	-2.021528
-5.037940	-2.053746
-5.044257	-2.029741
-5.056259	-2.041427
-5.060681	-2.034794
-5.074579	-2.038269
-5.082159	-2.030056
-5.093530	-2.035742
-5.121641	-2.055325
-5.122904	-2.046165
-5.144698	-2.052482
-5.163650	-2.084699
-5.179442	-2.036058
-5.202500	-2.063853
-5.214186	-2.078066
-5.244193	-2.079330
-5.258722	-2.107441
-5.282095	-2.093543
-5.316839	-2.101124
-5.336738	-2.083436
-5.368323	-2.090069
-5.392960	-2.127656
-5.419492	-2.115653
-5.453604	-2.126076
-5.478240	-2.107441
-5.517723	-2.108704
-5.542991	-2.147870
-5.568891	-2.157978
-5.614058	-2.205987
-5.629851	-2.165242
-5.681651	-2.143448
-5.712605	-2.167769
-5.731872	-2.197144
-5.783672	-2.228413
-5.817153	-2.250207
-5.849054	-2.225255
-5.885693	-2.203461
-5.924227	-2.183878
-5.971921	-2.255261
-5.999401	-2.281161
-6.036040	-2.261578
-6.094157	-2.271369
-6.118794	-2.241047
-6.154485	-2.243574
-6.201548	-2.318432
-6.235344	-2.331382
-6.275457	-2.349701
-6.308622	-2.312746
-6.356948	-2.287478
-6.398957	-2.339910
-6.426120	-2.362335
-6.475709	-2.400238
-6.513296	-2.402449
-6.549619	-2.367073
-6.587522	-2.359809
-6.627319	-2.382234
-6.666485	-2.433087
-6.693017	-2.429612
-6.736921	-2.424559
-6.777667	-2.414451
-6.804830	-2.402133
-6.848418	-2.446669
-6.873055	-2.476991
-6.916011	-2.489625
-6.945385	-2.475096
-6.979182	-2.442878
-7.016452	-2.461198
-7.034772	-2.491520
-7.070148	-2.495626
-7.100786	-2.538266
-7.127001	-2.503206
-7.171537	-2.511103
-7.185119	-2.512998
-7.216073	-2.522789
-7.244815	-2.567641
-7.260292	-2.539530
-7.289667	-2.537003
-7.305143	-2.571115
-7.329780	-2.536056
-7.360102	-2.575222
-7.362313	-2.583434
-7.386634	-2.569536
-7.410007	-2.584065
-7.419483	-2.575222
-7.436539	-2.585645
-7.448542	-2.587540
-7.468756	-2.597015
-7.479811	-2.600490
-7.477284	-2.585960
-7.503816	-2.603017
-7.502237	-2.590383
-7.500341	-2.584065
-7.514239	-2.591962
-7.519608	-2.590383
-7.524978	-2.617230
-7.524662	-2.604596
-7.532875	-2.598595
-7.526874	-2.613124
-7.519293	-2.588487
-7.522451	-2.604280
-7.514239	-2.626706
-7.510133	-2.600490
-7.502553	-2.581854
-7.494340	-2.562903
-7.488971	-2.592909
-7.470335	-2.595436
-7.470335	-2.600806
-7.465598	-2.610913
-7.428327	-2.549006
-7.426116	-2.531634
-7.408744	-2.579012
-7.383475	-2.589751
-7.369578	-2.600174
-7.343046	-2.558481
-7.339888	-2.536687
-7.307670	-2.544268
-7.287456	-2.536687
-7.274821	-2.573326
-7.236287	-2.566377
-7.213546	-2.510155
-7.189541	-2.494678
-7.158903	-2.480781
-7.134266	-2.529423
-7.096048	-2.529738
-7.071095	-2.506049
-7.045511	-2.498153
-6.999396	-2.418558
-6.982024	-2.440351
-6.946017	-2.493731
-6.915695	-2.482360
-6.876845	-2.488046
-6.843048	-2.435930
-6.815253	-2.405923
-6.770718	-2.415399
-6.737237	-2.429297
-6.701230	-2.452670
-6.657641	-2.412241
-6.634900	-2.370863
-6.590364	-2.357598
-6.544566	-2.364547
-6.510453	-2.392658
-6.470656	-2.378760
-6.437175	-2.352228
-6.386638	-2.320959
-6.349683	-2.284951
-6.319677	-2.338015
-6.272931	-2.317168
-6.242609	-2.332645
-6.202811	-2.302007
-6.154801	-2.278634
-6.125742	-2.273580
-6.076153	-2.271685
-6.044884	-2.279582
-5.998137	-2.276107
-5.962446	-2.212936
-5.935914	-2.247049
-5.882850	-2.221148
-5.850633	-2.200934
-5.820943	-2.237889
-5.778303	-2.202829
-5.748928	-2.175981
-5.703129	-2.178192
-5.678493	-2.166190
-5.640590	-2.180719
-5.601740	-2.162400
-5.580577	-2.149765
-5.544886	-2.173139
-5.505720	-2.134604
-5.486137	-2.132393
-5.450761	-2.128287
-5.420124	-2.116916
-5.387275	-2.100492
-5.361374	-2.109968
-5.343371	-2.116285
-5.303889	-2.072697
-5.285569	-2.076803
-5.268198	-2.087858
-5.244824	-2.068275
-5.217977	-2.088805
-5.205974	-2.066696
-5.184496	-2.055009
-5.157964	-2.039848
-5.146277	-2.046165
-5.138697	-2.075224
-5.107111	-2.078382
-5.093530	-2.042059
-5.086581	-2.039848
-5.067630	-2.007631
-5.064471	-2.040480
-5.050574	-2.036374
-5.050258	-2.051850
-5.042046	-2.043006
-5.028464	-1.989627
-5.041414	-2.000050
-5.021515	-2.039216
-5.027832	-2.036374
-5.027516	-2.059431
-5.017409	-2.018370
-5.033517	-1.996576
-5.028148	-1.998471
-5.036992	-2.038269
-5.047099	-2.070170
-5.039834	-2.055641
-5.059418	-2.044902
-5.055311	-2.010473
-5.066051	-1.996260
-5.088792	-2.058483
-5.100794	-2.077750
-5.115955	-2.056588
-5.126379	-2.041743
-5.143435	-2.013316
-5.165861	-2.062905
-5.178811	-2.077435
-5.205342	-2.102703
-5.210712	-2.112810
-5.238507	-2.048060
-5.264723	-2.054061
-5.284306	-2.075224
-5.307364	-2.123234
-5.337054	-2.132393
-5.367060	-2.109968
-5.389802	-2.104914
-5.411280	-2.069854
-5.454552	-2.116916
-5.485506	-2.168717
-5.506036	-2.153240
-5.545834	-2.136499
-5.571733	-2.138079
-5.611847	-2.140290
-5.630483	-2.180403
-5.675334	-2.193669
-5.709130	-2.226202
-5.735662	-2.196828
-5.773565	-2.170928
-5.826944	-2.211673
-5.843369	-2.225570
-5.894537	-2.250207
-5.922332	-2.249891
-5.963709	-2.229361
-6.004455	-2.253366
-6.037619	-2.232519
-6.082786	-2.260946
-6.123847	-2.309904
-6.151643	-2.271369
-6.209128	-2.299165
-6.225868	-2.318432
-6.281143	-2.318116
-6.317151	-2.336751
-6.351894	-2.341173
-6.399904	-2.355071
-6.424541	-2.357598
-6.478868	-2.356650
-6.514244	-2.375917
-6.542039	-2.374654
-6.591312	-2.401501
-6.627004	-2.393605
-6.665854	-2.418242
-6.697755	-2.417610
-6.729025	-2.393921
-6.775139	-2.435614
-6.801355	-2.429297
-6.849681	-2.444142
-6.873055	-2.491836
-6.909062	-2.456460
-6.954545	-2.466883
-6.979182	-2.467831
-7.010451	-2.465620
-7.043616	-2.519315
-7.063830	-2.511735
-7.114051	-2.512998
-7.127001	-2.502259
-7.165852	-2.480781
-7.190488	-2.546794
-7.212914	-2.543320
-7.242604	-2.550269
-7.267241	-2.543320
-7.288719	-2.503838
-7.309881	-2.526580
-7.326622	-2.555007
-7.359470	-2.597331
-7.371157	-2.595752
-7.384423	-2.548690
-7.410639	-2.538266
-7.417588	-2.571431
-7.432117	-2.586908
-7.458017	-2.617546
-7.465598	-2.607123
-7.481706	-2.586908
-7.477916	-2.537003
-7.500026	-2.579012
-7.501921	-2.629548
-7.502868	-2.611545
-7.515819	-2.602069
-7.523083	-2.576485
-7.522451	-2.545215
-7.526874	-2.590698
-7.522451	-2.619757
-7.534454	-2.656080
-7.520240	-2.618178
-7.524346	-2.565430
-7.521188	-2.571747
-7.502553	-2.588803
-7.503184	-2.619441
-7.494656	-2.622916
-7.483285	-2.590383
-7.481706	-2.574274
-7.462755	-2.544584
-7.461492	-2.594173
-7.431801	-2.622284
-7.416640	-2.587540
-7.415061	-2.569220
-7.382843	-2.537635
-7.370210	-2.529738
-7.353153	-2.573642
-7.329464	-2.580275
-7.313355	-2.576801
-7.281770	-2.533213
-7.266925	-2.516157
-7.247974	-2.533213
-7.214809	-2.514261
-7.192068	-2.554691
-7.156692	-2.516473
-7.135845	-2.490888
-7.106155	-2.495310
-7.068884	-2.482360
-7.038562	-2.505418
-7.011083	-2.494678
-6.982656	-2.461830
-6.949175	-2.474464
-6.912220	-2.447300
-6.883478	-2.450775
-6.845575	-2.459303
-6.805461	-2.440983
-6.777667	-2.433403
-6.732499	-2.427717
-6.704388	-2.415083
-6.658905	-2.385393
-6.634268	-2.401186
-6.596366	-2.395816
-6.538880	-2.360440
-6.518350	-2.384130
-6.479184	-2.368021
-6.427700	-2.335488
-6.394535	-2.349385
-6.343366	-2.316537
-6.326942	-2.329803
-6.276089	-2.326960
-6.238187	-2.286846
-6.207865	-2.313378
-6.149432	-2.286530
-6.119425	-2.270422
-6.083102	-2.303586
-6.033513	-2.278950
-6.014246	-2.257156
-5.960551	-2.210725
-5.928649	-2.214831
-5.885693	-2.230308
-5.847475	-2.223044
-5.823786	-2.224623
-5.780513	-2.214200
-5.743558	-2.151345
-5.708183	-2.173139
-5.672175	-2.180719
-5.645644	-2.187984
-5.607110	-2.174718
-5.575524	-2.145343
-5.544254	-2.125760
-5.508247	-2.127971
-5.482663	-2.151660
-5.443181	-2.166190
-5.416649	-2.125760
-5.394223	-2.095438
-5.359479	-2.053430
-5.343687	-2.091964
-5.305152	-2.114074
-5.284938	-2.105546
-5.265671	-2.119443
-5.233138	-2.040480
-5.230295	-2.033531
-5.200289	-2.061642
-5.179442	-2.071118
-5.169019	-2.091332
-5.142803	-2.324749
-5.128906	-2.027530
-5.117851	-2.037321
-5.093846	-2.035426
-5.089740	-2.068275
-5.060681	-2.044902
-5.075210	-2.027530
-5.056890	-2.019949
-5.041414	-1.987732
-5.043625	-2.021528
-5.033517	-2.055009
-5.030043	-2.030372
-5.031622	-2.024371
-5.018988	-1.998471
-5.026885	-2.027214
-5.014250	-2.034794
-5.026569	-2.014580
-5.035413	-2.045218
-5.034149	-2.023739
-5.044257	-2.019001
-5.048047	-2.036690
-5.049942	-2.040796
-5.063839	-2.057852
-5.069209	-2.016159
-5.091319	-2.027530
-5.094793	-2.039532
-5.108691	-2.017107
-5.134275	-2.058167
-5.142171	-2.063537
-5.163965	-2.049955
-5.180706	-2.061958
-5.205974	-2.068907
-5.216082	-2.078698
-5.236612	-2.077435
-5.265039	-2.071749
-5.289044	-2.104598
-5.301362	-2.099229
-5.351267	-2.108073
-5.358532	-2.095438
-5.392013	-2.116601
-5.421703	-2.114074
-5.450761	-2.107125
-5.488664	-2.142817
-5.509826	-2.137131
-5.538253	-2.111863
-5.580262	-2.154187
-5.601740	-2.145343
-5.648486	-2.187036
-5.670912	-2.201566
-5.708815	-2.183246
-5.744822	-2.190826
-5.771038	-2.186089
-5.820627	-2.212936
-5.859161	-2.249259
-5.887272	-2.231888
-5.928333	-2.254945
-5.958340	-2.219253
-6.007929	-2.231572
-6.039514	-2.274212
-6.081839	-2.287478
-6.126059	-2.294111
-6.149116	-2.265684
-6.199337	-2.259051
-6.240714	-2.297269
-6.278616	-2.325381
-6.319677	-2.366757
-6.350631	-2.359177
-6.395483	-2.334224
-6.431490	-2.308324
-6.473814	-2.344332
-6.512033	-2.420768
-6.545513	-2.405607
-6.596998	-2.412241
-6.622582	-2.381918
-6.664907	-2.348122
-6.705651	-2.411293
-6.728077	-2.453933
-6.772613	-2.452038
-6.812410	-2.447932
-6.840521	-2.399291
-6.886320	-2.434666
-6.901797	-2.461514
-6.955492	-2.497205
-6.981709	-2.532265
-7.001291	-2.496258
-7.042984	-2.451722
-7.071727	-2.478254
-7.099838	-2.500048
-7.128265	-2.557849
-7.159219	-2.541425
-7.193963	-2.532265
-7.210703	-2.518052
-7.245131	-2.502575
-7.274506	-2.548374
-7.287140	-2.570168
-7.307039	-2.542688
-7.339888	-2.548690
-7.354101	-2.540478
-7.372420	-2.556270
-7.382212	-2.581223
-7.408744	-2.613124
-7.425168	-2.600806
-7.429590	-2.559113
-7.451700	-2.581538
-7.461492	-2.572695
-7.480127	-2.591014
-7.486760	-2.604280
-7.495920	-2.589119
-7.506659	-2.598595
-7.501921	-2.585645
-7.516766	-2.570484
-7.524346	-2.632391
-7.516450	-2.587856
-7.529716	-2.603333
-7.518661	-2.600806
-7.530980	-2.593225
-7.518661	-2.599542
-7.514555	-2.597647
-7.526874	-2.605228
-7.504764	-2.605543
-7.495604	-2.585013
-7.500341	-2.608702
-7.477916	-2.561640
-7.486128	-2.587224
-7.463071	-2.581223
-7.452648	-2.586592
-7.440329	-2.603964
-7.419799	-2.562903
-7.405269	-2.551217
-7.385686	-2.561640
-7.367682	-2.542372
-7.363893	-2.595120
-7.323463	-2.572379
-7.310197	-2.528791
-7.293141	-2.543952
-7.265346	-2.532265
-7.249869	-2.545215
-7.216388	-2.555954
-7.188593	-2.540162
-7.157323	-2.512051
-7.132371	-2.461830
-7.108366	-2.493731
-7.067937	-2.516788
-7.039194	-2.506681
-7.010135	-2.500996
-6.978234	-2.451722
-6.947596	-2.424875
-6.914747	-2.443826
-6.880951	-2.483939
-6.843048	-2.488046
-6.808304	-2.443510
-6.777350	-2.406871
-6.738184	-2.397711
-6.692701	-2.409398
-6.665854	-2.436561
-6.626056	-2.418242
-6.594155	-2.400870
-6.532879	-2.323485
-6.511401	-2.300112
-6.480447	-2.370548
-6.424541	-2.376549
-6.395798	-2.348122
-6.352210	-2.342437
-6.312097	-2.266632
-6.278300	-2.283056
-6.229975	-2.304534
-6.205970	-2.326328
-6.158591	-2.328223
-6.115951	-2.261578
-6.082786	-2.243258
-6.030986	-2.247680
-6.003191	-2.254945
-5.966868	-2.282740
-5.923280	-2.240100
-5.889799	-2.195880
-5.853476	-2.181351
-5.818732	-2.184509
-5.783356	-2.217674
-5.741663	-2.212305
-5.714816	-2.188616
-5.673439	-2.152924
-5.642801	-2.130814
-5.609636	-2.150081
-5.572365	-2.163347
-5.543939	-2.168401
-5.507615	-2.137131
-5.482031	-2.112494
-5.455499	-2.120707
-5.416649	-2.094807
-5.389802	-2.137763
-5.358848	-2.107757
-5.338317	-2.084383
-5.314628	-2.084383
-5.281463	-2.064169
-5.262828	-2.078382
-5.239770	-2.093227
-5.221135	-2.059747
-5.200604	-2.075224
-5.177231	-2.037953
-5.171862	-2.044270
-5.142488	-2.061958
-5.115955	-2.058167
-5.119746	-2.038900
-5.098899	-2.049008
-5.087844	-2.046165
-5.066998	-2.027214
-5.061944	-2.003840
-5.066051	-2.039216
-5.041098	-2.019001
-5.038255	-2.010473
-5.049310	-2.039532
-5.021831	-2.013632
-5.028148	-2.019317
-5.018356	-2.012369
-5.029096	-2.025319
-5.020567	-2.041111
-5.023410	-2.019633
-5.038255	-2.025319
-5.038887	-2.022160
-5.037623	-2.012685
-5.053101	-2.048060
-5.053101	-2.056273
-5.065419	-2.046165
-5.072052	-2.015211
-5.087529	-2.002577
-5.097320	-2.039848
-5.105532	-2.047113
-5.128906	-2.061326
-5.145962	-2.062905
-5.160175	-2.023423
-5.187970	-2.037321
-5.200921	-2.058799
-5.222714	-2.096070
-5.235980	-2.099545
-5.265039	-2.071433
-5.294729	-2.063537
-5.302310	-2.057536
-5.343687	-2.092280
-5.367692	-2.143132
-5.385379	-2.114390
-5.424230	-2.121654
-5.447918	-2.079014
-5.481083	-2.092596
-5.512985	-2.143132
-5.535095	-2.157662
-5.582473	-2.167769
-5.602687	-2.155766
-5.637747	-2.117548
-5.678493	-2.174718
-5.698707	-2.194932
-5.744822	-2.213884
-5.775144	-2.226834
-5.814626	-2.188616
-5.860425	-2.180403
-5.886957	-2.191142
-5.931492	-2.259999
-5.952654	-2.283056
-6.006033	-2.245153
-6.046463	-2.229361
-6.073627	-2.236941
-6.126059	-2.254629
-6.159223	-2.300112
-6.200284	-2.318432
-6.234081	-2.310535
-6.279564	-2.285267
-6.317151	-2.320011
-6.346525	-2.343068
-6.394219	-2.342437
-6.436859	-2.375601
-6.466549	-2.351912
-6.514244	-2.348122
-6.542039	-2.363915
-6.591628	-2.378444
-6.628899	-2.428033
-6.649429	-2.402765
-6.705336	-2.385709
-6.741659	-2.426138
-6.757136	-2.396132
-6.819043	-2.424243
-6.841785	-2.463093
-6.876845	-2.440351
-6.910009	-2.466252
-6.946017	-2.469726
-6.987078	-2.476675
-7.003187	-2.501627
-7.033508	-2.478886
-7.078676	-2.506365
-7.100470	-2.506681
-7.132055	-2.511735
-7.163957	-2.511735
-7.186698	-2.516157
-7.215441	-2.526896
-7.240077	-2.520263
-7.270083	-2.545215
-7.290930	-2.554059
-7.306407	-2.516473
-7.334518	-2.553112
-7.344941	-2.549006
-7.367367	-2.578380
-7.384739	-2.598279
-7.406533	-2.582486
-7.425800	-2.576801
-7.426432	-2.557534
-7.455174	-2.577748
-7.460544	-2.614703
-7.476021	-2.596068
-7.489918	-2.599226
-7.498446	-2.564798
-7.504132	-2.558481
-7.506027	-2.594805
-7.517082	-2.610913
-7.529400	-2.630180
-7.509185	-2.585645
-7.530980	-2.551532
-7.529716	-2.579959
-7.519293	-2.585013
-7.526874	-2.636813
-7.521188	-2.646289
-7.511713	-2.600174
-7.503184	-2.558481
-7.504447	-2.561955
-7.496867	-2.622916
-7.478232	-2.624495
-7.479495	-2.603017
-7.469704	-2.594489
-7.447594	-2.528791
-7.434644	-2.540162
-7.428011	-2.606175
-7.399900	-2.600174
-7.394530	-2.589751
-7.365788	-2.543320
-7.357575	-2.520263
-7.327253	-2.542057
-7.305143	-2.567641
-7.295984	-2.601437
-7.262819	-2.569852
-7.241341	-2.499732
-7.217020	-2.495626
-7.187645	-2.514893
-7.163640	-2.546163
-7.128265	-2.527527
-7.105839	-2.513630
-7.072990	-2.477938
-7.033193	-2.438456
-7.012978	-2.478886
-6.982972	-2.498469
-6.951702	-2.482992
-6.910325	-2.446985
-6.875581	-2.407819
-6.848733	-2.434350
-6.800724	-2.433087
-6.774824	-2.451091
-6.746713	-2.450775
-6.695544	-2.388551
-6.665854	-2.388551
-6.625741	-2.385709
-6.589417	-2.367073
-6.548988	-2.398027
-6.508874	-2.363283
-6.478552	-2.347806
-6.430542	-2.355071
-6.389797	-2.311167
-6.356948	-2.346227
-6.310202	-2.325065
-6.287144	-2.303586
-6.234712	-2.315273
-6.192704	-2.299165
-6.156696	-2.286215
-6.118794	-2.284951
-6.077101	-2.276739
-6.035724	-2.266316
-6.001927	-2.254629
-5.970974	-2.253997
-5.918542	-2.205987
-5.890747	-2.213884
-5.851581	-2.216727
-5.812099	-2.206935
-5.783041	-2.213252
-5.745138	-2.186089
-5.708498	-2.166190
-5.672175	-2.177561
-5.636484	-2.147870
-5.615322	-2.182614
-5.566048	-2.169664
-5.540148	-2.126708
-5.521197	-2.129867
-5.483610	-2.109020
-5.447603	-2.130814
-5.414438	-2.120707
-5.396750	-2.121338
-5.370218	-2.107125
-5.332948	-2.045533
-5.316523	-2.052482
-5.287465	-2.099545
-5.251457	-2.086910
-5.249246	-2.093859
-5.216397	-2.062274
-5.202816	-2.033847
-5.181022	-2.036690
-5.159227	-2.059431
-5.148489	-2.098281
-5.121325	-2.071118
-5.112797	-2.024055
-5.112165	-2.011737
-5.083107	-2.023108
-5.078053	-2.051535
-5.060997	-2.055641
-5.063208	-2.044270
-5.042046	-2.007947
-5.037308	-1.961200
-5.040151	-2.007631
-5.029096	-2.057220
-5.026885	-2.035742
-5.022779	-2.046481
-5.021831	-1.993101
-5.019304	-1.993733
-5.028464	-2.009526
-5.035413	-2.039216
-5.036044	-2.062274
-5.037308	-2.019633
-5.059102	-2.006052
-5.045204	-2.008262
-5.060681	-2.024371
-5.073947	-2.063537
-5.079632	-2.043638
-5.099531	-2.031636
-5.111534	-2.008262
-5.126379	-2.000050
-5.148804	-2.055009
-5.157648	-2.066696
-5.192708	-2.082172
-5.192077	-2.061958
-5.215765	-2.034163
-5.247351	-2.056273
-5.259354	-2.087858
-5.285569	-2.100808
-5.310838	-2.104282
-5.332948	-2.077119
-5.370218	-2.107441
-5.381589	-2.095438
-5.428336	-2.119128
-5.452341	-2.148502
-5.472555	-2.115653
-5.516143	-2.116916
-5.537305	-2.139026
-5.572050	-2.125129
-5.607741	-2.177876
-5.636168	-2.166190
-5.680704	-2.181351
-5.700918	-2.186720
-5.748296	-2.181983
-5.789358	-2.198407
-5.816521	-2.220833
-5.854424	-2.212305
-5.891694	-2.221464
-5.927386	-2.240731
-5.964972	-2.245469
-6.003507	-2.231888
-6.050253	-2.268842
-6.075838	-2.265368
-6.114687	-2.262210
-6.161118	-2.306429
-6.199653	-2.287162
-6.237555	-2.291900
-6.277985	-2.307693
-6.319046	-2.322854
-6.359791	-2.361704
-6.386638	-2.351596
-6.435280	-2.330118
-6.478868	-2.362651
-6.506347	-2.329487
-6.556884	-2.377496
-6.584995	-2.402449
-6.626056	-2.412241
-6.663959	-2.398027
-6.697124	-2.365494
-6.741027	-2.402133
-6.768822	-2.434034
-6.808620	-2.431508
-6.849050	-2.470358
-6.874318	-2.426138
-6.917906	-2.424875
-6.946017	-2.461198
-6.977602	-2.494678
-7.008240	-2.518683
-7.032245	-2.495942
-7.070779	-2.472885
-7.093205	-2.449827
-7.131423	-2.475727
-7.163009	-2.554691
-7.182592	-2.535740
-7.219231	-2.537635
-7.240709	-2.502259
-7.266609	-2.484571
-7.290930	-2.544584
-7.306407	-2.569220
-7.339256	-2.583118
-7.341151	-2.564482
-7.369894	-2.515841
-7.394846	-2.547742
-7.400532	-2.577432
-7.422641	-2.595752
-7.435907	-2.613440
-7.454858	-2.574906
-7.473494	-2.545215
-7.470019	-2.530686
-7.489603	-2.587856
-7.494024	-2.623547
-7.492445	-2.597331
-7.514555	-2.584381
-7.516134	-2.582802
-7.519925	-2.569220
-7.519608	-2.603333
-7.523083	-2.617546
-7.535086	-2.619125
-7.520872	-2.581854
-7.523399	-2.569536
-7.525926	-2.609334
-7.507606	-2.616282
-7.510449	-2.607754
-7.506027	-2.608386
-7.505395	-2.571747
-7.486444	-2.566062
