# Configuration automatically generated by WRITE_CONFIG()
connection eth
ip 192.168.0.10
samplehz 1000.000000
settleus 10.000000
nsample 128

# Analog Inputs
aichannel 0
ainegative 199
airange 10.000000
airesolution 0

aichannel 1
ainegative 199
airange 10.000000
airesolution 0

# Analog Outputs
aochannel 0
aosignal sine
aofrequency 5.000000
aoamplitude 0.250000
aooffset 1.250000
aoduty 0.500000

# Meta Parameters
int:periods 10
flt:plate_Thigh_C 337.703090
flt:plate_Tlow_C 178.677281
flt:plate_Q_kW 0.972207
flt:plate_Tpeak_C 1083.463751
flt:cool_Thigh_C 75.716250
flt:cool_Tlow_C 21.524668
flt:air_psig 70.000000
flt:water_gph 2.200000
flt:cool_Q_kW 0.000000
flt:standoff_in 0.500000
flt:oxygen_scfh 11.387062
flt:fuel_scfh 8.542875
flt:flow_scfh 19.929938
flt:ratio_fto 0.750226

## End Configuration ##
#: Thu Jul 21 19:00:08 2016
-4.178184	-0.542697
-3.877174	-0.494372
-3.717036	-0.494687
-3.573638	-0.486475
-3.402760	-0.483001
-3.210405	-0.488055
-3.046161	-0.482685
-2.924556	-0.478895
-2.873072	-0.477315
-2.888233	-0.468156
-2.901183	-0.468472
-2.907501	-0.465629
-2.925504	-0.459312
-2.922662	-0.468472
-2.909395	-0.457732
-2.856964	-0.459312
-2.837697	-0.450468
-2.862333	-0.445414
-2.915397	-0.448257
-2.977304	-0.447941
-3.002573	-0.446362
-2.986148	-0.443835
-2.915397	-0.439097
-2.771999	-0.431201
-2.678190	-0.437202
-2.552796	-0.427726
-2.418558	-0.427726
-2.284319	-0.421409
-2.099545	-0.425831
-1.928351	-0.417935
-1.912559	-0.425831
-2.013316	-0.422357
-2.132393	-0.421409
-2.169980	-0.418882
-2.174718	-0.407512
-2.196196	-0.404669
-2.211041	-0.411302
-2.261262	-0.408143
-2.268211	-0.403721
-2.272949	-0.401195
-2.285899	-0.406564
-2.313378	-0.401826
-2.337383	-0.391719
-2.332329	-0.398984
-2.264736	-0.393614
-2.171559	-0.395509
-2.060379	-0.405932
-1.994365	-0.394877
-1.954567	-0.396457
-1.936248	-0.398668
-1.862338	-0.405616
-1.740102	-0.398668
-1.711359	-0.398668
-1.767897	-0.394246
-1.869602	-0.396141
-1.984258	-0.399615
-2.076487	-0.401195
-2.121338	-0.399931
-2.145028	-0.406564
-2.189879	-0.404353
-2.227782	-0.405616
-2.230940	-0.400563
-2.210093	-0.402142
-2.209146	-0.410670
-2.296006	-0.410354
-2.387920	-0.406880
-2.421400	-0.410354
-2.376233	-0.415724
-2.264736	-0.412565
-2.182298	-0.421409
-2.220833	-0.415724
-2.263473	-0.418882
-2.335488	-0.420462
-2.289373	-0.422041
-2.171243	-0.421409
-2.102703	-0.420146
-2.108704	-0.424568
-2.149765	-0.430253
-2.199986	-0.430253
-2.252734	-0.430253
-2.325381	-0.439729
-2.417610	-0.439097
-2.548374	-0.441624
-2.663977	-0.444782
-2.746731	-0.448257
-2.786528	-0.448573
-2.797899	-0.451415
-2.855069	-0.456469
-2.941297	-0.457417
-3.055636	-0.465629
-3.105541	-0.464365
-3.102067	-0.463734
-3.106173	-0.472894
-3.091012	-0.466261
-3.080904	-0.475736
-3.072692	-0.482685
-3.011417	-0.481106
-2.980779	-0.488370
-2.978568	-0.487423
-3.068586	-0.491529
-3.184821	-0.496898
-3.275471	-0.498478
-3.352224	-0.503216
-3.452665	-0.499425
-3.564478	-0.503847
-3.649759	-0.506374
-3.685134	-0.510480
-3.645021	-0.519640
-3.554371	-0.519008
-3.511414	-0.518692
-3.555950	-0.525641
-3.648495	-0.532590
-3.746410	-0.527852
-3.826637	-0.537328
-3.852221	-0.530379
-3.844009	-0.542382
-3.870225	-0.542697
-3.875595	-0.547119
-3.823795	-0.548067
-3.689240	-0.550594
-3.524364	-0.547751
-3.446033	-0.553121
-3.515836	-0.559438
-3.723353	-0.554384
-3.932448	-0.564491
-4.106800	-0.563544
-4.203136	-0.572388
-4.288101	-0.568282
-4.388858	-0.579336
-4.452345	-0.575546
-4.442554	-0.574915
-4.372118	-0.578073
-4.383173	-0.583443
-4.509515	-0.575230
-4.620064	-0.588496
-4.745142	-0.586917
-4.741668	-0.591655
-4.656387	-0.591655
-4.573633	-0.585022
-4.574897	-0.592602
-4.604587	-0.588180
-4.582161	-0.589760
-4.485194	-0.593550
-4.385700	-0.590707
-4.378435	-0.596077
-4.489300	-0.597340
-4.624802	-0.600815
-4.738509	-0.602078
-4.804839	-0.598288
-4.824738	-0.597024
-4.934971	-0.599551
-5.084686	-0.595445
-5.175968	-0.598919
-5.129221	-0.598919
-4.963398	-0.595761
-4.828212	-0.603973
-4.754302	-0.594182
-4.713241	-0.597972
-4.675970	-0.591339
-4.604903	-0.591971
-4.505409	-0.597024
-4.411600	-0.593234
-4.452029	-0.597024
-4.551208	-0.590391
-4.644701	-0.586601
-4.654492	-0.585022
-4.577739	-0.586285
-4.558472	-0.593234
-4.552155	-0.576178
-4.560999	-0.582811
-4.600797	-0.580916
-4.618801	-0.582811
-4.642806	-0.576178
-4.683867	-0.579968
-4.716715	-0.573019
-4.709451	-0.566702
-4.536678	-0.567966
-4.314001	-0.563860
-4.119750	-0.555963
-4.063212	-0.554068
-4.158600	-0.564175
-4.274203	-0.555016
-4.286837	-0.552805
-4.181342	-0.553752
-4.096061	-0.548383
-4.121329	-0.545856
-4.155757	-0.541750
-4.098904	-0.541118
-3.987091	-0.532590
-3.845588	-0.537960
-3.784629	-0.535749
-3.811160	-0.527220
-3.848431	-0.530379
-3.837692	-0.521535
-3.770731	-0.523114
-3.708823	-0.519640
-3.675659	-0.516166
-3.679133	-0.509848
-3.703770	-0.500057
-3.669973	-0.500057
-3.559740	-0.501636
-3.463720	-0.497530
-3.435293	-0.489002
-3.473828	-0.496267
-3.477618	-0.483317
-3.406867	-0.484896
-3.315269	-0.483317
-3.236937	-0.475104
-3.167133	-0.475104
-3.046792	-0.474157
-2.850015	-0.474473
-2.648816	-0.467524
-2.538898	-0.469735
-2.532581	-0.462470
-2.596384	-0.461207
-2.681033	-0.450784
-2.721462	-0.452679
-2.732201	-0.449520
-2.743572	-0.452995
-2.771683	-0.451415
-2.796951	-0.442256
-2.803268	-0.435307
-2.707565	-0.433412
-2.582170	-0.430253
-2.447616	-0.433412
-2.420453	-0.428990
-2.472253	-0.428990
-2.520895	-0.422041
-2.538582	-0.424884
-2.504154	-0.422673
-2.490572	-0.416040
-2.483308	-0.419514
-2.458671	-0.406880
-2.406555	-0.413197
-2.269790	-0.408775
-2.150081	-0.411302
-2.101440	-0.409091
-2.093859	-0.410038
-2.121338	-0.401826
-2.130814	-0.410670
-2.134604	-0.401826
-2.081541	-0.402142
-2.056904	-0.404353
-2.035742	-0.404353
-1.996576	-0.402458
-1.941933	-0.397088
-1.891712	-0.396773
-1.826646	-0.394877
-1.877499	-0.400879
-2.025003	-0.398668
-2.198407	-0.400879
-2.274844	-0.398036
-2.265052	-0.397720
-2.269474	-0.399615
-2.282424	-0.397088
-2.264736	-0.401195
-2.250207	-0.403090
-2.128287	-0.398668
-1.961516	-0.401195
-1.823803	-0.393298
-1.752104	-0.404669
-1.768213	-0.404353
-1.791270	-0.403721
-1.880973	-0.409723
-1.978888	-0.406880
-2.115337	-0.408459
-2.274844	-0.416040
-2.367073	-0.410670
-2.391394	-0.411618
-2.339278	-0.416987
-2.299796	-0.416987
-2.384130	-0.416356
-2.484571	-0.417619
-2.592593	-0.423936
-2.630812	-0.425515
-2.605228	-0.423936
-2.573010	-0.419514
-2.566062	-0.427726
-2.563535	-0.433728
-2.528475	-0.430253
-2.420768	-0.436886
-2.313378	-0.439413
-2.312746	-0.434991
-2.444458	-0.444782
-2.601753	-0.446046
-2.767577	-0.449520
-2.896130	-0.451100
-2.956774	-0.456153
-3.035422	-0.459943
-3.146918	-0.456153
-3.258731	-0.461523
-3.282736	-0.473209
-3.226829	-0.469735
-3.198402	-0.473525
-3.257467	-0.485212
-3.318111	-0.477631
-3.361383	-0.479842
-3.293159	-0.485528
-3.219881	-0.489634
-3.220196	-0.490897
-3.284315	-0.493424
-3.362647	-0.498478
-3.405287	-0.501005
-3.392653	-0.501320
-3.342432	-0.516166
-3.316216	-0.513639
-3.377492	-0.512375
-3.448243	-0.518061
-3.505413	-0.527220
-3.555950	-0.519324
-3.615962	-0.525641
-3.730933	-0.526905
-3.839271	-0.526273
-3.922973	-0.537960
-3.932448	-0.535433
-3.907180	-0.529747
-3.959928	-0.543013
-4.070477	-0.545540
-4.207874	-0.554700
-4.320950	-0.557858
-4.303894	-0.550910
-4.236300	-0.556595
-4.124488	-0.556595
-4.110906	-0.557543
-4.123225	-0.563544
-4.101747	-0.563544
-4.017097	-0.562912
-3.908759	-0.571440
-3.893914	-0.569861
-3.996883	-0.575230
-4.178499	-0.578705
-4.435289	-0.570808
-4.610904	-0.581232
-4.699975	-0.587865
-4.776728	-0.580284
-4.854112	-0.587865
-4.914124	-0.584390
-4.849059	-0.580916
-4.725875	-0.590391
-4.615010	-0.589128
-4.584056	-0.590707
-4.682287	-0.593234
-4.872747	-0.588496
-4.943815	-0.591655
-4.958976	-0.594498
-4.943183	-0.589760
-4.955502	-0.603026
-4.935603	-0.596077
-4.871484	-0.596708
-4.738194	-0.589760
-4.579003	-0.597656
-4.475087	-0.601130
-4.471296	-0.604289
-4.508883	-0.602078
-4.550892	-0.592918
-4.554050	-0.594182
-4.610904	-0.597340
-4.699659	-0.597656
-4.826317	-0.596393
-4.923916	-0.596393
-4.870221	-0.592287
-4.770411	-0.589444
-4.688920	-0.587233
-4.668705	-0.597340
-4.692710	-0.582179
-4.713872	-0.587549
-4.747353	-0.586285
-4.729350	-0.581863
-4.715452	-0.586285
-4.726823	-0.581232
-4.741036	-0.578073
-4.753670	-0.578705
-4.628592	-0.576810
-4.485510	-0.571440
-4.384120	-0.573335
-4.369276	-0.572704
-4.428972	-0.575862
-4.453293	-0.568282
-4.443817	-0.557227
-4.438447	-0.563544
-4.450134	-0.556279
-4.469085	-0.555647
-4.457399	-0.554700
-4.361379	-0.552489
-4.207874	-0.548699
-4.089428	-0.540170
-4.055632	-0.537644
-4.113117	-0.540170
-4.121329	-0.532274
-4.033838	-0.536380
-3.814319	-0.532590
-3.640283	-0.523114
-3.564162	-0.527852
-3.531945	-0.521219
-3.510783	-0.517429
-3.436241	-0.518061
-3.391706	-0.515534
-3.350644	-0.510796
-3.367069	-0.510796
-3.452665	-0.505111
-3.527207	-0.502900
-3.599538	-0.497846
-3.632071	-0.495319
-3.659550	-0.491845
-3.697137	-0.485212
-3.663656	-0.485528
-3.565110	-0.475736
-3.375597	-0.481422
-3.198087	-0.475736
-3.151024	-0.475104
-3.132389	-0.470367
-3.145339	-0.467524
-3.151656	-0.459312
-3.104909	-0.457101
-3.042686	-0.457417
-2.994360	-0.455206
-2.925504	-0.451731
-2.769472	-0.450152
-2.558165	-0.441308
-2.388236	-0.446678
-2.301376	-0.447309
-2.262210	-0.438465
-2.296322	-0.438465
-2.340857	-0.432148
-2.380971	-0.428674
-2.384761	-0.427410
-2.396132	-0.428990
-2.413188	-0.422357
-2.420137	-0.429306
-2.394868	-0.425831
-2.360440	-0.418567
-2.334856	-0.417619
-2.367705	-0.416040
-2.435298	-0.413513
-2.486151	-0.412565
-2.465304	-0.415724
-2.387920	-0.412249
-2.327276	-0.405932
-2.265052	-0.407512
-2.250839	-0.407512
-2.187036	-0.407827
-2.078382	-0.404353
-1.922034	-0.402774
-1.777689	-0.399615
-1.706306	-0.415724
-1.707885	-0.404669
-1.752420	-0.400879
-1.820013	-0.398352
-1.871813	-0.391719
-1.973518	-0.398668
-2.063853	-0.397720
-2.117232	-0.403090
-2.107441	-0.396773
-2.076487	-0.402774
-2.079330	-0.398036
-2.114390	-0.398352
-2.185773	-0.400247
-2.244206	-0.401195
-2.214515	-0.394246
-2.175349	-0.398668
-2.140921	-0.402774
-2.149134	-0.410670
-2.182930	-0.409091
-2.233151	-0.404669
-2.217990	-0.407512
-2.148818	-0.404985
-2.156714	-0.409723
-2.209146	-0.417619
-2.257788	-0.412881
-2.293795	-0.413197
-2.331382	-0.419514
-2.381603	-0.420146
-2.480465	-0.416671
-2.555007	-0.430253
-2.586276	-0.423304
-2.502575	-0.417303
-2.389499	-0.430253
-2.348754	-0.430569
-2.361704	-0.434043
-2.437825	-0.429306
-2.530054	-0.436254
-2.528159	-0.440045
-2.472885	-0.435939
-2.450143	-0.444782
-2.549637	-0.438781
-2.705985	-0.449836
-2.794109	-0.451100
-2.800426	-0.451415
-2.702511	-0.461207
-2.651026	-0.456785
-2.665872	-0.468156
-2.704090	-0.466261
-2.735360	-0.470683
-2.713566	-0.473525
-2.705353	-0.474473
-2.752416	-0.485212
-2.861386	-0.470051
-3.016470	-0.487107
-3.127335	-0.488370
-3.211037	-0.489634
-3.252414	-0.494372
-3.330745	-0.500057
-3.420448	-0.501005
-3.502254	-0.498478
-3.504150	-0.507006
-3.450454	-0.512375
-3.440031	-0.519324
-3.465931	-0.515534
-3.495306	-0.517429
-3.516152	-0.519008
-3.475091	-0.524378
-3.454876	-0.528168
-3.545842	-0.527536
-3.671553	-0.528484
-3.846220	-0.535117
-3.979195	-0.538275
-4.018045	-0.548067
-4.019309	-0.545856
-4.044261	-0.548067
-4.111222	-0.550594
-4.128910	-0.557858
-4.043945	-0.554068
-3.954242	-0.556595
-3.906549	-0.561649
-3.951400	-0.564491
-4.160811	-0.565123
-4.381594	-0.560701
-4.512673	-0.568597
-4.485194	-0.574283
-4.458978	-0.573335
-4.510147	-0.572072
-4.523097	-0.577757
-4.512042	-0.584706
-4.415390	-0.573651
-4.265675	-0.583758
-4.215454	-0.577441
-4.271992	-0.590707
-4.387279	-0.588812
-4.480456	-0.589128
-4.531940	-0.588812
-4.543627	-0.587549
-4.581530	-0.591339
-4.653229	-0.589760
-4.678813	-0.592602
-4.639015	-0.586917
-4.639331	-0.594498
-4.714189	-0.605868
-4.904017	-0.600815
-5.093846	-0.597024
-5.253036	-0.599235
-5.292202	-0.595445
-5.206290	-0.597656
-5.116903	-0.597656
-5.066998	-0.595761
-5.000985	-0.600183
-4.912861	-0.597972
-4.717031	-0.594182
-4.511094	-0.596393
-4.351903	-0.593234
-4.353483	-0.595129
-4.475087	-0.593234
-4.593532	-0.590076
-4.679129	-0.597656
-4.721138	-0.592918
-4.759672	-0.590076
-4.857271	-0.588180
-4.922021	-0.586601
-4.799785	-0.584390
-4.629224	-0.584390
-4.482036	-0.582495
-4.408757	-0.583443
-4.386647	-0.581232
-4.445396	-0.575546
-4.484246	-0.574283
-4.491195	-0.568282
-4.504145	-0.572704
-4.523728	-0.567966
-4.508251	-0.565439
-4.435289	-0.561017
-4.297576	-0.555332
-4.152599	-0.557227
-4.079953	-0.554384
-4.090692	-0.551541
-4.105537	-0.553436
-4.060054	-0.548067
-4.008254	-0.546488
-3.959612	-0.543961
-3.986144	-0.538591
-4.022467	-0.539539
-4.039207	-0.536380
-3.970035	-0.527536
-3.793473	-0.527536
-3.682292	-0.525010
-3.649443	-0.514586
-3.665867	-0.521851
-3.685450	-0.515534
-3.609645	-0.518692
-3.491831	-0.505427
-3.425502	-0.504795
-3.433714	-0.503531
-3.461825	-0.505742
-3.466247	-0.498162
-3.425502	-0.496898
-3.350644	-0.491213
-3.266627	-0.485528
-3.178819	-0.485844
-3.091012	-0.480474
-3.030052	-0.481737
-2.960248	-0.476684
-2.955510	-0.473209
-3.023735	-0.471630
-3.070797	-0.467208
-3.048687	-0.469419
-2.980147	-0.453942
-2.835486	-0.456469
-2.691772	-0.454258
-2.657975	-0.459943
-2.714513	-0.449836
-2.763787	-0.447309
-2.738518	-0.441940
-2.629864	-0.447941
-2.539214	-0.439729
-2.486782	-0.439097
-2.431192	-0.432148
-2.368653	-0.430569
-2.274844	-0.428674
-2.152292	-0.429621
-2.115337	-0.427410
-2.169664	-0.422673
-2.236310	-0.425515
-2.338962	-0.417935
-2.395184	-0.413513
-2.472569	-0.415408
-2.549321	-0.412881
-2.572379	-0.416040
-2.590067	-0.410986
-2.534476	-0.406564
-2.413188	-0.410354
-2.235362	-0.409091
-2.092911	-0.404353
-2.084383	-0.400879
-2.163663	-0.403721
-2.193985	-0.402774
-2.131130	-0.404669
-2.010473	-0.394246
-1.934984	-0.396457
-1.877499	-0.407512
-1.827910	-0.395193
-1.748946	-0.404037
-1.681669	-0.397720
-1.708832	-0.397088
-1.790323	-0.398984
-1.902451	-0.404037
-1.980783	-0.402458
-2.003840	-0.402142
-2.026266	-0.399299
-2.070170	-0.396141
-2.140290	-0.399931
-2.170296	-0.405616
-2.114706	-0.396141
-1.998155	-0.405616
-1.873393	-0.402458
-1.836122	-0.402774
-1.909084	-0.401826
-1.991206	-0.409407
-2.047428	-0.407512
-2.015211	-0.409407
-1.994049	-0.411934
-2.063221	-0.412565
-2.147870	-0.414460
-2.230940	-0.417303
-2.257472	-0.414145
-2.234414	-0.413829
-2.266948	-0.416987
-2.307061	-0.426463
-2.367073	-0.427410
-2.411609	-0.424884
-2.424559	-0.426463
-2.446669	-0.429937
-2.503206	-0.436570
-2.598279	-0.444151
-2.686402	-0.441308
-2.705669	-0.441624
-2.716093	-0.444151
-2.735676	-0.442887
-2.829484	-0.449836
-2.919187	-0.456469
-2.984569	-0.447309
-2.987727	-0.460259
-2.920450	-0.458048
-2.874967	-0.464681
-2.897393	-0.467524
-2.960248	-0.468156
-2.990886	-0.474473
-2.978884	-0.478263
-2.994045	-0.475104
-3.045213	-0.478579
-3.170291	-0.492792
-3.309583	-0.488370
-3.416026	-0.488686
-3.490884	-0.490897
-3.535419	-0.498478
-3.572374	-0.500373
-3.646284	-0.497214
-3.656392	-0.508585
-3.612488	-0.507322
-3.502886	-0.513323
-3.429608	-0.519956
-3.469722	-0.517429
-3.595747	-0.519956
-3.719878	-0.527536
-3.743567	-0.524694
-3.701559	-0.527220
-3.679133	-0.530695
-3.646916	-0.534801
-3.638072	-0.535749
-3.655760	-0.543329
-3.605223	-0.545224
-3.593852	-0.554068
-3.679133	-0.554700
-3.851590	-0.551225
-4.039523	-0.555332
-4.211032	-0.555016
-4.307683	-0.566702
-4.393596	-0.561017
-4.523097	-0.561965
-4.648807	-0.570177
-4.701239	-0.570808
-4.708503	-0.575862
-4.601744	-0.576178
-4.549944	-0.586285
-4.621327	-0.580916
-4.809893	-0.582179
-5.004143	-0.583758
-4.991509	-0.584390
-4.798522	-0.582811
-4.572370	-0.591339
-4.462137	-0.589444
-4.410968	-0.593234
-4.359800	-0.591339
-4.251146	-0.594813
-4.146598	-0.594498
-4.137122	-0.599235
-4.239775	-0.591339
-4.411284	-0.597972
-4.588479	-0.598604
-4.765041	-0.594498
-4.899595	-0.599235
-5.067630	-0.593550
-5.210080	-0.597340
-5.265355	-0.594182
-5.174073	-0.596077
-4.981401	-0.594813
-4.778939	-0.600499
-4.755881	-0.595761
-4.821579	-0.597972
-4.974769	-0.595761
-5.065103	-0.596393
-5.020252	-0.596077
-4.890120	-0.596393
-4.812419	-0.594498
-4.779254	-0.588496
-4.729665	-0.592602
-4.583741	-0.586601
-4.406862	-0.589444
-4.273887	-0.583127
-4.258094	-0.588812
-4.295997	-0.584706
-4.347166	-0.581547
-4.352535	-0.584390
-4.391069	-0.579336
-4.476982	-0.577757
-4.554366	-0.573651
-4.616590	-0.571440
-4.562894	-0.572704
-4.439079	-0.569229
-4.364853	-0.572072
-4.386963	-0.567966
-4.475718	-0.559122
-4.575844	-0.557543
-4.570159	-0.559753
-4.489616	-0.551225
-4.383173	-0.552805
-4.284310	-0.552489
-4.155757	-0.546803
-4.006990	-0.552173
-3.864224	-0.545856
-3.740409	-0.538275
-3.664920	-0.534801
-3.628596	-0.533853
-3.599538	-0.531327
-3.571427	-0.525641
-3.534472	-0.522167
-3.500044	-0.520272
-3.497517	-0.519956
-3.501623	-0.519956
-3.494674	-0.519008
-3.461825	-0.507006
-3.408762	-0.506690
-3.375281	-0.500373
-3.430871	-0.506058
-3.519943	-0.497530
-3.600169	-0.494687
-3.573322	-0.490581
-3.459298	-0.488370
-3.303898	-0.482685
-3.208194	-0.484580
-3.147866	-0.479211
-3.092907	-0.475104
-2.995940	-0.472894
-2.865808	-0.468787
-2.773894	-0.464050
-2.737571	-0.457417
-2.727148	-0.459628
-2.730622	-0.460259
-2.697457	-0.457101
-2.709144	-0.446678
-2.726516	-0.457417
-2.755574	-0.446046
-2.753995	-0.442571
-2.681033	-0.440045
-2.585645	-0.440676
-2.525316	-0.439413
-2.555323	-0.435307
-2.629548	-0.437834
-2.675979	-0.430253
-2.618494	-0.428358
-2.501943	-0.430885
-2.415399	-0.423936
-2.381918	-0.417303
-2.359809	-0.421093
-2.345279	-0.417619
-2.266948	-0.418567
-2.194932	-0.412249
-2.168085	-0.411934
-2.182930	-0.411618
-2.234414	-0.409407
-2.276739	-0.411302
-2.246417	-0.405301
-2.159873	-0.406880
-2.105230	-0.407512
-2.148186	-0.404669
-2.205987	-0.403090
-2.217358	-0.402458
-2.183878	-0.401195
-2.083436	-0.398352
-2.031636	-0.403721
-2.061326	-0.398668
-2.130182	-0.400563
-2.183246	-0.397720
-2.187984	-0.399931
-2.218622	-0.392351
-2.262525	-0.397404
-2.246733	-0.401195
-2.152292	-0.402774
-2.005736	-0.397720
-1.894871	-0.399615
-1.855705	-0.400563
-1.915085	-0.396773
-2.031952	-0.401826
-2.110284	-0.400247
-2.149450	-0.398352
-2.150081	-0.399931
-2.180719	-0.410354
-2.229992	-0.414776
-2.294427	-0.404669
-2.345279	-0.409723
-2.331697	-0.411934
-2.311167	-0.411934
-2.381918	-0.415092
-2.488361	-0.409407
-2.552480	-0.418251
-2.546794	-0.414460
-2.497205	-0.423936
-2.450775	-0.424568
-2.441299	-0.424568
-2.439404	-0.431517
-2.436877	-0.432148
-2.366757	-0.434043
-2.298849	-0.436570
-2.268211	-0.439097
-2.279897	-0.440992
-2.315273	-0.439729
-2.390131	-0.444782
-2.466883	-0.444782
-2.540478	-0.446046
-2.633023	-0.450784
-2.735360	-0.453626
-2.806427	-0.460259
-2.777684	-0.459312
-2.649131	-0.469419
-2.567009	-0.468472
-2.645025	-0.467840
-2.810533	-0.474789
-3.032895	-0.474789
-3.096066	-0.482685
-3.056268	-0.477631
-3.027209	-0.483948
-3.073956	-0.477000
-3.201877	-0.491529
-3.331061	-0.494056
-3.385072	-0.504479
-3.439084	-0.498478
-3.497201	-0.506690
-3.557845	-0.504795
-3.595747	-0.513323
-3.598274	-0.516166
-3.582482	-0.515534
-3.635545	-0.518061
-3.804843	-0.523430
-3.968456	-0.527852
-4.056263	-0.531327
-4.019624	-0.532590
-3.909075	-0.535117
-3.823163	-0.536696
-3.825058	-0.540170
-3.900231	-0.542697
-3.957401	-0.545540
-3.938450	-0.540170
-3.874331	-0.551541
-3.861697	-0.555647
-3.941608	-0.555332
-4.044577	-0.554384
-4.094482	-0.564491
-4.037312	-0.568597
-3.926131	-0.572704
-3.898652	-0.571124
-3.975405	-0.573019
-4.056895	-0.576810
-4.188607	-0.575230
-4.278941	-0.578073
-4.374645	-0.576810
-4.536362	-0.580600
-4.691131	-0.580600
-4.769147	-0.586917
-4.699659	-0.585338
-4.589426	-0.586285
-4.509199	-0.587549
-4.485194	-0.591023
-4.591953	-0.587549
-4.723348	-0.591023
-4.796627	-0.592918
-4.817789	-0.593234
-4.802628	-0.591655
-4.812419	-0.600183
-4.816841	-0.594498
-4.820632	-0.591023
-4.775148	-0.597340
-4.624802	-0.594498
-4.480140	-0.602078
-4.447607	-0.598288
-4.522149	-0.598288
-4.603955	-0.597972
-4.676918	-0.600815
-4.735035	-0.600183
-4.792204	-0.595761
-4.805470	-0.595129
-4.743247	-0.595445
-4.560367	-0.595129
-4.384120	-0.592287
-4.310526	-0.598288
-4.350640	-0.594498
-4.478877	-0.587233
-4.591321	-0.585969
-4.702818	-0.585338
-4.740088	-0.590076
-4.756829	-0.586285
-4.750512	-0.584074
-4.708819	-0.583758
-4.626065	-0.579336
-4.458978	-0.579336
-4.264728	-0.574915
-4.112170	-0.578705
-4.054368	-0.566071
-4.104273	-0.571756
-4.197134	-0.573335
-4.288733	-0.562912
-4.393912	-0.569861
-4.458978	-0.561017
-4.489932	-0.561649
-4.455503	-0.560069
-4.282099	-0.553436
-4.117223	-0.554384
-4.054368	-0.550910
-4.086901	-0.545856
-4.180710	-0.542066
-4.290944	-0.543013
-4.252093	-0.546803
-4.055632	-0.534801
-3.877806	-0.531958
-3.778627	-0.525325
-3.699980	-0.526273
-3.632703	-0.526589
-3.459930	-0.529431
-3.294738	-0.519640
-3.245465	-0.515534
-3.288421	-0.523746
-3.392969	-0.516481
-3.469090	-0.506374
-3.516152	-0.502900
-3.502886	-0.500057
-3.501939	-0.498162
-3.551528	-0.499109
-3.634913	-0.491845
-3.636177	-0.486475
-3.541420	-0.489002
-3.440979	-0.482685
-3.425502	-0.479526
-3.413499	-0.473841
-3.374333	-0.477315
-3.258415	-0.466261
-3.117228	-0.464050
-3.000362	-0.470367
-2.940665	-0.458680
-2.873704	-0.456785
-2.822220	-0.457101
-2.711987	-0.456785
-2.588803	-0.449520
-2.578064	-0.446993
-2.636181	-0.446678
-2.704406	-0.441308
-2.705353	-0.443519
-2.674084	-0.432780
-2.618494	-0.431832
-2.610597	-0.432780
-2.616914	-0.430253
-2.567957	-0.423304
-2.470989	-0.424568
-2.355071	-0.424252
-2.288425	-0.423936
-2.290637	-0.420146
-2.334224	-0.422357
-2.429297	-0.415092
-2.456144	-0.415092
-2.454249	-0.416671
-2.463725	-0.410354
-2.448248	-0.406248
-2.384761	-0.414460
-2.273580	-0.405932
-2.123234	-0.400879
-1.994997	-0.410670
-1.886974	-0.411302
-1.885395	-0.401510
-1.934668	-0.392982
-1.981099	-0.404985
-2.039532	-0.395193
-2.050903	-0.403721
-2.107441	-0.398984
-2.164926	-0.399615
-2.212936	-0.399299
-2.216095	-0.400247
-2.167769	-0.393614
-2.087542	-0.394877
-2.059747	-0.397404
-2.070170	-0.396457
-2.124497	-0.396457
-2.104282	-0.401195
-1.997208	-0.403721
-1.862654	-0.403721
-1.770740	-0.398352
-1.773583	-0.399615
-1.827910	-0.402142
-1.816223	-0.410670
-1.820961	-0.406564
-1.821592	-0.402142
-1.910979	-0.406248
-2.010158	-0.408775
-2.097965	-0.417303
-2.171243	-0.411934
-2.216727	-0.414460
-2.302323	-0.416356
-2.375917	-0.412881
-2.443510	-0.416987
-2.433403	-0.417303
-2.355387	-0.422041
-2.313062	-0.426779
-2.338331	-0.419514
-2.404344	-0.432464
-2.491520	-0.426463
-2.522789	-0.437518
-2.483939	-0.436570
-2.414136	-0.439097
-2.446037	-0.439729
-2.529423	-0.444151
-2.599542	-0.445414
-2.662397	-0.449520
-2.730938	-0.450152
-2.845909	-0.452047
-2.974777	-0.456469
-3.059427	-0.462470
-3.092275	-0.460891
-3.007310	-0.468156
-2.948246	-0.471946
-2.966249	-0.474473
-3.085958	-0.474157
-3.252098	-0.477947
-3.372123	-0.487739
-3.429924	-0.485844
-3.444769	-0.488370
-3.500360	-0.488686
-3.607750	-0.495635
-3.695242	-0.501320
-3.726827	-0.496267
-3.696821	-0.504479
-3.648811	-0.509848
-3.641546	-0.509848
-3.669342	-0.517429
-3.717036	-0.520272
-3.657023	-0.516797
-3.558477	-0.519008
-3.505413	-0.527852
-3.549001	-0.528484
-3.670921	-0.536380
-3.817477	-0.539855
-3.918551	-0.537960
-4.005727	-0.540170
-4.103642	-0.536064
-4.195555	-0.545540
-4.261885	-0.547751
-4.232194	-0.549330
-4.175656	-0.549330
-4.151336	-0.552489
-4.224930	-0.560069
-4.338006	-0.560385
-4.423286	-0.557227
-4.408125	-0.562912
-4.325372	-0.569229
-4.294102	-0.573019
-4.327267	-0.572072
-4.336742	-0.575546
-4.277362	-0.569545
-4.128910	-0.577441
-3.918867	-0.579652
-3.880017	-0.582179
-4.000041	-0.576810
-4.213875	-0.585022
-4.409389	-0.584390
-4.540784	-0.592602
-4.604587	-0.591023
-4.636804	-0.589444
-4.716084	-0.588180
-4.771674	-0.596708
-4.710083	-0.593550
-4.576160	-0.598604
-4.533204	-0.592287
-4.573318	-0.593234
-4.687025	-0.598919
-4.804839	-0.595129
-4.844636	-0.613765
-4.801680	-0.596708
-4.790941	-0.597340
-4.787783	-0.597024
-4.747669	-0.597024
-4.699028	-0.595129
-4.597638	-0.596077
-4.521517	-0.595761
-4.513305	-0.600499
-4.588479	-0.597656
-4.708503	-0.597024
-4.779254	-0.595761
-4.817157	-0.592602
-4.812735	-0.594498
-4.842110	-0.593234
-4.883802	-0.589444
-4.883802	-0.586601
-4.786203	-0.598919
-4.609957	-0.582179
-4.479508	-0.581547
-4.482667	-0.584390
-4.522465	-0.577441
-4.587215	-0.586917
-4.607114	-0.580284
-4.519938	-0.573651
-4.439079	-0.567966
-4.392333	-0.571440
-4.312421	-0.568913
-4.193660	-0.569229
-3.998146	-0.561017
-3.800421	-0.558490
-3.702506	-0.561965
-3.732512	-0.562280
-3.837060	-0.558490
-3.940029	-0.555963
-4.035733	-0.557858
-4.111854	-0.548067
-4.214191	-0.536380
-4.336742	-0.547751
-4.365485	-0.537328
-4.316528	-0.532906
-4.100167	-0.532590
-3.938134	-0.536380
-3.842114	-0.531327
-3.783997	-0.519956
-3.783681	-0.515534
-3.783997	-0.522799
-3.771363	-0.525641
-3.769468	-0.508585
-3.782418	-0.510480
-3.792841	-0.507006
-3.691767	-0.503216
-3.548054	-0.502584
-3.408762	-0.498162
-3.362963	-0.494372
-3.401813	-0.496898
-3.418869	-0.489002
-3.414447	-0.483317
-3.338326	-0.482053
-3.242622	-0.472262
-3.209141	-0.475420
-3.227461	-0.473209
-3.210405	-0.468156
-3.116280	-0.469419
-2.984885	-0.458996
-2.905921	-0.464050
-2.905289	-0.455206
-2.940033	-0.455521
-2.970356	-0.452047
-2.917924	-0.439413
-2.852226	-0.446678
-2.821588	-0.444151
-2.831695	-0.440360
-2.798531	-0.441940
-2.722726	-0.435307
-2.595120	-0.434043
-2.422664	-0.431517
-2.301691	-0.428042
-2.259999	-0.426463
-2.280529	-0.427095
-2.300112	-0.432148
-2.322538	-0.421725
-2.327276	-0.421409
-2.343700	-0.417619
-2.362651	-0.415092
-2.385077	-0.408775
-2.340542	-0.416040
-2.214831	-0.410986
-2.157030	-0.404669
-2.161768	-0.411302
-2.266948	-0.404985
-2.375285	-0.407196
-2.404028	-0.403405
-2.339910	-0.402458
-2.231572	-0.404037
-2.149134	-0.395509
-2.099229	-0.398984
-2.062589	-0.400879
-2.012369	-0.403090
-1.951409	-0.398668
-1.940354	-0.399615
-1.988048	-0.401826
-2.030372	-0.392351
-2.063853	-0.398984
-2.050271	-0.395825
-2.052798	-0.398352
-2.093543	-0.402142
-2.159873	-0.396457
-2.232519	-0.394562
-2.199354	-0.400563
-2.076171	-0.400563
-1.952356	-0.403090
-1.926456	-0.408143
-2.006683	-0.403090
-2.096070	-0.399931
-2.156714	-0.408775
-2.143132	-0.404353
-2.145343	-0.404985
-2.181035	-0.409091
-2.203461	-0.410038
-2.211673	-0.413197
-2.152608	-0.416040
-2.083120	-0.414460
-2.081541	-0.419514
-2.120075	-0.418882
-2.199039	-0.417303
-2.276423	-0.422988
-2.322538	-0.421725
-2.307377	-0.430569
-2.299796	-0.435307
-2.325065	-0.432464
-2.429928	-0.437518
-2.480149	-0.437202
-2.500364	-0.439729
-2.568273	-0.443203
-2.744519	-0.444782
-2.941929	-0.449836
-3.083116	-0.447309
-3.157026	-0.453311
-3.127335	-0.457732
-3.085011	-0.460575
-3.081536	-0.465313
-3.048056	-0.466576
-2.974777	-0.463102
-2.802953	-0.476684
-2.660818	-0.473841
-2.621652	-0.470683
-2.668714	-0.475104
-2.760944	-0.487107
-2.870229	-0.488055
-2.960564	-0.487423
-3.043634	-0.485844
-3.150077	-0.492792
-3.312110	-0.497846
-3.468458	-0.501952
-3.593537	-0.509217
-3.669657	-0.509217
-3.724300	-0.508585
-3.823163	-0.516797
-3.882228	-0.517745
-3.922973	-0.523746
-3.909391	-0.522483
-3.835481	-0.523430
-3.773574	-0.530379
-3.821268	-0.530379
-3.882859	-0.530063
-3.959612	-0.533222
-3.914129	-0.542066
-3.864224	-0.542697
-3.842746	-0.545224
-3.906233	-0.547435
-4.028468	-0.549646
-4.133964	-0.555963
-4.206295	-0.555647
-4.268834	-0.560701
-4.346849	-0.561965
-4.468138	-0.568597
-4.555314	-0.559753
-4.543943	-0.567966
-4.493090	-0.569861
-4.491195	-0.573967
-4.567000	-0.586917
-4.696816	-0.577441
-4.819052	-0.580284
-4.832634	-0.588812
-4.751775	-0.582179
-4.714504	-0.585338
-4.722717	-0.583758
-4.736299	-0.587549
-4.706608	-0.583127
-4.557209	-0.588180
-4.405283	-0.585654
-4.286206	-0.593234
-4.260305	-0.588812
-4.283679	-0.596077
-4.334847	-0.595761
-4.408757	-0.597340
-4.472560	-0.601762
-4.572370	-0.596708
-4.703134	-0.588496
-4.830107	-0.597340
-4.876853	-0.597024
-4.797258	-0.593234
-4.767568	-0.598604
-4.787467	-0.598919
-4.862324	-0.593866
-4.979822	-0.596708
-5.016461	-0.600183
-4.945078	-0.597972
-4.818737	-0.597656
-4.727770	-0.606816
-4.659230	-0.596393
-4.576792	-0.594498
-4.377803	-0.591339
-4.230931	-0.587549
-4.181026	-0.586285
-4.275466	-0.587865
-4.407178	-0.592287
-4.494669	-0.590391
-4.525623	-0.584706
-4.526571	-0.590076
-4.564474	-0.581863
-4.602060	-0.583758
-4.618484	-0.578073
-4.531940	-0.574599
-4.379699	-0.575546
-4.259042	-0.574915
-4.198082	-0.573651
-4.240407	-0.578389
-4.335795	-0.567966
-4.320002	-0.560069
-4.252409	-0.567334
-4.155757	-0.557543
-4.096377	-0.556595
-4.062896	-0.565439
-4.011412	-0.549962
-3.926131	-0.548383
-3.844957	-0.545224
-3.837376	-0.546488
-3.895809	-0.543013
-3.975089	-0.537012
-4.047420	-0.537644
-4.080268	-0.535117
-4.080900	-0.521219
-4.077742	-0.520903
-4.043314	-0.525957
-3.978247	-0.518692
-3.836113	-0.521219
-3.659866	-0.509533
-3.520258	-0.507322
-3.493726	-0.515218
-3.579955	-0.504163
-3.628912	-0.507322
-3.615330	-0.498478
-3.523101	-0.495951
-3.405603	-0.494687
-3.312426	-0.489634
-3.215143	-0.484580
-3.113122	-0.479842
-2.971935	-0.480474
-2.844645	-0.477947
-2.818429	-0.477631
-2.822536	-0.464997
-2.844330	-0.470998
-2.913502	-0.463102
-2.955194	-0.468787
-3.001941	-0.456469
-3.025314	-0.456785
-3.062585	-0.454890
-3.014259	-0.449204
-2.864860	-0.446678
-2.703143	-0.441940
-2.620389	-0.439729
-2.632391	-0.436886
-2.703774	-0.442256
-2.734412	-0.434043
-2.686718	-0.434043
-2.559745	-0.428990
-2.432455	-0.434359
-2.338646	-0.426147
-2.278950	-0.418882
-2.259683	-0.422357
-2.210093	-0.419514
-2.135236	-0.409407
-2.149134	-0.420146
-2.188931	-0.408459
-2.228729	-0.412249
-2.259999	-0.410986
-2.273896	-0.403405
-2.323801	-0.403721
-2.360756	-0.403721
-2.411293	-0.405616
-2.402449	-0.404669
-2.332013	-0.403090
-2.214200	-0.406880
-2.130182	-0.399931
-2.156714	-0.398352
-2.174086	-0.409407
-2.181351	-0.404669
-2.124497	-0.399931
-2.004472	-0.393614
-1.921718	-0.411302
-1.894555	-0.398352
-1.900556	-0.399299
-1.927720	-0.397404
-1.878446	-0.403090
-1.789375	-0.398668
-1.762843	-0.398668
-1.776741	-0.398036
-1.818434	-0.410038
-1.837701	-0.399299
-1.857284	-0.403090
-1.875288	-0.406880
-1.908453	-0.401826
-2.015843	-0.406564
-2.113442	-0.408775
-2.122286	-0.406880
-2.087858	-0.417619
-2.074908	-0.405932
-2.127340	-0.413197
-2.243574	-0.411934
-2.373075	-0.410354
-2.416662	-0.414776
-2.395500	-0.416987
-2.350649	-0.422041
-2.338015	-0.418882
-2.344332	-0.426463
-2.355387	-0.423936
-2.298849	-0.425831
-2.225570	-0.424252
-2.195564	-0.434043
-2.215779	-0.439097
-2.295690	-0.437202
-2.375285	-0.440992
-2.459934	-0.443835
-2.577748	-0.444467
-2.752732	-0.447309
-2.951404	-0.450468
-3.034158	-0.450468
-3.003520	-0.451731
-2.881284	-0.461839
-2.790318	-0.463734
-2.832011	-0.464997
-2.958353	-0.468472
-3.091644	-0.468787
-3.125124	-0.471314
-3.091644	-0.476684
-3.107121	-0.475736
-3.173766	-0.474789
-3.293475	-0.481737
-3.399286	-0.487107
-3.407814	-0.489634
-3.352855	-0.496583
-3.314637	-0.497214
-3.361383	-0.500373
-3.477934	-0.510796
-3.578376	-0.509217
-3.669657	-0.511744
-3.678817	-0.512375
-3.680712	-0.510796
-3.720826	-0.516481
-3.772626	-0.525325
-3.755886	-0.519324
-3.711666	-0.531327
-3.690820	-0.530063
-3.768520	-0.534801
-3.908128	-0.541434
-4.079953	-0.542382
-4.201872	-0.543013
-4.251146	-0.540802
-4.330425	-0.550278
-4.420760	-0.549014
-4.469717	-0.550278
-4.448871	-0.555332
-4.359484	-0.561017
-4.235985	-0.560069
-4.207874	-0.572072
-4.288101	-0.565123
-4.372118	-0.569545
-4.446660	-0.569229
-4.449186	-0.572388
-4.403072	-0.572704
-4.413811	-0.576178
-4.467506	-0.581863
-4.522780	-0.580600
-4.463716	-0.581863
-4.318738	-0.583443
-4.207242	-0.585338
-4.281152	-0.582495
-4.458031	-0.587865
-4.647543	-0.591023
-4.727454	-0.591971
-4.699659	-0.592602
-4.631119	-0.590707
-4.627328	-0.593234
-4.627960	-0.600815
-4.544259	-0.593866
-4.393596	-0.594498
-4.298840	-0.597340
-4.279257	-0.596393
-4.363906	-0.594498
-4.495617	-0.594813
-4.606166	-0.604289
-4.632066	-0.597340
-4.608377	-0.593234
-4.650070	-0.601762
-4.696501	-0.596708
-4.698080	-0.593234
-4.657967	-0.592602
-4.569843	-0.594498
-4.445712	-0.595129
-4.384436	-0.594813
-4.420128	-0.593550
-4.489932	-0.594813
-4.560683	-0.591655
-4.633646	-0.591339
-4.661441	-0.591655
-4.703134	-0.588812
-4.699975	-0.586601
-4.646280	-0.584074
-4.521833	-0.581863
-4.363590	-0.584074
-4.294418	-0.579336
-4.303577	-0.581863
-4.396439	-0.577441
-4.452345	-0.572704
-4.420760	-0.565439
-4.378435	-0.570808
-4.399282	-0.568597
-4.424550	-0.564807
-4.433710	-0.565123
-4.383805	-0.562596
-4.296629	-0.558490
-4.154810	-0.556279
-4.089112	-0.553752
-4.127646	-0.556279
-4.177552	-0.548067
-4.207874	-0.544592
-4.173761	-0.537644
-4.123857	-0.537328
-4.103010	-0.535749
-4.080900	-0.538275
-4.049314	-0.529747
-3.925816	-0.526589
-3.785260	-0.519956
-3.676922	-0.524062
-3.627965	-0.520588
-3.637440	-0.518377
-3.645337	-0.517429
-3.633650	-0.514586
-3.618173	-0.505742
-3.665551	-0.500057
-3.727775	-0.500373
-3.729038	-0.503847
-3.612804	-0.494687
-3.422343	-0.489634
-3.208510	-0.492476
-3.147866	-0.483633
-3.168396	-0.480790
-3.225882	-0.481422
-3.211668	-0.475736
-3.077746	-0.470998
-2.987412	-0.473841
-2.985832	-0.465629
-2.996256	-0.470367
-3.036685	-0.457732
-2.965618	-0.459943
-2.874336	-0.454890
-2.806743	-0.451100
-2.758417	-0.455837
-2.735676	-0.447625
-2.706617	-0.445730
-2.676295	-0.440992
-2.642814	-0.441308
-2.632075	-0.435939
-2.625758	-0.433412
-2.569536	-0.426463
-2.424875	-0.431517
-2.232835	-0.424568
-2.136815	-0.422357
-2.174402	-0.422041
-2.299796	-0.425831
-2.478886	-0.425199
-2.538266	-0.418251
-2.505418	-0.411934
-2.428033	-0.413197
-2.385077	-0.407512
-2.385393	-0.405932
-2.390446	-0.411618
-2.348122	-0.407512
-2.279897	-0.406564
-2.248312	-0.406564
-2.281477	-0.402142
-2.320643	-0.406248
-2.345911	-0.400563
-2.336435	-0.404353
-2.327907	-0.399931
-2.372127	-0.401195
-2.428981	-0.397088
-2.420768	-0.397088
-2.339594	-0.398036
-2.188616	-0.398352
-2.068907	-0.398984
-2.035426	-0.395825
-2.021844	-0.400563
-2.024371	-0.398036
-2.001314	-0.399931
-1.959305	-0.400879
-1.933405	-0.402142
-1.956146	-0.401195
-2.011421	-0.399299
-2.034794	-0.399299
-2.016475	-0.403090
-1.998155	-0.402458
-2.010789	-0.404353
-2.092280	-0.404985
-2.178508	-0.404985
-2.244522	-0.406248
-2.248944	-0.405932
-2.241995	-0.410670
-2.292216	-0.412249
-2.333593	-0.404353
-2.344648	-0.415092
-2.293795	-0.412249
-2.237573	-0.420777
-2.261578	-0.421093
-2.334856	-0.424568
-2.420137	-0.424252
-2.479833	-0.427095
-2.471305	-0.432148
-2.458671	-0.431201
-2.512366	-0.430569
-2.614388	-0.430253
-2.684823	-0.439097
-2.706617	-0.441624
-2.662081	-0.442887
-2.531318	-0.447309
-2.467831	-0.449836
-2.499732	-0.446046
-2.554059	-0.454574
-2.609018	-0.462470
-2.622916	-0.460575
-2.653869	-0.459943
-2.736623	-0.460891
-2.859491	-0.470051
-2.976673	-0.473209
-3.059427	-0.475420
-3.048056	-0.480790
-3.061006	-0.489950
-3.165554	-0.481422
-3.379071	-0.488370
-3.563846	-0.491529
-3.645337	-0.494056
-3.621016	-0.498478
-3.566373	-0.494056
-3.579007	-0.502268
-3.554686	-0.503531
-3.534788	-0.504795
-3.458035	-0.509533
-3.404024	-0.517745
-3.464668	-0.517745
-3.595747	-0.520903
-3.724616	-0.521535
-3.816846	-0.529116
-3.821899	-0.525957
-3.850958	-0.533538
-3.918867	-0.534485
-4.054052	-0.552805
-4.196187	-0.543329
-4.185132	-0.549014
-4.137122	-0.547751
-4.150704	-0.549014
-4.225562	-0.556595
-4.350640	-0.563544
-4.496249	-0.556595
-4.552787	-0.556595
-4.468138	-0.562912
-4.396123	-0.564807
-4.376856	-0.570808
-4.328530	-0.565123
-4.227457	-0.569229
-4.082163	-0.572704
-3.935607	-0.577441
-3.970035	-0.564175
-4.154178	-0.579968
-4.364538	-0.582495
-4.533204	-0.569229
-4.642174	-0.585654
-4.775148	-0.575862
-4.929917	-0.585338
-5.058470	-0.591655
-5.117535	-0.588812
-5.043309	-0.591023
-4.921705	-0.589760
-4.892015	-0.595129
-4.972873	-0.595761
-5.051205	-0.594813
-5.084370	-0.597656
-5.089740	-0.595445
-5.077421	-0.596393
-5.098584	-0.600815
-5.129853	-0.597024
-5.120693	-0.593866
-4.991825	-0.604605
-4.701870	-0.598288
-4.390753	-0.599551
-4.204399	-0.598288
-4.254936	-0.600815
-4.504461	-0.592287
-4.750828	-0.593550
-4.878749	-0.588812
-4.822526	-0.591655
-4.759040	-0.589444
-4.771990	-0.593866
-4.835161	-0.591655
-4.905281	-0.592918
-4.840846	-0.588180
-4.734087	-0.587865
-4.741668	-0.585654
-4.849690	-0.585022
-4.927391	-0.582179
-4.902438	-0.584390
-4.693342	-0.586285
-4.477298	-0.580600
-4.335479	-0.575862
-4.280520	-0.567966
-4.198082	-0.573651
-4.085322	-0.568913
-4.012676	-0.568282
-3.993408	-0.566386
-4.009833	-0.562912
-4.091323	-0.558490
-4.179762	-0.558490
-4.247987	-0.545540
-4.313369	-0.557227
-4.382857	-0.551225
-4.415706	-0.547119
-4.370539	-0.552489
-4.241354	-0.549646
-3.988671	-0.542066
-3.766309	-0.541750
-3.696505	-0.534485
-3.767572	-0.526273
-3.923289	-0.531958
-3.949821	-0.526589
-3.906549	-0.527536
-3.880648	-0.517113
-3.856959	-0.511744
-3.806422	-0.509217
-3.691452	-0.511744
-3.524049	-0.507638
-3.380966	-0.503531
-3.349065	-0.500373
-3.414447	-0.494687
-3.491515	-0.493740
-3.528786	-0.488055
-3.491515	-0.492161
-3.431503	-0.482685
-3.394548	-0.490581
-3.336115	-0.484264
-3.262205	-0.478895
-3.073640	-0.471314
-2.790634	-0.471314
-2.604280	-0.470683
-2.574274	-0.464365
-2.654501	-0.461523
-2.770736	-0.464365
-2.835486	-0.454890
-2.821904	-0.452047
-2.739150	-0.449836
-2.682296	-0.451100
-2.617546	-0.447309
-2.519315	-0.437518
-2.383498	-0.441308
-2.272317	-0.440676
-2.226834	-0.436886
-2.278950	-0.432780
-2.363915	-0.434675
-2.440036	-0.428990
-2.483308	-0.428358
-2.477938	-0.424568
-2.471621	-0.425515
-2.454249	-0.422673
-2.431508	-0.416040
-2.338962	-0.412565
-2.224307	-0.413829
-2.213568	-0.414145
-2.241047	-0.411302
-2.273264	-0.406880
-2.245469	-0.398984
-2.112494	-0.409407
-1.967833	-0.406564
-1.865812	-0.404353
-1.863601	-0.401826
-1.878446	-0.403090
-1.880341	-0.398668
-1.832332	-0.406880
-1.778005	-0.403721
-1.770424	-0.392982
-1.821908	-0.394562
-1.918876	-0.399299
-2.028793	-0.399299
-2.115021	-0.393930
-2.183878	-0.396773
-2.241679	-0.398668
-2.299480	-0.403090
-2.312746	-0.400563
-2.271685	-0.398668
-2.212936	-0.394562
-2.158609	-0.396457
-2.173770	-0.401510
-2.234414	-0.403090
-2.243258	-0.405301
-2.184825	-0.404353
-2.087226	-0.406248
-2.051535	-0.405301
-2.100492	-0.403090
-2.154187	-0.403721
-2.182930	-0.408775
-2.090385	-0.410670
-1.971308	-0.410986
-1.944144	-0.414776
-1.957094	-0.418882
-2.038269	-0.417619
-2.172507	-0.417619
-2.300428	-0.419830
-2.386024	-0.425515
-2.464672	-0.424568
-2.549006	-0.427726
-2.618494	-0.432780
-2.656712	-0.434043
-2.700616	-0.426779
-2.750837	-0.437518
-2.835486	-0.433096
-2.916344	-0.443203
-2.993729	-0.445414
-2.976041	-0.451731
-2.908448	-0.446678
-2.854753	-0.452995
-2.845277	-0.457101
-2.815903	-0.459628
-2.785897	-0.459312
-2.679453	-0.462786
-2.581223	-0.464681
-2.526896	-0.465629
-2.555954	-0.469419
-2.667451	-0.476052
-2.808322	-0.474157
-2.939718	-0.480790
-3.082800	-0.487107
-3.233462	-0.486475
-3.370227	-0.490897
-3.443506	-0.487739
-3.464352	-0.498478
-3.431503	-0.499741
-3.389179	-0.502268
-3.422659	-0.504795
-3.487725	-0.509848
-3.610593	-0.509848
-3.653865	-0.516797
-3.656392	-0.523430
-3.653233	-0.525010
-3.693031	-0.526905
-3.734408	-0.533538
-3.761887	-0.533538
-3.707244	-0.531327
-3.609013	-0.541434
-3.569532	-0.543013
-3.613751	-0.541750
-3.727775	-0.545224
-3.863908	-0.544277
-3.978247	-0.546488
-4.078057	-0.555332
-4.203768	-0.557858
-4.329793	-0.560385
-4.447923	-0.555963
-4.462768	-0.561017
-4.369591	-0.567334
-4.321897	-0.564175
-4.403388	-0.575546
-4.530993	-0.568913
-4.653229	-0.581232
-4.639331	-0.575230
-4.587531	-0.583758
-4.573949	-0.578705
-4.603323	-0.582811
-4.606798	-0.584074
-4.539521	-0.586601
-4.431815	-0.587549
-4.389490	-0.590076
-4.380646	-0.586917
-4.442870	-0.594498
-4.526887	-0.591339
-4.625117	-0.596393
-4.676286	-0.588812
-4.663020	-0.598288
-4.736614	-0.597340
-4.822211	-0.591339
-4.886329	-0.591971
-4.885382	-0.590707
-4.765989	-0.601130
-4.683235	-0.596393
-4.762198	-0.598604
-4.905281	-0.597340
-5.071736	-0.590076
-5.116587	-0.599235
-5.086581	-0.597024
-5.038255	-0.600499
-5.032886	-0.598604
-5.004143	-0.597024
-4.841478	-0.600183
-4.615010	-0.601446
-4.388543	-0.600183
-4.289048	-0.595761
-4.328846	-0.592918
-4.402124	-0.596077
-4.476982	-0.590391
-4.486457	-0.594498
-4.518043	-0.585654
-4.579319	-0.584706
-4.615326	-0.591023
-4.588162	-0.583127
-4.463716	-0.583127
-4.363906	-0.576178
-4.384436	-0.574915
-4.500987	-0.572072
-4.611852	-0.573019
-4.636172	-0.576494
-4.511726	-0.568282
-4.329793	-0.565439
-4.237248	-0.556595
-4.254620	-0.563228
-4.292839	-0.558490
-4.324740	-0.552173
-4.265043	-0.543645
-4.200293	-0.555016
-4.162391	-0.547751
-4.175025	-0.545224
-4.169339	-0.545224
-4.164917	-0.540802
-4.076478	-0.540486
-3.958664	-0.541118
-3.864856	-0.531327
-3.817793	-0.528168
-3.792841	-0.527220
-3.657023	-0.522799
-3.511414	-0.516166
-3.371491	-0.514270
-3.322217	-0.521219
-3.363595	-0.510480
-3.399918	-0.506690
-3.411288	-0.503216
-3.351276	-0.500373
-3.279261	-0.498478
-3.282736	-0.493740
-3.324744	-0.481422
-3.320638	-0.491529
-3.195560	-0.480158
-2.984253	-0.483948
-2.837065	-0.477631
-2.767577	-0.475104
-2.826642	-0.468156
-2.919819	-0.468156
-2.960248	-0.469419
-2.990254	-0.472578
-3.030052	-0.461523
-3.060058	-0.454574
-3.051846	-0.456153
-2.963722	-0.452363
-2.838012	-0.450468
-2.725568	-0.440360
-2.716724	-0.446993
-2.724305	-0.441624
-2.701247	-0.440676
-2.632391	-0.432464
-2.527527	-0.435307
-2.427717	-0.430885
-2.379708	-0.430253
-2.333909	-0.428990
-2.295058	-0.425831
-2.205356	-0.424884
-2.120391	-0.423620
-2.105862	-0.422041
-2.140290	-0.414460
-2.225886	-0.422041
-2.285267	-0.413197
-2.308640	-0.414776
-2.308956	-0.410986
-2.323485	-0.413197
-2.369600	-0.405932
-2.357282	-0.408459
-2.303271	-0.410670
-2.182298	-0.398036
-2.101755	-0.396141
-2.129867	-0.398036
-2.241995	-0.399299
-2.349701	-0.398668
-2.380971	-0.402774
-2.345595	-0.398668
-2.293479	-0.393614
-2.231888	-0.404985
-2.230624	-0.404353
-2.188931	-0.398036
-2.044270	-0.398352
-1.914770	-0.398984
-1.876551	-0.397720
-1.885711	-0.395509
-1.917612	-0.393298
-1.944776	-0.401195
-1.961200	-0.401195
-1.971939	-0.398668
-2.020265	-0.401510
-2.072065	-0.402774
-2.114706	-0.405932
-2.143764	-0.405616
-2.103019	-0.402774
-2.038584	-0.405932
-2.065748	-0.406880
-2.175034	-0.410038
-2.291584	-0.410354
-2.356966	-0.411618
-2.374022	-0.416356
-2.397395	-0.411934
-2.392026	-0.420462
-2.357913	-0.414460
-2.302323	-0.418567
-2.231888	-0.417935
-2.161768	-0.427095
-2.130498	-0.427410
-2.194301	-0.430253
-2.296954	-0.432780
-2.386972	-0.432780
-2.434666	-0.437834
-2.446353	-0.440360
-2.522474	-0.441624
-2.657028	-0.442571
-2.818114	-0.447309
-2.906553	-0.449836
-2.870229	-0.452047
-2.839276	-0.457732
-2.867071	-0.454574
-2.959301	-0.457732
-3.115017	-0.463102
-3.193665	-0.459628
-3.219565	-0.472578
-3.212300	-0.474473
-3.223671	-0.483001
-3.260310	-0.478895
-3.254941	-0.488686
-3.186400	-0.487739
-3.135863	-0.488370
-3.176609	-0.493424
-3.274208	-0.494687
-3.390442	-0.501005
-3.461194	-0.500373
-3.489620	-0.504163
-3.546474	-0.509848
-3.648811	-0.508269
-3.760624	-0.512375
-3.855064	-0.514586
-3.842746	-0.519956
-3.737566	-0.517745
-3.710087	-0.527852
-3.753043	-0.526589
-3.857591	-0.532590
-3.976984	-0.535749
-4.048051	-0.536064
-4.058158	-0.539855
-4.006990	-0.537644
-3.995619	-0.545224
-3.992461	-0.549014
-3.964982	-0.550910
-3.888860	-0.556279
-3.818741	-0.555647
-3.818425	-0.559122
-3.892335	-0.561649
-4.016150	-0.569229
-4.151651	-0.566071
-4.258410	-0.572704
-4.366117	-0.569861
-4.499092	-0.572704
-4.598586	-0.573651
-4.640910	-0.573651
-4.594480	-0.579652
-4.454872	-0.582179
-4.346218	-0.584074
-4.404967	-0.584706
-4.571738	-0.590076
-4.754618	-0.581863
-4.874959	-0.583127
-4.909702	-0.591655
-4.900227	-0.589128
-4.878433	-0.591339
-4.813367	-0.592918
-4.718295	-0.585654
-4.556893	-0.596393
-4.414758	-0.595761
-4.377803	-0.597656
-4.457399	-0.591023
-4.593532	-0.600499
-4.731245	-0.596393
-4.827896	-0.594498
-4.926443	-0.598288
-5.083738	-0.597656
-5.273567	-0.597972
-5.369587	-0.603341
-5.326631	-0.597340
-5.215134	-0.596077
-5.065103	-0.602078
-5.045520	-0.596393
-5.094793	-0.595445
-5.111217	-0.593234
-5.044888	-0.587865
-4.923916	-0.594182
-4.785888	-0.592602
-4.694605	-0.587865
-4.580582	-0.585022
-4.488037	-0.590076
-4.344954	-0.586601
-4.223035	-0.587549
-4.214822	-0.584390
-4.263780	-0.582811
-4.370539	-0.575230
-4.437184	-0.577125
-4.444133	-0.576810
-4.458662	-0.577757
-4.488984	-0.569545
-4.551208	-0.569861
-4.578371	-0.568913
-4.533520	-0.562912
-4.414443	-0.565123
-4.312737	-0.563860
-4.305157	-0.552173
-4.382857	-0.556595
-4.498460	-0.559753
-4.489616	-0.550594
-4.306105	-0.554384
-4.115013	-0.543961
-4.011728	-0.540486
-3.930553	-0.543961
-3.848431	-0.538275
-3.697137	-0.537012
-3.568900	-0.531958
-3.510467	-0.530063
-3.561635	-0.523430
-3.665867	-0.522483
-3.709139	-0.522167
-3.710719	-0.510164
-3.744199	-0.520272
-3.789682	-0.511112
-3.829164	-0.515850
-3.802316	-0.502900
-3.605855	-0.499741
-3.283051	-0.497530
-3.075219	-0.489634
-3.075535	-0.487739
-3.102383	-0.491529
-3.159868	-0.488055
-3.081536	-0.481737
-2.914133	-0.477000
-2.760312	-0.477000
-2.676927	-0.469419
-2.662081	-0.470998
-2.664924	-0.469419
-2.652922	-0.461207
-2.664292	-0.460575
-2.680085	-0.456785
-2.764418	-0.451100
-2.869914	-0.455837
-2.928031	-0.450152
-2.943824	-0.448573
-2.912238	-0.446993
-2.883811	-0.438465
-2.859175	-0.440360
-2.820009	-0.440045
-2.685139	-0.433412
-2.482044	-0.433412
-2.367705	-0.430253
-2.371495	-0.428990
-2.458671	-0.423620
-2.532581	-0.424568
-2.493099	-0.415092
-2.399922	-0.421409
-2.314010	-0.412249
-2.273896	-0.416671
-2.255261	-0.413829
-2.202829	-0.405616
-2.107441	-0.411934
-1.997208	-0.411302
-1.960253	-0.406248
-1.993101	-0.410354
-2.058483	-0.401195
-2.112810	-0.404985
-2.141869	-0.402458
-2.179456	-0.403721
-2.273264	-0.399931
-2.360756	-0.407196
-2.405607	-0.401510
-2.383182	-0.402142
-2.263789	-0.400247
-2.205040	-0.400563
-2.194617	-0.399931
-2.210409	-0.397720
-2.234414	-0.396457
-2.186404	-0.397404
-2.136815	-0.400563
-2.092911	-0.397720
-2.090701	-0.394246
-2.071433	-0.402458
-2.007315	-0.400563
-1.919823	-0.395193
-1.832016	-0.401195
-1.816539	-0.403721
-1.909084	-0.400247
-2.024687	-0.405932
-2.137131	-0.402458
-2.187036	-0.405301
-2.253366	-0.411302
-2.344964	-0.408775
-2.431508	-0.410670
-2.488361	-0.411934
-2.452038	-0.409407
-2.398343	-0.416987
-2.381603	-0.411618
-2.413820	-0.417303
-2.478254	-0.419514
-2.522789	-0.421409
-2.524053	-0.426779
-2.496574	-0.433728
-2.488361	-0.429937
-2.524685	-0.428990
-2.535740	-0.429621
-2.489941	-0.437834
-2.419189	-0.437202
-2.362651	-0.442256
-2.376233	-0.440360
-2.478886	-0.446993
-2.622916	-0.450152
-2.752416	-0.453311
-2.860438	-0.452995
-2.976989	-0.459312
-3.111227	-0.459312
-3.244201	-0.465629
-3.253993	-0.467208
-3.154183	-0.470683
-3.042686	-0.474473
-3.001941	-0.477631
-3.078694	-0.476684
-3.205983	-0.485212
-3.381598	-0.479526
-3.522785	-0.495319
-3.550580	-0.491529
-3.489620	-0.490897
-3.463720	-0.494687
-3.458351	-0.502900
-3.486146	-0.507638
-3.493726	-0.505427
-3.461194	-0.513007
-3.462773	-0.509848
-3.483619	-0.515218
-3.521206	-0.518377
-3.548369	-0.510796
-3.590694	-0.524694
-3.703138	-0.532274
-3.893598	-0.528800
-4.099220	-0.531011
-4.205663	-0.540170
-4.162391	-0.539223
-4.071424	-0.540486
-3.945714	-0.543961
-3.970035	-0.549014
-4.101747	-0.551225
-4.255252	-0.551541
-4.375908	-0.558174
-4.435921	-0.560069
-4.490248	-0.564491
-4.517095	-0.565755
-4.496249	-0.566702
-4.405914	-0.568597
-4.230615	-0.574283
-4.088165	-0.572704
-4.015834	-0.579021
-4.116591	-0.576494
-4.328214	-0.581863
-4.477929	-0.579652
-4.543943	-0.577757
-4.604903	-0.581232
-4.694605	-0.584074
-4.800101	-0.583127
-4.827896	-0.587865
-4.713872	-0.591023
-4.504777	-0.588180
-4.381909	-0.593234
-4.413811	-0.598288
-4.546786	-0.591655
-4.732192	-0.596708
-4.817473	-0.591655
-4.823158	-0.597024
-4.850638	-0.597656
-4.869589	-0.594182
-4.874959	-0.597340
-4.810524	-0.602078
-4.613431	-0.598604
-4.434657	-0.598288
-4.424866	-0.596393
-4.535099	-0.594182
-4.666179	-0.594498
-4.750512	-0.595445
-4.790941	-0.596393
-4.791257	-0.595761
-4.821895	-0.595761
-4.863272	-0.588812
-4.819368	-0.591339
-4.649754	-0.596077
-4.466875	-0.588812
-4.411600	-0.588812
-4.478877	-0.586601
-4.587215	-0.588812
-4.700291	-0.587233
-4.733456	-0.582495
-4.632066	-0.587865
-4.508251	-0.581863
-4.446028	-0.577125
-4.425813	-0.577441
-4.364222	-0.578073
-4.287153	-0.575546
-4.163023	-0.574915
-4.115960	-0.569545
-4.145650	-0.573335
-4.189238	-0.568913
-4.228404	-0.561333
-4.223035	-0.555332
-4.205347	-0.561017
-4.235353	-0.554700
-4.265043	-0.553436
-4.236932	-0.547435
-4.122909	-0.548383
-4.014886	-0.545224
-3.996251	-0.542382
-4.047104	-0.540802
-4.086901	-0.532906
-4.116276	-0.535117
-4.044577	-0.533222
-3.882544	-0.529116
-3.742304	-0.520588
-3.649127	-0.527220
-3.571111	-0.521851
-3.475723	-0.506374
-3.308320	-0.506058
-3.136179	-0.512375
-3.074272	-0.501636
-3.136495	-0.502268
-3.218301	-0.502900
-3.307056	-0.500689
-3.336747	-0.494056
-3.353171	-0.488370
-3.401181	-0.494372
-3.440347	-0.486475
-3.445401	-0.483001
-3.338010	-0.479842
-3.193980	-0.476052
-3.146602	-0.473209
-3.178819	-0.470051
-3.243254	-0.468156
-3.290632	-0.461839
-3.282104	-0.460259
-3.199034	-0.458048
-3.092591	-0.455206
-3.026893	-0.450468
-2.959301	-0.456153
-2.852542	-0.447625
-2.703143	-0.449836
-2.521210	-0.446678
-2.426770	-0.436886
-2.380023	-0.435939
-2.354755	-0.434675
-2.355071	-0.433412
-2.356966	-0.430253
-2.356334	-0.429306
-2.399606	-0.427726
-2.466568	-0.418567
-2.524685	-0.414776
-2.513946	-0.418567
-2.471937	-0.420462
-2.470358	-0.416356
-2.504154	-0.413197
-2.566377	-0.414776
-2.607439	-0.410354
-2.612808	-0.410670
-2.589751	-0.406564
-2.555323	-0.405301
-2.542688	-0.410038
-2.468778	-0.401826
-2.397711	-0.407512
-2.267263	-0.402142
-2.079330	-0.401195
-1.954567	-0.397088
-1.934984	-0.400247
-2.002577	-0.392351
-2.055957	-0.398352
-2.061326	-0.404037
-2.113442	-0.397404
-2.188300	-0.398036
-2.324749	-0.398352
-2.412556	-0.399615
-2.382234	-0.401195
-2.266000	-0.399299
-2.163031	-0.399931
-2.135552	-0.401826
-2.170296	-0.398036
-2.204092	-0.399615
-2.153240	-0.408775
-2.090385	-0.402774
-2.057536	-0.403090
-2.097649	-0.400563
-2.101124	-0.403721
-2.081857	-0.404037
-1.997523	-0.403090
-1.927088	-0.402142
-1.930878	-0.410986
-1.983626	-0.411618
-2.080277	-0.410038
-2.162715	-0.416356
-2.217990	-0.418567
-2.266632	-0.421093
-2.353492	-0.417303
-2.443194	-0.418251
-2.501943	-0.427410
-2.482992	-0.427726
-2.437825	-0.434991
-2.448880	-0.429621
-2.563535	-0.432780
-2.701879	-0.434043
-2.830748	-0.439729
-2.895498	-0.441940
-2.876231	-0.445414
-2.830748	-0.450468
-2.833906	-0.453311
-2.868335	-0.450784
-2.876231	-0.452679
-2.831379	-0.461523
-2.796320	-0.463734
-2.767893	-0.464050
-2.797267	-0.467208
-2.850015	-0.468156
-2.845593	-0.472578
-2.852226	-0.474473
-2.899288	-0.482053
-3.001309	-0.482053
-3.143444	-0.482685
-3.257467	-0.492161
-3.305793	-0.492161
-3.267259	-0.494056
-3.243570	-0.497846
-3.290000	-0.503216
-3.384441	-0.507322
-3.498148	-0.510164
-3.549633	-0.511428
-3.532577	-0.519324
-3.516784	-0.517113
-3.566057	-0.518692
-3.636177	-0.524378
-3.652286	-0.525010
-3.618805	-0.530695
-3.597327	-0.528800
-3.643441	-0.533853
-3.762519	-0.543961
-3.908443	-0.540170
-4.073636	-0.542382
-4.188291	-0.552173
-4.236300	-0.548383
-4.310211	-0.550910
-4.325687	-0.555963
-4.282415	-0.557227
-4.219876	-0.556279
-4.189554	-0.562596
-4.247040	-0.562280
-4.379067	-0.563544
-4.544259	-0.566702
-4.675023	-0.566702
-4.657967	-0.574915
-4.562894	-0.578073
-4.512989	-0.575546
-4.526255	-0.580284
-4.555945	-0.579652
-4.522780	-0.581232
-4.449186	-0.584706
-4.368644	-0.579336
-4.338953	-0.585654
-4.387911	-0.591971
-4.470665	-0.587865
-4.555314	-0.594498
-4.620696	-0.595761
-4.683551	-0.597024
-4.782729	-0.595129
-4.856007	-0.593234
-4.879380	-0.593234
-4.828528	-0.598919
-4.734719	-0.595445
-4.730929	-0.595761
-4.809261	-0.593866
-4.914124	-0.596708
-4.994983	-0.600499
-4.950448	-0.595445
-4.813999	-0.597972
-4.738194	-0.593234
-4.775148	-0.601446
-4.801680	-0.597024
-4.713241	-0.593866
-4.553102	-0.594182
-4.425813	-0.598919
-4.428656	-0.592918
